-0.316978 -0.639484 0.00455908
-0.204036 -0.695004 0.00441494
-0.205875 -0.693269 0.00429968
-0.211976 -0.689454 0.00418884
-0.222106 -0.683704 0.0040867
-0.235874 -0.67624 0.00399716
-0.252752 -0.66735 0.00392369
-0.272091 -0.657374 0.00386909
-0.293148 -0.646697 0.00383546
-0.315113 -0.635728 0.00382411
-0.337143 -0.624889 0.00383546
-0.358391 -0.614597 0.00386908
-0.378041 -0.605247 0.00392367
-0.395336 -0.597198 0.00399715
-0.409614 -0.59076 0.00408668
-0.420324 -0.58618 0.00418882
-0.427057 -0.583634 0.00429965
-0.429551 -0.58322 0.00441492
-0.427713 -0.584954 0.00453018
-0.421612 -0.588769 0.00464102
-0.411484 -0.594519 0.00474317
-0.397716 -0.601982 0.0048327
-0.380839 -0.610872 0.00490618
-0.3615 -0.620847 0.00496079
-0.340444 -0.631525 0.00499442
-0.318479 -0.642493 0.00500578
-0.296449 -0.653332 0.00499443
-0.2752 -0.663625 0.00496082
-0.255551 -0.672975 0.00490623
-0.238254 -0.681024 0.00483276
-0.223976 -0.687463 0.00474323
-0.213264 -0.692043 0.00464109
-0.206531 -0.694589 0.00453026
-0.0950639 -0.747644 0.00398807
-0.0986717 -0.744242 0.00376197
-0.11064 -0.736758 0.00354456
-0.13051 -0.725479 0.00334419
-0.157518 -0.710839 0.00316857
-0.190625 -0.6934 0.00302443
-0.22856 -0.673832 0.00291733
-0.269864 -0.652888 0.00285138
-0.312951 -0.631371 0.0028291
-0.356164 -0.61011 0.00285137
-0.397843 -0.589922 0.00291731
-0.436387 -0.571581 0.00302441
-0.470314 -0.555792 0.00316853
-0.498321 -0.543164 0.00334415
-0.51933 -0.53418 0.00354451
-0.532536 -0.529186 0.00376192
-0.537429 -0.528373 0.00398802
-0.533824 -0.531774 0.00421412
-0.521857 -0.539258 0.00443153
-0.501988 -0.550536 0.0046319
-0.474982 -0.565176 0.00480753
-0.441876 -0.582614 0.00495167
-0.403943 -0.602182 0.00505878
-0.362639 -0.623126 0.00512475
-0.319552 -0.644642 0.00514703
-0.276339 -0.665903 0.00512478
-0.234659 -0.686092 0.00505884
-0.196114 -0.704434 0.00495176
-0.162186 -0.720223 0.00480764
-0.134178 -0.732852 0.00463203
-0.113167 -0.741837 0.00443167
-0.0999599 -0.746832 0.00421427
-0.0950642 -0.747645 0.00398817
-0.0986682 -0.744245 0.00376207
-0.110633 -0.736762 0.00354465
-0.1305 -0.725485 0.00334427
-0.157505 -0.710846 0.00316864
-0.190609 -0.693408 0.00302449
-0.228542 -0.673841 0.00291737
-0.269845 -0.652897 0.0028514
-0.312931 -0.631381 0.0028291
-0.356145 -0.61012 0.00285135
-0.397826 -0.58993 0.00291727
-0.436371 -0.571588 0.00302435
-0.4703 -0.555799 0.00316846
-0.49831 -0.543168 0.00334406
-0.519323 -0.534183 0.00354442
-0.532532 -0.529187 0.00376182
-0.537429 -0.528373 0.00398792
-0.533827 -0.531772 0.00421402
-0.521864 -0.539254 0.00443144
-0.501999 -0.55053 0.00463182
-0.474996 -0.565169 0.00480746
-0.441892 -0.582606 0.00495162
-0.40396 -0.602173 0.00505875
-0.362658 -0.623116 0.00512473
-0.319572 -0.644632 0.00514703
-0.276358 -0.665894 0.0051248
-0.234677 -0.686084 0.00505888
-0.19613 -0.704426 0.00495181
-0.1622 -0.720216 0.00480771
-0.134189 -0.732847 0.00463211
-0.113175 -0.741834 0.00443176
0.0057491 -0.795384 0.00329486
0.000511432 -0.790445 0.00296661
-0.0168646 -0.779579 0.00265098
-0.0457113 -0.763205 0.00236009
-0.0849201 -0.74195 0.00210513
-0.132984 -0.716632 0.00189588
-0.188057 -0.688225 0.00174039
-0.248021 -0.657818 0.00164464
-0.310574 -0.626582 0.0016123
-0.37331 -0.595715 0.00164463
-0.433819 -0.566406 0.00174036
-0.489776 -0.539779 0.00189584
-0.53903 -0.516858 0.00210507
-0.579689 -0.498523 0.00236003
-0.610191 -0.485481 0.00265091
-0.629362 -0.47823 0.00296654
-0.636467 -0.477051 0.00329479
-0.631232 -0.481989 0.00362303
-0.613858 -0.492853 0.00393867
-0.585014 -0.509227 0.00422957
-0.545807 -0.53048 0.00448454
-0.497745 -0.555797 0.0046938
-0.442674 -0.584205 0.0048493
-0.38271 -0.614611 0.00494507
-0.320158 -0.645847 0.00497742
-0.257422 -0.676714 0.00494511
-0.196912 -0.706024 0.00484938
-0.140954 -0.732652 0.00469392
-0.0916974 -0.755573 0.0044847
-0.0510363 -0.773909 0.00422975
-0.0205327 -0.786953 0.00393887
-0.00135874 -0.794204 0.00362325
0.00574868 -0.795385 0.00329501
0.000516461 -0.790449 0.00296676
-0.0168543 -0.779586 0.00265112
-0.0456962 -0.763213 0.00236021
-0.0849007 -0.741961 0.00210523
-0.132961 -0.716644 0.00189596
-0.188031 -0.688238 0.00174045
-0.247994 -0.657832 0.00164467
-0.310546 -0.626595 0.0016123
-0.373282 -0.595729 0.0016446
-0.433793 -0.566418 0.00174031
-0.489753 -0.53979 0.00189576
-0.53901 -0.516867 0.00210497
-0.579674 -0.49853 0.00235991
-0.61018 -0.485485 0.00265078
-0.629356 -0.478232 0.0029664
-0.636466 -0.477051 0.00329464
-0.631237 -0.481985 0.00362289
-0.613869 -0.492847 0.00393854
-0.585029 -0.509218 0.00422944
-0.545827 -0.53047 0.00448444
-0.497768 -0.555785 0.00469372
-0.442699 -0.584191 0.00484924
-0.382737 -0.614597 0.00494504
-0.320186 -0.645833 0.00497742
-0.257449 -0.6767 0.00494514
-0.196938 -0.706011 0.00484944
-0.140977 -0.732641 0.004694
-0.0917174 -0.755564 0.0044848
-0.0510521 -0.773902 0.00422987
-0.0205437 -0.786948 0.00393901
-0.00136459 -0.794202 0.00362339
0.00574826 -0.795386 0.00329515
0.000521486 -0.790452 0.0029669
-0.0168441 -0.779592 0.00265125
-0.0456811 -0.763222 0.00236034
-0.0848813 -0.741971 0.00210533
-0.132938 -0.716656 0.00189604
-0.188006 -0.688251 0.0017405
-0.247967 -0.657846 0.0016447
-0.310518 -0.626609 0.0016123
-0.373255 -0.595742 0.00164457
-0.433767 -0.56643 0.00174025
-0.489729 -0.539801 0.00189568
-0.53899 -0.516876 0.00210487
-0.579658 -0.498537 0.00235979
-0.610169 -0.48549 0.00265064
-0.62935 -0.478234 0.00296626
-0.636466 -0.47705 0.00329449
-0.631242 -0.481982 0.00362275
-0.613879 -0.492841 0.0039384
-0.585044 -0.50921 0.00422932
-0.545846 -0.53046 0.00448434
-0.497791 -0.555773 0.00469364
-0.442725 -0.584178 0.00484919
-0.382764 -0.614583 0.00494501
-0.320214 -0.64582 0.00497742
-0.257476 -0.676687 0.00494517
-0.196964 -0.705999 0.0048495
0.0945294 -0.836387 0.00236196
0.0878632 -0.830102 0.00194418
0.0657476 -0.816272 0.00154246
0.0290327 -0.795431 0.00117222
-0.0208708 -0.768379 0.000847712
-0.082045 -0.736156 0.00058139
-0.152139 -0.699999 0.000383493
-0.22846 -0.661299 0.000261624
-0.308074 -0.621543 0.000220468
-0.387922 -0.582257 0.000261606
-0.464935 -0.544953 0.000383457
-0.536155 -0.511063 0.000581339
-0.598844 -0.48189 0.000847647
-0.650593 -0.458555 0.00117215
-0.689414 -0.441955 0.00154237
-0.713815 -0.432727 0.00194409
-0.722857 -0.431227 0.00236187
-0.716194 -0.437511 0.00277965
-0.694082 -0.451338 0.00318137
-0.65737 -0.472178 0.00355161
-0.60747 -0.499229 0.00387614
-0.546298 -0.531451 0.00414247
-0.476205 -0.567607 0.00434039
-0.399886 -0.606307 0.00446227
-0.320272 -0.646063 0.00450345
-0.240424 -0.685349 0.00446233
-0.163409 -0.722654 0.0043405
-0.0921878 -0.756544 0.00414263
-0.0294966 -0.785718 0.00387634
0.0222552 -0.809055 0.00355185
0.061079 -0.825657 0.00318163
0.0854829 -0.834886 0.00277992
0.0945289 -0.836389 0.00236214
0.0878696 -0.830106 0.00194436
0.0657607 -0.81628 0.00154263
0.0290519 -0.795442 0.00117238
-0.0208461 -0.768392 0.000847844
-0.0820158 -0.736171 0.000581494
-0.152107 -0.700016 0.000383564
-0.228425 -0.661317 0.00026166
-0.308038 -0.62156 0.000220468
-0.387887 -0.582274 0.00026157
-0.464902 -0.544969 0.000383386
-0.536125 -0.511077 0.000581236
-0.598819 -0.481902 0.000847515
-0.650573 -0.458564 0.00117199
-0.6894 -0.441961 0.0015422
-0.713807 -0.43273 0.00194391
-0.722857 -0.431226 0.00236168
-0.716201 -0.437506 0.00277946
-0.694095 -0.451331 0.0031812
-0.65739 -0.472167 0.00355146
-0.607494 -0.499216 0.00387601
-0.546327 -0.531436 0.00414237
-0.476238 -0.56759 0.00434032
-0.39992 -0.606289 0.00446224
-0.320308 -0.646046 0.00450345
-0.240459 -0.685332 0.00446237
-0.163442 -0.722638 0.00434057
-0.0922176 -0.75653 0.00414273
-0.0295221 -0.785707 0.00387647
0.0222351 -0.809046 0.003552
0.061065 -0.825651 0.0031818
0.0854754 -0.834884 0.0027801
0.0945284 -0.83639 0.00236233
0.0878759 -0.83011 0.00194454
0.0657738 -0.816288 0.0015428
0.0290712 -0.795453 0.00117253
-0.0208214 -0.768406 0.000847975
-0.0819866 -0.736186 0.000581597
-0.152074 -0.700033 0.000383635
-0.22839 -0.661334 0.000261697
-0.308003 -0.621578 0.000220468
-0.387852 -0.582291 0.000261534
-0.464869 -0.544985 0.000383315
-0.536096 -0.511091 0.000581132
-0.598793 -0.481914 0.000847384
-0.650553 -0.458573 0.00117184
-0.689386 -0.441966 0.00154203
-0.7138 -0.432732 0.00194372
-0.722856 -0.431224 0.00236149
-0.716207 -0.437502 0.00277928
-0.694108 -0.451323 0.00318103
-0.657409 -0.472157 0.00355131
-0.607519 -0.499202 0.00387588
-0.546356 -0.531421 0.00414227
-0.47627 -0.567574 0.00434025
-0.399955 -0.606272 0.0044622
-0.320343 -0.646028 0.00450345
-0.240494 -0.685315 0.0044624
-0.163475 -0.722622 0.00434064
-0.0922474 -0.756516 0.00414284
-0.0295475 -0.785695 0.0038766
0.0222149 -0.809037 0.00355216
0.0610509 -0.825645 0.00318198
0.085468 -0.834881 0.00278028
0.0945278 -0.836391 0.00236252
0.0878823 -0.830115 0.00194473
0.0657868 -0.816295 0.00154297
0.0290904 -0.795463 0.00117269
-0.0207967 -0.768419 0.000848107
-0.0819574 -0.736202 0.0005817
-0.152041 -0.700049 0.000383706
-0.228356 -0.661352 0.000261733
-0.307967 -0.621595 0.000220468
-0.387817 -0.582308 0.000261497
-0.464837 -0.545001 0.000383244
-0.536066 -0.511105 0.000581029
-0.598768 -0.481925 0.000847253
-0.650533 -0.458582 0.00117168
-0.689372 -0.441972 0.00154186
-0.713792 -0.432734 0.00194354
-0.722856 -0.431223 0.00236131
-0.716214 -0.437497 0.0027791
-0.694121 -0.451315 0.00318086
-0.657428 -0.472146 0.00355115
0.167865 -0.86908 0.00122521
0.160027 -0.861688 0.000733957
0.134022 -0.845427 0.000261578
0.0908492 -0.82092 -0.000173769
0.0321689 -0.78911 -0.000555355
-0.0397645 -0.751219 -0.000868517
-0.122187 -0.708704 -0.00110122
-0.21193 -0.663197 -0.00124452
-0.305547 -0.616448 -0.00129292
-0.399438 -0.570254 -0.00124454
-0.489997 -0.526388 -0.00110126
-0.573743 -0.486538 -0.000868578
-0.647457 -0.452234 -0.000555432
-0.708308 -0.424795 -0.00017386
-0.753956 -0.405275 0.000261478
-0.782648 -0.394424 0.000733849
-0.793281 -0.39266 0.0012251
-0.785447 -0.400049 0.00171636
-0.759445 -0.416309 0.00218875
-0.716277 -0.440814 0.0026241
-0.6576 -0.472622 0.0030057
-0.585669 -0.510512 0.00331888
-0.503249 -0.553026 0.0035516
-0.413506 -0.598533 0.00369493
-0.31989 -0.645281 0.00374334
-0.225999 -0.691476 0.00369499
-0.135439 -0.735342 0.00355173
-0.0516912 -0.775194 0.00331906
0.0220259 -0.809499 0.00300594
0.0828798 -0.83694 0.00262438
0.128532 -0.856462 0.00218905
0.157228 -0.867314 0.00171668
0.167865 -0.869081 0.00122543
0.160034 -0.861693 0.000734171
0.134037 -0.845436 0.00026178
0.0908719 -0.820933 -0.000173587
0.032198 -0.789126 -0.000555201
-0.0397302 -0.751237 -0.000868396
-0.122148 -0.708723 -0.00110114
-0.211889 -0.663218 -0.00124448
-0.305505 -0.616469 -0.00129292
-0.399397 -0.570274 -0.00124459
-0.489958 -0.526407 -0.00110135
-0.573708 -0.486555 -0.0008687
-0.647427 -0.452248 -0.000555587
-0.708284 -0.424806 -0.000174041
-0.75394 -0.405282 0.000261276
-0.78264 -0.394427 0.000733635
-0.793281 -0.392659 0.00122489
-0.785454 -0.400044 0.00171615
-0.759461 -0.4163 0.00218854
-0.716299 -0.440801 0.00262392
-0.657629 -0.472607 0.00300555
-0.585703 -0.510494 0.00331876
-0.503287 -0.553007 0.00355152
-0.413547 -0.598512 0.00369489
-0.319932 -0.645261 0.00374334
-0.22604 -0.691456 0.00369503
-0.135478 -0.735324 0.00355181
-0.0517262 -0.775177 0.00331919
0.021996 -0.809485 0.00300609
0.0828561 -0.836929 0.00262456
0.128515 -0.856455 0.00218925
0.157219 -0.867311 0.0017169
0.167864 -0.869082 0.00122565
0.160042 -0.861699 0.000734385
0.134052 -0.845445 0.000261982
0.0908945 -0.820945 -0.000173405
0.032227 -0.789141 -0.000555046
-0.0396958 -0.751255 -0.000868275
-0.12211 -0.708743 -0.00110105
-0.211849 -0.663238 -0.00124444
-0.305463 -0.61649 -0.00129292
-0.399356 -0.570294 -0.00124463
-0.489919 -0.526426 -0.00110143
-0.573673 -0.486571 -0.000868821
-0.647397 -0.452262 -0.000555741
-0.708261 -0.424816 -0.000174223
-0.753923 -0.405289 0.000261074
-0.782631 -0.39443 0.000733421
-0.79328 -0.392657 0.00122467
-0.785462 -0.400039 0.00171593
-0.759476 -0.416291 0.00218834
-0.716322 -0.440789 0.00262374
-0.657658 -0.472591 0.00300539
-0.585738 -0.510476 0.00331864
-0.503325 -0.552987 0.00355144
-0.413588 -0.598492 0.00369484
-0.319974 -0.64524 0.00374334
-0.226081 -0.691436 0.00369508
-0.135516 -0.735305 0.0035519
-0.0517613 -0.775161 0.00331931
0.0219661 -0.809471 0.00300624
0.0828324 -0.836919 0.00262474
0.128499 -0.856448 0.00218945
0.15721 -0.867309 0.00171711
0.167864 -0.869083 0.00122587
0.160049 -0.861704 0.0007346
0.134068 -0.845454 0.000262184
0.0909172 -0.820958 -0.000173224
0.032256 -0.789157 -0.000554892
-0.0396615 -0.751273 -0.000868153
-0.122072 -0.708763 -0.00110097
-0.211808 -0.663259 -0.0012444
-0.305422 -0.61651 -0.00129292
-0.399315 -0.570314 -0.00124467
-0.489881 -0.526444 -0.00110151
-0.573637 -0.486588 -0.000868942
-0.647367 -0.452276 -0.000555896
-0.708237 -0.424827 -0.000174405
-0.753907 -0.405295 0.000260872
-0.782622 -0.394433 0.000733206
-0.793279 -0.392656 0.00122445
-0.785469 -0.400034 0.00171572
-0.759492 -0.416282 0.00218814
-0.716345 -0.440776 0.00262356
-0.657687 -0.472576 0.00300524
-0.585772 -0.510458 0.00331852
-0.503364 -0.552968 0.00355135
-0.413629 -0.598471 0.0036948
-0.320016 -0.645219 0.00374334
-0.226122 -0.691416 0.00369512
-0.135555 -0.735287 0.00355198
-0.0517963 -0.775144 0.00331943
0.0219361 -0.809458 0.0030064
0.0828087 -0.836908 0.00262492
0.128482 -0.856441 0.00218965
0.157202 -0.867306 0.00171733
0.167863 -0.869085 0.00122609
0.160057 -0.861709 0.000734814
0.134083 -0.845463 0.000262386
0.0909398 -0.82097 -0.000173042
0.0322851 -0.789172 -0.000554737
-0.0396272 -0.751291 -0.000868032
-0.122034 -0.708782 -0.00110089
-0.211767 -0.663279 -0.00124435
0.222939 -0.892204 -7.16935e-05
0.214229 -0.883991 -0.000617549
0.185333 -0.865922 -0.00114243
0.137363 -0.838692 -0.00162616
0.0721607 -0.803346 -0.00205016
-0.00776764 -0.761244 -0.00239813
-0.0993505 -0.714003 -0.00265669
-0.199068 -0.663439 -0.00281592
-0.30309 -0.611494 -0.0028697
-0.407417 -0.560165 -0.00281595
-0.50804 -0.511425 -0.00265674
-0.601094 -0.467146 -0.00239819
-0.683001 -0.429029 -0.00205025
-0.750615 -0.39854 -0.00162626
-0.801337 -0.376851 -0.00114254
-0.833218 -0.364794 -0.000617669
-0.845033 -0.362833 -7.18149e-05
-0.836327 -0.371044 0.000474043
-0.807436 -0.389111 0.00099893
-0.75947 -0.416339 0.00148267
-0.694271 -0.451683 0.00190669
-0.614346 -0.493784 0.00225467
-0.522765 -0.541024 0.00251326
-0.423048 -0.591587 0.00267251
-0.319028 -0.643532 0.00272631
-0.2147 -0.694861 0.00267258
-0.114076 -0.743603 0.0025134
-0.0210199 -0.787883 0.00225488
0.0608904 -0.826001 0.00190694
0.128508 -0.856492 0.00148298
0.179234 -0.878183 0.000999266
0.211119 -0.890242 0.000474401
0.222938 -0.892205 -7.14507e-05
0.214237 -0.883997 -0.000617311
0.185351 -0.865932 -0.0011422
0.137388 -0.838706 -0.00162596
0.0721929 -0.803364 -0.00204999
-0.0077295 -0.761264 -0.00239799
-0.0993079 -0.714025 -0.0026566
-0.199023 -0.663462 -0.00281588
-0.303043 -0.611517 -0.0028697
-0.407371 -0.560188 -0.00281599
-0.507997 -0.511446 -0.00265683
-0.601055 -0.467164 -0.00239833
-0.682968 -0.429044 -0.00205042
-0.750589 -0.398552 -0.00162646
-0.801319 -0.376858 -0.00114277
-0.833208 -0.364797 -0.000617907
-0.845032 -0.362832 -7.20577e-05
-0.836336 -0.371038 0.000473805
-0.807453 -0.389101 0.000998706
-0.759495 -0.416325 0.00148247
-0.694303 -0.451666 0.00190651
-0.614384 -0.493764 0.00225454
-0.522807 -0.541002 0.00251317
-0.423094 -0.591565 0.00267247
-0.319074 -0.643509 0.00272631
-0.214746 -0.694839 0.00267263
-0.114119 -0.743582 0.00251349
-0.0210588 -0.787865 0.00225501
0.0608571 -0.825986 0.00190712
0.128481 -0.85648 0.00148318
0.179215 -0.878176 0.000999491
0.211109 -0.890239 0.000474639
0.222938 -0.892207 -7.12079e-05
0.214246 -0.884003 -0.000617073
0.185368 -0.865942 -0.00114198
0.137413 -0.83872 -0.00162576
0.0722252 -0.803381 -0.00204982
-0.00769136 -0.761284 -0.00239786
-0.0992654 -0.714047 -0.00265651
-0.198978 -0.663485 -0.00281583
-0.302997 -0.61154 -0.0028697
-0.407325 -0.56021 -0.00281604
-0.507954 -0.511466 -0.00265693
-0.601016 -0.467182 -0.00239846
-0.682935 -0.42906 -0.00205059
-0.750562 -0.398564 -0.00162667
-0.8013 -0.376866 -0.00114299
-0.833198 -0.3648 -0.000618145
-0.845031 -0.362831 -7.23005e-05
-0.836344 -0.371033 0.000473567
-0.80747 -0.389091 0.000998481
-0.75952 -0.416311 0.00148227
-0.694335 -0.451648 0.00190634
-0.614422 -0.493744 0.0022544
-0.52285 -0.54098 0.00251307
-0.423139 -0.591542 0.00267242
-0.31912 -0.643486 0.00272631
-0.214792 -0.694817 0.00267268
-0.114162 -0.743561 0.00251359
-0.0210978 -0.787847 0.00225514
0.0608238 -0.825971 0.00190729
0.128455 -0.856469 0.00148338
0.179197 -0.878168 0.000999715
0.211099 -0.890236 0.000474877
0.222937 -0.892208 -7.09651e-05
0.214254 -0.884008 -0.000616835
0.185385 -0.865952 -0.00114176
0.137438 -0.838733 -0.00162556
0.0722575 -0.803398 -0.00204964
-0.00765322 -0.761304 -0.00239772
-0.0992228 -0.714069 -0.00265642
-0.198933 -0.663508 -0.00281578
-0.302951 -0.611563 -0.0028697
-0.40728 -0.560232 -0.00281609
-0.507911 -0.511487 -0.00265702
-0.600977 -0.467201 -0.0023986
-0.682901 -0.429075 -0.00205076
-0.750536 -0.398575 -0.00162687
-0.801282 -0.376873 -0.00114321
-0.833189 -0.364803 -0.000618383
-0.845031 -0.362829 -7.25433e-05
-0.836352 -0.371027 0.000473329
-0.807487 -0.389081 0.000998257
-0.759545 -0.416298 0.00148207
-0.694368 -0.451631 0.00190617
-0.61446 -0.493724 0.00225427
-0.522893 -0.540958 0.00251298
-0.423184 -0.591519 0.00267237
-0.319167 -0.643463 0.00272631
-0.214837 -0.694795 0.00267273
-0.114205 -0.743541 0.00251368
-0.0211367 -0.787828 0.00225528
0.0607906 -0.825955 0.00190746
0.128429 -0.856457 0.00148358
0.179179 -0.878161 0.000999939
0.21109 -0.890233 0.000475115
0.222936 -0.892209 -7.07223e-05
0.214262 -0.884014 -0.000616597
0.185402 -0.865962 -0.00114153
0.137464 -0.838747 -0.00162535
0.0722897 -0.803415 -0.00204947
-0.00761508 -0.761324 -0.00239759
-0.0991803 -0.71409 -0.00265632
-0.198887 -0.66353 -0.00281573
-0.302904 -0.611586 -0.0028697
-0.407234 -0.560255 -0.00281614
-0.507868 -0.511508 -0.00265711
-0.600938 -0.467219 -0.00239873
-0.682868 -0.42909 -0.00205093
-0.75051 -0.398587 -0.00162707
-0.801263 -0.376881 -0.00114344
-0.833179 -0.364807 -0.000618621
-0.84503 -0.362828 -7.27861e-05
-0.836361 -0.371021 0.000473091
-0.807504 -0.389071 0.000998033
-0.75957 -0.416284 0.00148187
-0.6944 -0.451614 0.001906
-0.614498 -0.493704 0.00225413
-0.522935 -0.540937 0.00251289
0.257633 -0.904872 -0.00147892
0.248387 -0.896153 -0.0020584
0.217712 -0.876971 -0.00261561
0.166786 -0.848063 -0.00312914
0.0975676 -0.810541 -0.00357926
0.012716 -0.765845 -0.00394866
-0.0845081 -0.715695 -0.00422315
-0.190369 -0.662016 -0.00439219
-0.300797 -0.606871 -0.00444928
-0.41155 -0.552381 -0.00439222
-0.518372 -0.500638 -0.0042232
-0.617157 -0.453631 -0.00394873
-0.70411 -0.413166 -0.00357935
-0.775889 -0.3808 -0.00312925
-0.829735 -0.357774 -0.00261573
-0.86358 -0.344975 -0.00205853
-0.876123 -0.342893 -0.00147905
-0.866881 -0.35161 -0.00089957
-0.83621 -0.370789 -0.000342351
-0.785289 -0.399695 0.00017119
-0.716074 -0.437216 0.000621321
-0.631226 -0.48191 0.000990742
-0.534004 -0.53206 0.00126526
-0.428145 -0.585738 0.00143432
-0.317717 -0.640882 0.00149143
-0.206963 -0.695373 0.0014344
-0.10014 -0.747117 0.00126541
-0.00135264 -0.794125 0.000990957
0.0856031 -0.834591 0.000621594
0.157386 -0.86696 0.000171512
0.211236 -0.889988 -0.000341994
0.245085 -0.902789 -0.00089919
0.257633 -0.904873 -0.00147866
0.248396 -0.896159 -0.00205815
0.21773 -0.876982 -0.00261537
0.166813 -0.848078 -0.00312893
0.0976019 -0.810559 -0.00357907
0.0127565 -0.765866 -0.00394852
-0.084463 -0.715718 -0.00422305
-0.19032 -0.66204 -0.00439214
-0.300748 -0.606896 -0.00444928
-0.411502 -0.552404 -0.00439227
-0.518326 -0.50066 -0.0042233
-0.617116 -0.45365 -0.00394887
-0.704075 -0.413183 -0.00357953
-0.775861 -0.380812 -0.00312946
-0.829716 -0.357782 -0.00261597
-0.86357 -0.344978 -0.00205878
-0.876122 -0.342892 -0.00147931
-0.86689 -0.351604 -0.000899822
-0.836228 -0.370779 -0.00034259
-0.785316 -0.39968 0.000170976
-0.716108 -0.437197 0.000621138
-0.631266 -0.481889 0.000990599
-0.534049 -0.532036 0.00126516
-0.428193 -0.585714 0.00143427
-0.317766 -0.640858 0.00149143
-0.207012 -0.69535 0.00143445
-0.100186 -0.747095 0.0012655
-0.00139395 -0.794106 0.0009911
0.0855678 -0.834575 0.000621776
0.157358 -0.866948 0.000171726
0.211217 -0.88998 -0.000341756
0.245075 -0.902786 -0.000898938
0.257632 -0.904875 -0.00147841
0.248405 -0.896165 -0.0020579
0.217748 -0.876992 -0.00261514
0.16684 -0.848093 -0.00312871
0.0976362 -0.810577 -0.00357889
0.0127969 -0.765888 -0.00394837
-0.0844178 -0.715741 -0.00422296
-0.190272 -0.662064 -0.00439209
-0.300699 -0.60692 -0.00444928
-0.411454 -0.552428 -0.00439232
-0.518281 -0.500682 -0.0042234
-0.617075 -0.45367 -0.00394902
-0.70404 -0.413199 -0.00357971
-0.775833 -0.380824 -0.00312968
-0.829696 -0.35779 -0.00261621
-0.863559 -0.344981 -0.00205903
-0.876121 -0.34289 -0.00147957
-0.866899 -0.351597 -0.000900075
-0.836246 -0.370768 -0.000342828
-0.785342 -0.399665 0.000170761
-0.716143 -0.437179 0.000620956
-0.631307 -0.481868 0.000990456
-0.534094 -0.532013 0.00126506
-0.428241 -0.58569 0.00143422
-0.317815 -0.640834 0.00149143
-0.20706 -0.695326 0.0014345
-0.100232 -0.747073 0.0012656
-0.00143526 -0.794086 0.000991243
0.0855325 -0.834559 0.000621958
0.15733 -0.866935 0.00017194
0.211197 -0.889972 -0.000341518
0.245065 -0.902783 -0.000898685
0.257631 -0.904876 -0.00147815
0.248414 -0.896171 -0.00205764
0.217766 -0.877003 -0.0026149
0.166866 -0.848108 -0.0031285
0.0976704 -0.810596 -0.00357871
0.0128374 -0.765909 -0.00394823
-0.0843727 -0.715764 -0.00422286
-0.190224 -0.662088 -0.00439204
-0.30065 -0.606944 -0.00444928
-0.411405 -0.552451 -0.00439237
-0.518235 -0.500704 -0.0042235
-0.617034 -0.453689 -0.00394916
-0.704004 -0.413215 -0.00357989
-0.775805 -0.380837 -0.00312989
-0.829677 -0.357798 -0.00261645
-0.863549 -0.344985 -0.00205929
-0.87612 -0.342889 -0.00147982
-0.866907 -0.351591 -0.000900328
-0.836265 -0.370757 -0.000343066
-0.785369 -0.399651 0.000170547
-0.716177 -0.437161 0.000620774
-0.631347 -0.481846 0.000990312
-0.534139 -0.53199 0.00126496
-0.428289 -0.585665 0.00143417
-0.317864 -0.640809 0.00149143
-0.207108 -0.695302 0.00143455
-0.100277 -0.747051 0.0012657
-0.00147658 -0.794067 0.000991386
0.0854972 -0.834543 0.000622141
0.157302 -0.866923 0.000172154
0.211178 -0.889964 -0.00034128
0.245054 -0.902779 -0.000898432
0.25763 -0.904878 -0.00147789
0.248422 -0.896177 -0.00205739
0.217784 -0.877014 -0.00261466
0.166893 -0.848122 -0.00312829
0.0977047 -0.810614 -0.00357853
0.0128779 -0.76593 -0.00394809
-0.0843275 -0.715787 -0.00422276
-0.190176 -0.662112 -0.00439199
-0.3006 -0.606969 -0.00444928
-0.411357 -0.552475 -0.00439242
-0.518189 -0.500725 -0.0042236
-0.616992 -0.453709 -0.0039493
-0.703969 -0.413231 -0.00358008
-0.775777 -0.380849 -0.00313011
-0.829657 -0.357806 -0.00261668
-0.863539 -0.344988 -0.00205954
-0.87612 -0.342887 -0.00148008
-0.866916 -0.351585 -0.000900581
-0.836283 -0.370747 -0.000343304
-0.785396 -0.399636 0.000170333
-0.716211 -0.437143 0.000620591
-0.631388 -0.481825 0.000990169
-0.534185 -0.531967 0.00126486
-0.428337 -0.585641 0.00143412
-0.317914 -0.640785 0.00149143
-0.207157 -0.695279 0.0014346
-0.100323 -0.747029 0.0012658
-0.0015179 -0.794047 0.000991529
0.0854619 -0.834526 0.000622323
0.157274 -0.866911 0.000172369
0.211158 -0.889956 -0.000341042
0.245044 -0.902776 -0.000898179
0.270616 -0.906596 -0.0029424
0.261188 -0.897706 -0.00353323
0.229912 -0.878149 -0.00410136
0.177988 -0.848675 -0.00462495
0.107414 -0.810417 -0.00508389
0.0208992 -0.764846 -0.00546053
-0.07823 -0.713712 -0.0057404
-0.186165 -0.658981 -0.00591275
-0.298757 -0.602756 -0.00597095
-0.411681 -0.547198 -0.00591278
-0.520596 -0.494441 -0.00574045
-0.621317 -0.446513 -0.0054606
-0.709973 -0.405256 -0.00508398
-0.783158 -0.372255 -0.00462506
-0.83806 -0.348778 -0.00410148
-0.872568 -0.335728 -0.00353336
-0.885356 -0.333606 -0.00294253
-0.875933 -0.342493 -0.00235169
-0.844662 -0.362049 -0.00178355
-0.792743 -0.391521 -0.00125995
-0.722172 -0.429776 -0.000800999
-0.63566 -0.475346 -0.000424339
-0.536534 -0.526479 -0.000144444
-0.4286 -0.581209 2.7931e-05
-0.316009 -0.637434 8.61607e-05
-0.203085 -0.692993 2.80079e-05
-0.0941684 -0.74575 -0.000144293
0.0065549 -0.79368 -0.00042412
0.0952146 -0.834938 -0.000800721
0.168404 -0.867941 -0.00125962
0.223309 -0.89142 -0.00178319
0.257822 -0.904473 -0.0023513
0.270615 -0.906598 -0.00294213
0.261197 -0.897713 -0.00353297
0.22993 -0.87816 -0.00410112
0.178016 -0.84869 -0.00462473
0.107448 -0.810436 -0.0050837
0.0209405 -0.764867 -0.00546038
-0.078184 -0.713736 -0.0057403
-0.186116 -0.659006 -0.0059127
-0.298707 -0.602781 -0.00597095
-0.411631 -0.547222 -0.00591283
-0.520549 -0.494464 -0.00574055
-0.621274 -0.446533 -0.00546075
-0.709937 -0.405273 -0.00508417
-0.78313 -0.372268 -0.00462528
-0.83804 -0.348786 -0.00410172
-0.872557 -0.335731 -0.00353362
-0.885355 -0.333604 -0.00294279
-0.875942 -0.342487 -0.00235195
-0.84468 -0.362038 -0.0017838
-0.79277 -0.391506 -0.00126017
-0.722207 -0.429758 -0.000801185
-0.635702 -0.475325 -0.000424485
-0.53658 -0.526455 -0.000144544
-0.428649 -0.581184 2.78797e-05
-0.316059 -0.637409 8.61607e-05
-0.203134 -0.692969 2.80591e-05
-0.094215 -0.745728 -0.000144192
0.00651278 -0.79366 -0.000423974
0.0951786 -0.834922 -0.000800535
0.168375 -0.867929 -0.0012594
0.223289 -0.891412 -0.00178295
0.257811 -0.90447 -0.00235105
0.270614 -0.906599 -0.00294187
0.261206 -0.897719 -0.00353272
0.229949 -0.87817 -0.00410087
0.178043 -0.848705 -0.00462452
0.107483 -0.810454 -0.00508352
0.0209817 -0.764889 -0.00546024
-0.0781379 -0.713759 -0.0057402
-0.186067 -0.659031 -0.00591265
-0.298657 -0.602806 -0.00597095
-0.411582 -0.547246 -0.00591288
-0.520502 -0.494486 -0.00574065
-0.621232 -0.446553 -0.00546089
-0.709901 -0.405289 -0.00508435
-0.783101 -0.37228 -0.0046255
-0.83802 -0.348795 -0.00410197
-0.872547 -0.335735 -0.00353388
-0.885355 -0.333603 -0.00294305
-0.875951 -0.342481 -0.00235221
-0.844699 -0.362027 -0.00178404
-0.792797 -0.39149 -0.00126039
-0.722241 -0.429739 -0.000801371
-0.635743 -0.475303 -0.000424631
-0.536626 -0.526432 -0.000144645
-0.428699 -0.58116 2.78283e-05
-0.316109 -0.637384 8.61606e-05
-0.203183 -0.692945 2.81103e-05
-0.0942617 -0.745706 -0.000144092
0.00647066 -0.79364 -0.000423828
0.0951426 -0.834905 -0.000800349
0.168347 -0.867916 -0.00125919
0.22327 -0.891404 -0.0017827
0.257801 -0.904466 -0.00235079
0.270614 -0.906601 -0.00294161
0.261215 -0.897725 -0.00353246
0.229967 -0.878181 -0.00410063
0.17807 -0.84872 -0.0046243
0.107518 -0.810473 -0.00508333
0.021023 -0.76491 -0.00546009
-0.0780919 -0.713783 -0.0057401
-0.186018 -0.659055 -0.0059126
-0.298607 -0.602831 -0.00597095
-0.411533 -0.54727 -0.00591293
-0.520456 -0.494508 -0.00574075
-0.62119 -0.446573 -0.00546104
-0.709865 -0.405306 -0.00508454
-0.783073 -0.372293 -0.00462572
-0.838 -0.348803 -0.00410221
-0.872536 -0.335738 -0.00353413
-0.885354 -0.333601 -0.00294332
-0.87596 -0.342474 -0.00235246
-0.844717 -0.362016 -0.00178428
-0.792824 -0.391475 -0.00126061
-0.722276 -0.429721 -0.000801557
-0.635784 -0.475282 -0.000424777
-0.536672 -0.526408 -0.000144746
-0.428748 -0.581135 2.7777e-05
-0.316159 -0.637359 8.61605e-05
-0.203233 -0.69292 2.81615e-05
-0.0943083 -0.745683 -0.000143991
0.00642853 -0.79362 -0.000423682
0.0951066 -0.834889 -0.000800163
0.168318 -0.867904 -0.00125897
0.22325 -0.891396 -0.00178246
0.25779 -0.904463 -0.00235053
0.270613 -0.906602 -0.00294135
0.261224 -0.897732 -0.0035322
0.229986 -0.878192 -0.00410039
0.178097 -0.848735 -0.00462408
0.107553 -0.810491 -0.00508314
0.0210643 -0.764932 -0.00545994
-0.0780458 -0.713806 -0.00574
-0.185969 -0.65908 -0.00591255
-0.298557 -0.602856 -0.00597095
-0.411483 -0.547294 -0.00591298
-0.520409 -0.494531 -0.00574085
-0.621148 -0.446593 -0.00546118
-0.709829 -0.405322 -0.00508472
-0.783044 -0.372305 -0.00462594
-0.83798 -0.348811 -0.00410245
-0.872526 -0.335742 -0.00353439
-0.885353 -0.3336 -0.00294358
-0.875969 -0.342468 -0.00235272
-0.844736 -0.362005 -0.00178453
-0.792852 -0.39146 -0.00126082
-0.722311 -0.429702 -0.000801743
-0.635826 -0.47526 -0.000424923
-0.536718 -0.526385 -0.000144846
-0.428797 -0.58111 2.77256e-05
-0.316209 -0.637334 8.61604e-05
-0.203282 -0.692896 2.82127e-05
-0.0943549 -0.745661 -0.000143891
0.00638641 -0.7936 -0.000423536
0.0950706 -0.834872 -0.000799978
0.16829 -0.867891 -0.00125875
0.22323 -0.891388 -0.00178222
0.25778 -0.904459 -0.00235027
0.270612 -0.906604 -0.00294108
0.261233 -0.897738 -0.00353194
0.230004 -0.878203 -0.00410015
0.261387 -0.897311 -0.00440588
0.252141 -0.888592 -0.00498536
0.221465 -0.86941 -0.00554258
0.170539 -0.840502 -0.00605611
0.10132 -0.802979 -0.00650623
0.0164675 -0.758284 -0.00687563
-0.0807574 -0.708132 -0.00715013
-0.186619 -0.654453 -0.00731917
-0.297048 -0.599308 -0.00737626
-0.407802 -0.544817 -0.0073192
-0.514625 -0.493074 -0.00715018
-0.613411 -0.446066 -0.00687571
-0.700365 -0.405602 -0.00650632
-0.772144 -0.373235 -0.00605622
-0.825991 -0.350209 -0.0055427
-0.859836 -0.337409 -0.00498549
-0.872379 -0.335328 -0.00440601
-0.863137 -0.344045 -0.00382652
-0.832466 -0.363224 -0.0032693
-0.781544 -0.39213 -0.00275575
-0.712329 -0.429651 -0.00230562
-0.62748 -0.474346 -0.00193619
-0.530257 -0.524496 -0.00166167
-0.424397 -0.578175 -0.00149261
-0.313968 -0.633319 -0.0014355
-0.203214 -0.687811 -0.00149253
-0.0963896 -0.739555 -0.00166152
0.00239882 -0.786564 -0.00193598
0.0893553 -0.82703 -0.00230534
0.161138 -0.859399 -0.00275543
0.214989 -0.882427 -0.00326894
0.248839 -0.895229 -0.00382614
0.261386 -0.897313 -0.00440562
0.252149 -0.888598 -0.00498511
0.221483 -0.869421 -0.00554234
0.170566 -0.840517 -0.0060559
0.101354 -0.802998 -0.00650605
0.016508 -0.758305 -0.00687549
-0.0807122 -0.708155 -0.00715003
-0.186571 -0.654477 -0.00731912
-0.296999 -0.599332 -0.00737626
-0.407754 -0.544841 -0.00731925
-0.514579 -0.493096 -0.00715028
-0.61337 -0.446086 -0.00687585
-0.70033 -0.405618 -0.0065065
-0.772116 -0.373247 -0.00605643
-0.825971 -0.350217 -0.00554293
-0.859826 -0.337413 -0.00498574
-0.872378 -0.335326 -0.00440626
-0.863146 -0.344038 -0.00382677
-0.832484 -0.363214 -0.00326953
-0.781571 -0.392115 -0.00275596
-0.712363 -0.429633 -0.0023058
-0.62752 -0.474324 -0.00193633
-0.530302 -0.524473 -0.00166177
-0.424445 -0.578151 -0.00149266
-0.314017 -0.633295 -0.0014355
-0.203262 -0.687787 -0.00149248
-0.0964353 -0.739533 -0.00166143
0.0023575 -0.786544 -0.00193583
0.08932 -0.827014 -0.00230516
0.16111 -0.859387 -0.00275521
0.21497 -0.882419 -0.0032687
0.248829 -0.895225 -0.00382589
0.261386 -0.897314 -0.00440536
0.252158 -0.888604 -0.00498486
0.221501 -0.869431 -0.0055421
0.170593 -0.840532 -0.00605568
0.101388 -0.803016 -0.00650587
0.0165485 -0.758326 -0.00687535
-0.0806671 -0.708179 -0.00714993
-0.186522 -0.654501 -0.00731907
-0.29695 -0.599357 -0.00737626
-0.407706 -0.544864 -0.0073193
-0.514534 -0.493118 -0.00715038
-0.613329 -0.446105 -0.00687599
-0.700294 -0.405634 -0.00650669
-0.772088 -0.373259 -0.00605665
-0.825952 -0.350225 -0.00554317
-0.859815 -0.337416 -0.00498599
-0.872377 -0.335325 -0.00440652
-0.863155 -0.344032 -0.00382703
-0.832502 -0.363203 -0.00326977
-0.781598 -0.392101 -0.00275618
-0.712397 -0.429615 -0.00230598
-0.627561 -0.474303 -0.00193648
-0.530347 -0.52445 -0.00166187
-0.424493 -0.578126 -0.00149271
-0.314067 -0.633271 -0.0014355
-0.20331 -0.687764 -0.00149243
-0.0964811 -0.739511 -0.00166133
0.00231619 -0.786525 -0.00193569
0.0892847 -0.826998 -0.00230498
0.161082 -0.859374 -0.002755
0.21495 -0.882411 -0.00326846
0.248818 -0.895222 -0.00382563
0.261385 -0.897315 -0.0044051
0.252167 -0.888611 -0.0049846
0.221519 -0.869442 -0.00554186
0.170619 -0.840547 -0.00605547
0.101423 -0.803034 -0.00650568
0.016589 -0.758347 -0.00687521
-0.0806219 -0.708202 -0.00714984
-0.186474 -0.654526 -0.00731902
-0.296901 -0.599381 -0.00737626
-0.407657 -0.544888 -0.00731935
-0.514488 -0.493139 -0.00715048
-0.613287 -0.446125 -0.00687614
-0.700259 -0.40565 -0.00650687
-0.77206 -0.373272 -0.00605686
-0.825932 -0.350233 -0.00554341
-0.859805 -0.337419 -0.00498625
-0.872376 -0.335324 -0.00440678
-0.863163 -0.344026 -0.00382728
-0.83252 -0.363192 -0.00327001
-0.781624 -0.392086 -0.00275639
-0.712432 -0.429596 -0.00230616
-0.627601 -0.474282 -0.00193662
-0.530392 -0.524427 -0.00166197
-0.424541 -0.578102 -0.00149276
-0.314116 -0.633246 -0.0014355
-0.203359 -0.68774 -0.00149238
-0.0965268 -0.739489 -0.00166123
0.00227487 -0.786505 -0.00193555
0.0892494 -0.826981 -0.0023048
0.161055 -0.859362 -0.00275479
0.214931 -0.882403 -0.00326822
0.248808 -0.895219 -0.00382538
0.261384 -0.897317 -0.00440485
0.252176 -0.888617 -0.00498435
0.221538 -0.869453 -0.00554162
0.170646 -0.840561 -0.00605525
0.101457 -0.803053 -0.0065055
0.0166295 -0.758368 -0.00687506
-0.0805768 -0.708225 -0.00714974
-0.186426 -0.65455 -0.00731897
-0.296851 -0.599406 -0.00737626
-0.407609 -0.544911 -0.0073194
-0.514442 -0.493161 -0.00715058
-0.613246 -0.446144 -0.00687628
-0.700224 -0.405667 -0.00650705
-0.772032 -0.373284 -0.00605708
-0.825913 -0.350241 -0.00554365
-0.859795 -0.337423 -0.0049865
-0.872376 -0.335322 -0.00440704
-0.863172 -0.34402 -0.00382753
-0.832538 -0.363182 -0.00327025
-0.781651 -0.392071 -0.00275661
-0.712466 -0.429578 -0.00230635
-0.627642 -0.474261 -0.00193676
-0.530438 -0.524403 -0.00166207
-0.42459 -0.578078 -0.00149281
-0.314165 -0.633222 -0.0014355
-0.203407 -0.687716 -0.00149233
-0.0965725 -0.739467 -0.00166113
0.00223356 -0.786486 -0.0019354
0.0892141 -0.826965 -0.00230461
0.161027 -0.85935 -0.00275457
0.214911 -0.882395 -0.00326799
0.248798 -0.895215 -0.00382513
0.230302 -0.877373 -0.00581312
0.221592 -0.86916 -0.00635899
0.192696 -0.851091 -0.00688388
0.144724 -0.82386 -0.00736762
0.0795211 -0.788514 -0.00779163
-0.000408663 -0.746411 -0.0081396
-0.0919931 -0.69917 -0.00839817
-0.191713 -0.648604 -0.0085574
-0.295736 -0.596659 -0.00861118
-0.400065 -0.545329 -0.00855743
-0.50069 -0.496587 -0.00839822
-0.593745 -0.452307 -0.00813967
-0.675654 -0.41419 -0.00779171
-0.743269 -0.383701 -0.00736772
-0.793992 -0.362011 -0.00688399
-0.825874 -0.349954 -0.00635911
-0.837689 -0.347993 -0.00581325
-0.828983 -0.356204 -0.00526738
-0.800092 -0.374271 -0.00474248
-0.752124 -0.4015 -0.00425873
-0.686924 -0.436844 -0.00383471
-0.606997 -0.478946 -0.00348672
-0.515415 -0.526187 -0.00322812
-0.415697 -0.576751 -0.00306887
-0.311674 -0.628697 -0.00301507
-0.207345 -0.680027 -0.0030688
-0.106718 -0.72877 -0.00322798
-0.0136612 -0.773051 -0.00348651
0.0682506 -0.811169 -0.00383445
0.135869 -0.841661 -0.00425843
0.186596 -0.863353 -0.00474215
0.218482 -0.875412 -0.00526702
0.230301 -0.877375 -0.00581288
0.2216 -0.869166 -0.00635875
0.192713 -0.851101 -0.00688366
0.14475 -0.823874 -0.00736742
0.0795533 -0.788532 -0.00779145
-0.000370518 -0.746431 -0.00813947
-0.0919506 -0.699191 -0.00839808
-0.191668 -0.648627 -0.00855736
-0.29569 -0.596682 -0.00861118
-0.400019 -0.545351 -0.00855748
-0.500647 -0.496608 -0.00839831
-0.593706 -0.452326 -0.0081398
-0.675621 -0.414205 -0.00779188
-0.743243 -0.383713 -0.00736792
-0.793974 -0.362019 -0.00688422
-0.825864 -0.349957 -0.00635935
-0.837688 -0.347992 -0.00581349
-0.828992 -0.356198 -0.00526762
-0.800109 -0.374261 -0.00474271
-0.752149 -0.401486 -0.00425893
-0.686957 -0.436827 -0.00383488
-0.607036 -0.478926 -0.00348685
-0.515458 -0.526165 -0.00322822
-0.415742 -0.576729 -0.00306892
-0.311721 -0.628674 -0.00301507
-0.207391 -0.680005 -0.00306875
-0.106762 -0.728749 -0.00322789
-0.0137001 -0.773033 -0.00348638
0.0682173 -0.811154 -0.00383428
0.135843 -0.841649 -0.00425822
0.186578 -0.863345 -0.00474192
0.218472 -0.875409 -0.00526678
0.230301 -0.877376 -0.00581264
0.221609 -0.869172 -0.00635851
0.19273 -0.851111 -0.00688343
0.144775 -0.823888 -0.00736722
0.0795856 -0.788549 -0.00779128
-0.000332376 -0.746451 -0.00813933
-0.0919081 -0.699213 -0.00839799
-0.191622 -0.64865 -0.00855731
-0.295643 -0.596705 -0.00861118
-0.399974 -0.545373 -0.00855752
-0.500604 -0.496629 -0.0083984
-0.593668 -0.452344 -0.00813994
-0.675588 -0.414221 -0.00779206
-0.743217 -0.383724 -0.00736813
-0.793956 -0.362026 -0.00688444
-0.825854 -0.34996 -0.00635959
-0.837687 -0.347991 -0.00581373
-0.829 -0.356193 -0.00526785
-0.800126 -0.374251 -0.00474293
-0.752174 -0.401472 -0.00425913
-0.686989 -0.43681 -0.00383505
-0.607074 -0.478906 -0.00348699
-0.5155 -0.526143 -0.00322831
-0.415787 -0.576706 -0.00306896
-0.311767 -0.628651 -0.00301507
-0.207436 -0.679983 -0.0030687
-0.106805 -0.728728 -0.0032278
-0.013739 -0.773014 -0.00348624
0.0681841 -0.811139 -0.00383411
0.135816 -0.841637 -0.00425802
0.186559 -0.863338 -0.0047417
0.218462 -0.875406 -0.00526654
0.2303 -0.877377 -0.0058124
0.221617 -0.869178 -0.00635828
0.192747 -0.851121 -0.00688321
0.1448 -0.823902 -0.00736702
0.0796179 -0.788566 -0.00779111
-0.000294237 -0.746471 -0.0081392
-0.0918655 -0.699235 -0.00839789
-0.191577 -0.648673 -0.00855726
-0.295597 -0.596728 -0.00861118
-0.399928 -0.545396 -0.00855757
-0.500561 -0.49665 -0.0083985
-0.593629 -0.452362 -0.00814007
-0.675554 -0.414236 -0.00779223
-0.74319 -0.383736 -0.00736833
-0.793937 -0.362034 -0.00688466
-0.825845 -0.349963 -0.00635982
-0.837687 -0.347989 -0.00581397
-0.829008 -0.356187 -0.00526809
-0.800143 -0.374241 -0.00474316
-0.7522 -0.401458 -0.00425934
-0.687021 -0.436793 -0.00383522
-0.607112 -0.478886 -0.00348712
-0.515543 -0.526121 -0.0032284
-0.415833 -0.576683 -0.00306901
-0.311813 -0.628628 -0.00301507
-0.207482 -0.67996 -0.00306866
-0.106848 -0.728707 -0.00322771
-0.0137779 -0.772996 -0.00348611
0.0681508 -0.811124 -0.00383394
0.13579 -0.841626 -0.00425782
0.186541 -0.86333 -0.00474147
0.218453 -0.875402 -0.00526631
0.230299 -0.877379 -0.00581215
0.221625 -0.869183 -0.00635804
0.192764 -0.851131 -0.00688298
0.144825 -0.823916 -0.00736681
0.0796502 -0.788583 -0.00779094
-0.000256099 -0.746491 -0.00813906
-0.091823 -0.699257 -0.0083978
-0.191532 -0.648696 -0.00855721
-0.295551 -0.596751 -0.00861118
-0.399882 -0.545418 -0.00855762
-0.500518 -0.49667 -0.00839859
-0.59359 -0.452381 -0.00814021
-0.675521 -0.414251 -0.0077924
-0.743164 -0.383747 -0.00736853
-0.793919 -0.362041 -0.00688489
-0.825835 -0.349967 -0.00636006
-0.837686 -0.347988 -0.00581422
-0.829017 -0.356181 -0.00526833
-0.80016 -0.374231 -0.00474338
-0.752225 -0.401445 -0.00425954
-0.687053 -0.436776 -0.0038354
-0.60715 -0.478866 -0.00348726
-0.515585 -0.5261 -0.0032285
0.178555 -0.847549 -0.00711006
0.170716 -0.840157 -0.00760133
0.14471 -0.823895 -0.00807372
0.101537 -0.799388 -0.00850908
0.0428546 -0.767577 -0.00889068
-0.0290809 -0.729685 -0.00920385
-0.111505 -0.687169 -0.00943656
-0.201252 -0.641661 -0.00957987
-0.294871 -0.59491 -0.00962827
-0.388765 -0.548714 -0.00957989
-0.479326 -0.504848 -0.0094366
-0.563074 -0.464996 -0.00920391
-0.636791 -0.430692 -0.00889076
-0.697644 -0.403252 -0.00850917
-0.743293 -0.383731 -0.00807382
-0.771986 -0.37288 -0.00760144
-0.78262 -0.371115 -0.00711017
-0.774785 -0.378505 -0.0066189
-0.748783 -0.394765 -0.0061465
-0.705613 -0.419271 -0.00571113
-0.646934 -0.45108 -0.00532952
-0.575001 -0.488971 -0.00501633
-0.492579 -0.531487 -0.0047836
-0.402834 -0.576994 -0.00464027
-0.309215 -0.623744 -0.00459186
-0.21532 -0.669941 -0.00464021
-0.124758 -0.713808 -0.00478348
-0.041008 -0.75366 -0.00501615
0.0327113 -0.787967 -0.00532929
0.093567 -0.815408 -0.00571086
0.13922 -0.834931 -0.0061462
0.167917 -0.845784 -0.00661858
0.178554 -0.84755 -0.00710984
0.170724 -0.840162 -0.00760112
0.144726 -0.823904 -0.00807352
0.101559 -0.799401 -0.0085089
0.0428836 -0.767593 -0.00889053
-0.0290466 -0.729703 -0.00920373
-0.111467 -0.687188 -0.00943648
-0.201211 -0.641681 -0.00957983
-0.294829 -0.594931 -0.00962827
-0.388724 -0.548734 -0.00957993
-0.479288 -0.504866 -0.00943669
-0.563039 -0.465013 -0.00920403
-0.636761 -0.430705 -0.00889091
-0.69762 -0.403262 -0.00850936
-0.743277 -0.383738 -0.00807403
-0.771978 -0.372883 -0.00760165
-0.782619 -0.371114 -0.00711039
-0.774792 -0.3785 -0.00661911
-0.748798 -0.394756 -0.0061467
-0.705635 -0.419258 -0.00571131
-0.646963 -0.451065 -0.00532967
-0.575035 -0.488953 -0.00501645
-0.492617 -0.531467 -0.00478369
-0.402874 -0.576974 -0.00464032
-0.309257 -0.623724 -0.00459186
-0.215361 -0.669921 -0.00464017
-0.124797 -0.713789 -0.00478339
-0.041043 -0.753644 -0.00501603
0.0326814 -0.787953 -0.00532913
0.0935433 -0.815398 -0.00571068
0.139204 -0.834924 -0.006146
0.167908 -0.845781 -0.00661836
0.178554 -0.847551 -0.00710962
0.170731 -0.840168 -0.0076009
0.144741 -0.823913 -0.00807332
0.101582 -0.799413 -0.00850872
0.0429127 -0.767608 -0.00889037
-0.0290122 -0.729721 -0.00920361
-0.111429 -0.687208 -0.0094364
-0.20117 -0.641702 -0.00957978
-0.294787 -0.594952 -0.00962827
-0.388683 -0.548754 -0.00957998
-0.479249 -0.504885 -0.00943677
-0.563004 -0.465029 -0.00920416
-0.636731 -0.430719 -0.00889107
-0.697596 -0.403273 -0.00850954
-0.74326 -0.383745 -0.00807423
-0.771969 -0.372886 -0.00760187
-0.782618 -0.371113 -0.00711061
-0.7748 -0.378495 -0.00661933
-0.748813 -0.394747 -0.0061469
-0.705658 -0.419246 -0.00571149
-0.646992 -0.451049 -0.00532983
-0.57507 -0.488935 -0.00501657
-0.492655 -0.531448 -0.00478377
-0.402915 -0.576953 -0.00464036
-0.309298 -0.623703 -0.00459186
-0.215402 -0.669901 -0.00464013
-0.124836 -0.713771 -0.00478331
-0.041078 -0.753627 -0.00501591
0.0326515 -0.787939 -0.00532898
0.0935196 -0.815387 -0.00571049
0.139187 -0.834917 -0.00614579
0.1679 -0.845778 -0.00661815
0.178553 -0.847553 -0.00710941
0.170739 -0.840173 -0.00760069
0.144756 -0.823922 -0.00807312
0.101605 -0.799426 -0.00850854
0.0429417 -0.767624 -0.00889022
-0.0289779 -0.729739 -0.00920349
-0.111391 -0.687227 -0.00943631
-0.201129 -0.641722 -0.00957974
-0.294746 -0.594972 -0.00962827
-0.388642 -0.548774 -0.00958002
-0.47921 -0.504904 -0.00943686
-0.562969 -0.465046 -0.00920428
-0.636701 -0.430733 -0.00889122
-0.697573 -0.403283 -0.00850972
-0.743244 -0.383751 -0.00807443
-0.77196 -0.372888 -0.00760208
-0.782618 -0.371112 -0.00711083
-0.774807 -0.378489 -0.00661954
-0.748829 -0.394738 -0.00614711
-0.705681 -0.419233 -0.00571168
-0.647021 -0.451034 -0.00532998
-0.575104 -0.488917 -0.0050167
-0.492693 -0.531428 -0.00478385
-0.402956 -0.576933 -0.0046404
-0.30934 -0.623682 -0.00459186
-0.215443 -0.669881 -0.00464008
-0.124874 -0.713752 -0.00478323
-0.041113 -0.753611 -0.00501578
0.0326215 -0.787925 -0.00532882
0.0934959 -0.815377 -0.00571031
0.139171 -0.83491 -0.00614559
0.167891 -0.845775 -0.00661793
0.178553 -0.847554 -0.00710919
0.170746 -0.840178 -0.00760047
0.144772 -0.823932 -0.00807292
0.101627 -0.799438 -0.00850836
0.0429708 -0.767639 -0.00889006
-0.0289436 -0.729757 -0.00920337
-0.111352 -0.687247 -0.00943623
-0.201089 -0.641743 -0.0095797
0.108135 -0.808984 -0.00824685
0.101468 -0.802698 -0.00866464
0.0793517 -0.788868 -0.00906639
0.0426351 -0.768026 -0.00943663
-0.00727045 -0.740973 -0.00976116
-0.0684473 -0.708748 -0.0100275
-0.138545 -0.67259 -0.0102254
-0.214868 -0.633888 -0.0103473
-0.294486 -0.59413 -0.0103884
-0.374337 -0.554843 -0.0103473
-0.451354 -0.517537 -0.0102254
-0.522577 -0.483646 -0.0100275
-0.585269 -0.454472 -0.00976122
-0.63702 -0.431136 -0.00943671
-0.675843 -0.414535 -0.00906647
-0.700244 -0.405306 -0.00866474
-0.709287 -0.403806 -0.00824694
-0.702624 -0.41009 -0.00782914
-0.680511 -0.423918 -0.0074274
-0.643798 -0.444759 -0.00705714
-0.593895 -0.471811 -0.0067326
-0.53272 -0.504035 -0.00646625
-0.462625 -0.540192 -0.00626833
-0.386302 -0.578893 -0.00614644
-0.306685 -0.618652 -0.00610526
-0.226833 -0.657939 -0.00614639
-0.149815 -0.695245 -0.00626822
-0.0785906 -0.729138 -0.0064661
-0.0158967 -0.758313 -0.0067324
0.0358574 -0.78165 -0.00705691
0.0746829 -0.798253 -0.00742714
0.0990878 -0.807483 -0.00782887
0.108134 -0.808985 -0.00824666
0.101475 -0.802702 -0.00866446
0.0793648 -0.788876 -0.00906621
0.0426544 -0.768037 -0.00943648
-0.00724575 -0.740986 -0.00976103
-0.0684181 -0.708763 -0.0100274
-0.138512 -0.672607 -0.0102253
-0.214834 -0.633906 -0.0103472
-0.29445 -0.594148 -0.0103884
-0.374302 -0.55486 -0.0103473
-0.451321 -0.517553 -0.0102255
-0.522547 -0.48366 -0.0100276
-0.585244 -0.454483 -0.00976136
-0.637 -0.431144 -0.00943686
-0.675829 -0.41454 -0.00906664
-0.700237 -0.405309 -0.00866492
-0.709287 -0.403805 -0.00824713
-0.702631 -0.410086 -0.00782932
-0.680524 -0.423911 -0.00742757
-0.643817 -0.444748 -0.00705729
-0.59392 -0.471798 -0.00673273
-0.532749 -0.504019 -0.00646636
-0.462657 -0.540175 -0.0062684
-0.386337 -0.578876 -0.00614648
-0.30672 -0.618634 -0.00610526
-0.226868 -0.657922 -0.00614635
-0.149848 -0.69523 -0.00626815
-0.0786204 -0.729123 -0.006466
-0.0159222 -0.758301 -0.00673227
0.0358373 -0.781641 -0.00705675
0.0746688 -0.798247 -0.00742697
0.0990804 -0.80748 -0.00782869
0.108134 -0.808986 -0.00824648
0.101481 -0.802707 -0.00866428
0.0793778 -0.788884 -0.00906604
0.0426737 -0.768047 -0.00943632
-0.00722105 -0.740999 -0.0097609
-0.0683889 -0.708779 -0.0100273
-0.138479 -0.672623 -0.0102253
-0.214799 -0.633923 -0.0103472
-0.294415 -0.594165 -0.0103884
-0.374268 -0.554877 -0.0103474
-0.451288 -0.517569 -0.0102256
-0.522518 -0.483674 -0.0100278
-0.585218 -0.454495 -0.00976149
-0.63698 -0.431153 -0.00943702
-0.675815 -0.414546 -0.00906681
-0.70023 -0.405311 -0.0086651
-0.709286 -0.403804 -0.00824731
-0.702637 -0.410081 -0.00782951
-0.680537 -0.423903 -0.00742774
-0.643836 -0.444738 -0.00705745
-0.593944 -0.471784 -0.00673286
-0.532779 -0.504004 -0.00646646
-0.46269 -0.540159 -0.00626847
-0.386371 -0.578858 -0.00614651
-0.306756 -0.618616 -0.00610526
-0.226903 -0.657905 -0.00614631
-0.149881 -0.695214 -0.00626808
-0.0786502 -0.729109 -0.00646589
-0.0159476 -0.75829 -0.00673214
0.0358171 -0.781633 -0.0070566
0.0746548 -0.798241 -0.00742679
0.0990729 -0.807478 -0.0078285
0.108133 -0.808987 -0.00824629
0.101487 -0.802711 -0.0086641
0.0793909 -0.788891 -0.00906587
0.0426929 -0.768058 -0.00943617
-0.00719635 -0.741013 -0.00976076
-0.0683597 -0.708794 -0.0100272
-0.138447 -0.67264 -0.0102252
-0.214764 -0.633941 -0.0103472
-0.294379 -0.594183 -0.0103884
-0.374233 -0.554894 -0.0103474
-0.451255 -0.517585 -0.0102256
-0.522488 -0.483688 -0.0100279
-0.585193 -0.454507 -0.00976162
-0.63696 -0.431162 -0.00943717
-0.675801 -0.414552 -0.00906699
-0.700222 -0.405314 -0.00866528
-0.709286 -0.403802 -0.0082475
-0.702643 -0.410077 -0.00782969
-0.68055 -0.423895 -0.00742791
-0.643855 -0.444727 -0.0070576
0.0217473 -0.763161 -0.0091798
0.0165093 -0.758222 -0.00950807
-0.000867899 -0.747355 -0.00982372
-0.0297165 -0.73098 -0.0101146
-0.0689278 -0.709724 -0.0103696
-0.116995 -0.684404 -0.0105789
-0.172071 -0.655995 -0.0107344
-0.23204 -0.625586 -0.0108301
-0.294596 -0.594348 -0.0108625
-0.357336 -0.563479 -0.0108301
-0.417849 -0.534168 -0.0107344
-0.47381 -0.507539 -0.0105789
-0.523068 -0.484617 -0.0103697
-0.563729 -0.466281 -0.0101147
-0.594232 -0.453238 -0.00982379
-0.613405 -0.445987 -0.00950814
-0.62051 -0.444808 -0.00917987
-0.615275 -0.449746 -0.0088516
-0.5979 -0.460611 -0.00853595
-0.569054 -0.476985 -0.00824503
-0.529845 -0.49824 -0.00799004
-0.481779 -0.523559 -0.00778077
-0.426705 -0.551968 -0.00762526
-0.366737 -0.582376 -0.00752949
-0.304181 -0.613614 -0.00749713
-0.241441 -0.644483 -0.00752944
-0.180927 -0.673795 -0.00762517
-0.124965 -0.700424 -0.00778064
-0.0757056 -0.723348 -0.00798988
-0.0350418 -0.741684 -0.00824485
-0.0045362 -0.754729 -0.00853574
0.014639 -0.761981 -0.00885139
0.0217469 -0.763162 -0.00917965
0.0165143 -0.758225 -0.00950792
-0.000857619 -0.747362 -0.00982358
-0.0297013 -0.730988 -0.0101145
-0.0689084 -0.709734 -0.0103695
-0.116972 -0.684416 -0.0105788
-0.172046 -0.656008 -0.0107343
-0.232013 -0.6256 -0.0108301
-0.294568 -0.594361 -0.0108625
-0.357309 -0.563493 -0.0108302
-0.417823 -0.53418 -0.0107345
-0.473787 -0.50755 -0.010579
-0.523048 -0.484626 -0.0103698
-0.563713 -0.466288 -0.0101148
-0.594221 -0.453242 -0.00982392
-0.613399 -0.445989 -0.00950828
-0.62051 -0.444807 -0.00918002
-0.61528 -0.449742 -0.00885175
-0.597911 -0.460604 -0.00853608
-0.569069 -0.476977 -0.00824515
-0.529864 -0.49823 -0.00799014
-0.481802 -0.523547 -0.00778085
-0.42673 -0.551955 -0.00762531
-0.366764 -0.582362 -0.00752951
-0.304209 -0.613601 -0.00749713
-0.241468 -0.64447 -0.00752941
-0.180953 -0.673783 -0.00762512
-0.124988 -0.700413 -0.00778056
-0.0757256 -0.723339 -0.00798978
-0.0350576 -0.741677 -0.00824473
-0.00454725 -0.754725 -0.00853561
0.0146331 -0.761979 -0.00885124
0.0217465 -0.763163 -0.00917951
0.0165193 -0.758229 -0.00950778
-0.000847342 -0.747368 -0.00982345
-0.0296862 -0.730996 -0.0101144
-0.068889 -0.709744 -0.0103694
-0.116949 -0.684428 -0.0105787
-0.17202 -0.656021 -0.0107343
-0.231985 -0.625614 -0.0108301
-0.29454 -0.594375 -0.0108625
-0.357281 -0.563506 -0.0108302
-0.417798 -0.534193 -0.0107345
-0.473763 -0.507561 -0.0105791
-0.523028 -0.484635 -0.0103699
-0.563698 -0.466295 -0.0101149
-0.59421 -0.453247 -0.00982406
-0.613393 -0.445991 -0.00950842
-0.620509 -0.444806 -0.00918016
-0.615285 -0.449739 -0.00885189
-0.597921 -0.460598 -0.00853622
-0.569084 -0.476968 -0.00824527
-0.529884 -0.498219 -0.00799025
-0.481825 -0.523535 -0.00778093
-0.426756 -0.551942 -0.00762537
-0.366791 -0.582349 -0.00752954
-0.304237 -0.613587 -0.00749713
-0.241495 -0.644456 -0.00752939
-0.180978 -0.67377 -0.00762506
-0.0772876 -0.71184 -0.00987306
-0.0808958 -0.708438 -0.0100992
-0.0928659 -0.700953 -0.0103166
-0.112738 -0.689672 -0.010517
-0.139748 -0.67503 -0.0106927
-0.172859 -0.65759 -0.0108368
-0.210797 -0.63802 -0.0109439
-0.252106 -0.617073 -0.0110099
-0.295197 -0.595555 -0.0110321
-0.338415 -0.574292 -0.0110099
-0.380099 -0.554101 -0.0109439
-0.418647 -0.535758 -0.0108368
-0.452577 -0.519968 -0.0106927
-0.480587 -0.507338 -0.010517
-0.501598 -0.498353 -0.0103167
-0.514805 -0.493358 -0.0100992
-0.519699 -0.492546 -0.00987311
-0.516093 -0.495947 -0.00964699
-0.504125 -0.503432 -0.00942955
-0.484255 -0.514711 -0.00922916
-0.457246 -0.529352 -0.00905351
-0.424136 -0.546793 -0.00890935
-0.386199 -0.566362 -0.00880223
-0.344891 -0.587308 -0.00873626
-0.3018 -0.608827 -0.00871398
-0.258582 -0.63009 -0.00873623
-0.216897 -0.650281 -0.00880218
-0.178349 -0.668625 -0.00890927
-0.144417 -0.684415 -0.0090534
-0.116406 -0.697046 -0.00922903
-0.0953927 -0.706032 -0.00942941
-0.0821841 -0.711027 -0.00964684
-0.0772879 -0.711841 -0.00987296
-0.0808923 -0.70844 -0.0100991
-0.0928588 -0.700957 -0.0103165
-0.112727 -0.689678 -0.0105169
-0.139735 -0.675038 -0.0106926
-0.172843 -0.657598 -0.0108367
-0.21078 -0.638029 -0.0109439
-0.252087 -0.617083 -0.0110099
-0.295178 -0.595564 -0.0110321
-0.338396 -0.574301 -0.0110099
-0.380081 -0.554109 -0.010944
-0.418631 -0.535765 -0.0108369
-0.452563 -0.519974 -0.0106928
-0.480576 -0.507343 -0.0105171
-0.501591 -0.498356 -0.0103168
-0.514801 -0.49336 -0.0100993
-0.519699 -0.492545 -0.00987321
-0.516097 -0.495945 -0.00964709
-0.504132 -0.503427 -0.00942964
-0.484265 -0.514705 -0.00922924
-0.457259 -0.529345 -0.00905358
-0.424152 -0.546785 -0.00890941
-0.386216 -0.566353 -0.00880227
-0.344909 -0.587299 -0.00873628
-0.301819 -0.608817 -0.00871398
-0.2586 -0.630081 -0.00873621
-0.216915 -0.650273 -0.00880214
-0.178365 -0.668617 -0.00890922
-0.144431 -0.684409 -0.00905333
-0.116417 -0.697041 -0.00922895
-0.0954003 -0.706029 -0.00942932
-0.185164 -0.656994 -0.0103
-0.187004 -0.655259 -0.0104153
-0.193107 -0.651443 -0.0105261
-0.203239 -0.645692 -0.0106283
-0.21701 -0.638226 -0.0107179
-0.233892 -0.629334 -0.0107914
-0.253235 -0.619356 -0.010846
-0.274296 -0.608677 -0.0108796
-0.296266 -0.597705 -0.010891
-0.318301 -0.586864 -0.0108796
-0.339554 -0.57657 -0.010846
-0.359207 -0.567218 -0.0107914
-0.376507 -0.559167 -0.0107179
-0.390787 -0.552728 -0.0106283
-0.4015 -0.548147 -0.0105262
-0.408234 -0.5456 -0.0104153
-0.410729 -0.545186 -0.0103
-0.408891 -0.54692 -0.0101847
-0.402789 -0.550736 -0.0100739
-0.392658 -0.556487 -0.0099717
-0.378887 -0.563952 -0.00988215
-0.362006 -0.572844 -0.00980865
-0.342664 -0.582821 -0.00975403
-0.321602 -0.593501 -0.0097204
-0.299632 -0.604472 -0.00970903
-0.277598 -0.615313 -0.00972038
-0.256345 -0.625608 -0.009754
-0.236691 -0.63496 -0.00980861
-0.21939 -0.643011 -0.00988209
-0.205109 -0.649451 -0.00997164
-0.194395 -0.654033 -0.0100738
-0.187661 -0.65658 -0.0101847
-0.297737 -0.60073 -0.0104442
