-0.442655 0.517125 8.73317e-07
-0.548546 0.426344 8.70613e-07
-0.546156 0.427673 9.20149e-07
-0.539785 0.432435 9.67782e-07
-0.529679 0.440449 1.01168e-06
-0.516227 0.451407 1.05016e-06
-0.499944 0.464887 1.08174e-06
-0.481458 0.480371 1.1052e-06
-0.461477 0.497265 1.11965e-06
-0.440771 0.514919 1.12453e-06
-0.420134 0.532654 1.11965e-06
-0.400361 0.54979 1.1052e-06
-0.38221 0.565667 1.08174e-06
-0.366379 0.579676 1.05017e-06
-0.353477 0.591278 1.01169e-06
-0.343999 0.600027 9.67792e-07
-0.338309 0.605587 9.2016e-07
-0.336627 0.607745 8.70624e-07
-0.339017 0.606418 8.21088e-07
-0.345387 0.601656 7.73455e-07
-0.355492 0.593642 7.29556e-07
-0.368944 0.582685 6.91077e-07
-0.385226 0.569206 6.59498e-07
-0.403712 0.553722 6.36031e-07
-0.423692 0.536829 6.21579e-07
-0.444398 0.519175 6.16697e-07
-0.465035 0.50144 6.21573e-07
-0.484809 0.484304 6.36018e-07
-0.50296 0.468426 6.59479e-07
-0.518792 0.454417 6.91054e-07
-0.531695 0.442814 7.29528e-07
-0.541173 0.434064 7.73425e-07
-0.546864 0.428503 8.21056e-07
-0.650231 0.338892 8.62606e-07
-0.645542 0.341498 9.59774e-07
-0.633045 0.35084 1.05321e-06
-0.613222 0.366561 1.13932e-06
-0.586834 0.388055 1.21479e-06
-0.554894 0.414497 1.27674e-06
-0.518632 0.44487 1.32276e-06
-0.479439 0.478008 1.35111e-06
-0.438822 0.512637 1.36068e-06
-0.398342 0.547426 1.35111e-06
-0.359554 0.581039 1.32277e-06
-0.32395 0.612183 1.27675e-06
-0.292897 0.639663 1.21481e-06
-0.267588 0.662421 1.13934e-06
-0.248996 0.679583 1.05323e-06
-0.237836 0.690491 9.59795e-07
-0.234537 0.694724 8.62627e-07
-0.239225 0.692119 7.65459e-07
-0.251719 0.682778 6.72023e-07
-0.271541 0.667059 5.85912e-07
-0.297928 0.645567 5.10433e-07
-0.329866 0.619126 4.48487e-07
-0.366128 0.588753 4.02456e-07
-0.405321 0.555615 3.74107e-07
-0.445938 0.520986 3.64531e-07
-0.486418 0.486197 3.74095e-07
-0.525206 0.452584 4.02431e-07
-0.560811 0.421439 4.48451e-07
-0.591865 0.393959 5.10387e-07
-0.617176 0.371199 5.85858e-07
-0.635769 0.354036 6.71963e-07
-0.64693 0.343127 7.65395e-07
-0.650232 0.338892 8.62563e-07
-0.645546 0.341495 9.59732e-07
-0.633053 0.350835 1.05317e-06
-0.613232 0.366552 1.13928e-06
-0.586847 0.388044 1.21476e-06
-0.55491 0.414484 1.27671e-06
-0.518648 0.444856 1.32275e-06
-0.479456 0.477993 1.3511e-06
-0.43884 0.512622 1.36068e-06
-0.398359 0.547411 1.35112e-06
-0.359571 0.581025 1.32279e-06
-0.323965 0.61217 1.27677e-06
-0.292909 0.639652 1.21484e-06
-0.267598 0.662412 1.13937e-06
-0.249003 0.679577 1.05327e-06
-0.23784 0.690487 9.59838e-07
-0.234537 0.694723 8.62671e-07
-0.239221 0.692122 7.65501e-07
-0.251712 0.682784 6.72063e-07
-0.271531 0.667068 5.85947e-07
-0.297915 0.645577 5.10463e-07
-0.329851 0.619138 4.48511e-07
-0.366112 0.588767 4.02472e-07
-0.405303 0.55563 3.74116e-07
-0.445919 0.521002 3.64531e-07
-0.4864 0.486212 3.74086e-07
-0.525189 0.452598 4.02415e-07
-0.560796 0.421452 4.48427e-07
-0.591853 0.39397 5.10356e-07
-0.617166 0.371208 5.85822e-07
-0.635762 0.354042 6.71923e-07
-0.743802 0.258129 8.49603e-07
-0.736994 0.261912 9.90669e-07
-0.718852 0.275475 1.12631e-06
-0.690073 0.298298 1.25133e-06
-0.651763 0.329502 1.3609e-06
-0.605395 0.36789 1.45083e-06
-0.552749 0.411985 1.51765e-06
-0.49585 0.460094 1.5588e-06
-0.436883 0.510368 1.5727e-06
-0.378115 0.560874 1.55881e-06
-0.321804 0.609672 1.51766e-06
-0.270115 0.654887 1.45084e-06
-0.225032 0.694781 1.36092e-06
-0.18829 0.727821 1.25135e-06
-0.161299 0.752737 1.12634e-06
-0.145097 0.768572 9.907e-07
-0.140307 0.774717 8.49634e-07
-0.147112 0.770936 7.08567e-07
-0.165252 0.757375 5.72919e-07
-0.194029 0.734555 4.47904e-07
-0.232337 0.703352 3.38326e-07
-0.278704 0.664966 2.48395e-07
-0.331348 0.620871 1.81568e-07
-0.388247 0.572763 1.40412e-07
-0.447213 0.522489 1.26509e-07
-0.505982 0.471983 1.40393e-07
-0.562293 0.423184 1.81532e-07
-0.613984 0.377969 2.48343e-07
-0.659068 0.338074 3.38259e-07
-0.695813 0.305032 4.47826e-07
-0.722806 0.280114 5.72832e-07
-0.73901 0.264277 7.08474e-07
-0.743803 0.25813 8.4954e-07
-0.737 0.261908 9.90608e-07
-0.718863 0.275467 1.12626e-06
-0.690088 0.298285 1.25127e-06
-0.651782 0.329487 1.36086e-06
-0.605417 0.367872 1.45079e-06
-0.552773 0.411965 1.51763e-06
-0.495875 0.460073 1.55879e-06
-0.436909 0.510346 1.5727e-06
-0.378141 0.560852 1.55882e-06
-0.321828 0.609652 1.51769e-06
-0.270136 0.654868 1.45088e-06
-0.22505 0.694765 1.36097e-06
-0.188304 0.727808 1.25141e-06
-0.161309 0.752728 1.1264e-06
-0.145102 0.768567 9.90762e-07
-0.140307 0.774716 8.49697e-07
-0.147107 0.77094 7.08628e-07
-0.165242 0.757383 5.72977e-07
-0.194014 0.734567 4.47956e-07
-0.232318 0.703367 3.3837e-07
-0.278682 0.664984 2.4843e-07
-0.331324 0.620892 1.81592e-07
-0.388221 0.572785 1.40424e-07
-0.447187 0.522512 1.26509e-07
-0.505956 0.472005 1.40381e-07
-0.562269 0.423205 1.81508e-07
-0.613963 0.377988 2.48308e-07
-0.65905 0.33809 3.38215e-07
-0.695799 0.305045 4.47774e-07
-0.722796 0.280123 5.72774e-07
-0.739005 0.264282 7.08413e-07
-0.743803 0.25813 8.49477e-07
-0.737005 0.261904 9.90546e-07
-0.718873 0.275459 1.1262e-06
-0.690103 0.298273 1.25122e-06
-0.651801 0.329471 1.36081e-06
-0.605439 0.367853 1.45076e-06
-0.552798 0.411944 1.5176e-06
-0.495901 0.460051 1.55877e-06
-0.436935 0.510323 1.5727e-06
-0.378166 0.56083 1.55883e-06
-0.321852 0.609631 1.51771e-06
-0.270158 0.654849 1.45091e-06
-0.225069 0.694748 1.36101e-06
-0.188318 0.727795 1.25146e-06
-0.161318 0.752718 1.12646e-06
-0.145106 0.768562 9.90823e-07
-0.140306 0.774716 8.49759e-07
-0.147101 0.770944 7.0869e-07
-0.165231 0.757391 5.73035e-07
-0.193999 0.734579 4.48009e-07
-0.232299 0.703383 3.38415e-07
-0.27866 0.665002 2.48465e-07
-0.3313 0.620912 1.81616e-07
-0.388196 0.572806 1.40436e-07
-0.447161 0.522534 1.26509e-07
-0.50593 0.472027 1.40369e-07
-0.562245 0.423226 1.81484e-07
-0.825664 0.187159 8.32103e-07
-0.816999 0.191974 1.01165e-06
-0.793908 0.209236 1.18429e-06
-0.75728 0.238284 1.3434e-06
-0.70852 0.278 1.48286e-06
-0.649504 0.326858 1.59732e-06
-0.582499 0.382981 1.68237e-06
-0.510079 0.444212 1.73474e-06
-0.435029 0.508199 1.75243e-06
-0.360232 0.572481 1.73475e-06
-0.288562 0.634589 1.68238e-06
-0.222773 0.692137 1.59734e-06
-0.165394 0.742912 1.48289e-06
-0.118629 0.784964 1.34344e-06
-0.0842766 0.816676 1.18433e-06
-0.0636556 0.83683 1.01169e-06
-0.0575589 0.844651 8.32143e-07
-0.0662207 0.83984 6.52598e-07
-0.0893081 0.82258 4.79951e-07
-0.125934 0.793535 3.20837e-07
-0.174691 0.753821 1.8137e-07
-0.233705 0.704964 6.691e-08
-0.300709 0.648842 -1.81452e-08
-0.373127 0.587612 -7.05268e-08
-0.448177 0.523626 -8.82218e-08
-0.522975 0.459344 -7.05501e-08
-0.594646 0.397235 -1.8191e-08
-0.660436 0.339686 6.68435e-08
-0.717818 0.288909 1.81286e-07
-0.764585 0.246855 3.20738e-07
-0.79894 0.215141 4.79841e-07
-0.819564 0.194984 6.52481e-07
-0.825664 0.18716 8.32023e-07
-0.817006 0.191969 1.01157e-06
-0.793922 0.209226 1.18422e-06
-0.757299 0.238268 1.34334e-06
-0.708544 0.27798 1.48281e-06
-0.649532 0.326835 1.59727e-06
-0.58253 0.382955 1.68234e-06
-0.510112 0.444185 1.73472e-06
-0.435062 0.50817 1.75243e-06
-0.360264 0.572453 1.73476e-06
-0.288592 0.634563 1.68241e-06
-0.2228 0.692113 1.59738e-06
-0.165417 0.742891 1.48295e-06
-0.118647 0.784947 1.3435e-06
-0.0842888 0.816664 1.1844e-06
-0.0636616 0.836824 1.01176e-06
-0.0575583 0.844651 8.32223e-07
-0.0662136 0.839844 6.52676e-07
-0.0892948 0.82259 4.80025e-07
-0.125915 0.79355 3.20904e-07
-0.174667 0.75384 1.81427e-07
-0.233677 0.704988 6.69544e-08
-0.300678 0.648869 -1.81146e-08
-0.373094 0.58764 -7.05112e-08
-0.448144 0.523655 -8.82217e-08
-0.522943 0.459372 -7.05657e-08
-0.594616 0.397261 -1.82216e-08
-0.660409 0.33971 6.67991e-08
-0.717794 0.28893 1.81229e-07
-0.764567 0.246872 3.20671e-07
-0.798928 0.215152 4.79767e-07
-0.819559 0.19499 6.52402e-07
-0.825665 0.18716 8.31943e-07
-0.817013 0.191964 1.01149e-06
-0.793935 0.209216 1.18414e-06
-0.757318 0.238253 1.34327e-06
-0.708568 0.27796 1.48275e-06
-0.64956 0.326811 1.59723e-06
-0.582561 0.382929 1.68231e-06
-0.510145 0.444157 1.73471e-06
-0.435096 0.508142 1.75243e-06
-0.360297 0.572425 1.73478e-06
-0.288623 0.634536 1.68244e-06
-0.222828 0.692089 1.59743e-06
-0.16544 0.742871 1.483e-06
-0.118665 0.784931 1.34357e-06
-0.0843011 0.816653 1.18448e-06
-0.0636675 0.836817 1.01184e-06
-0.0575578 0.84465 8.32303e-07
-0.0662066 0.839849 6.52755e-07
-0.0892816 0.8226 4.80099e-07
-0.125896 0.793565 3.2097e-07
-0.174643 0.75386 1.81483e-07
-0.233649 0.705011 6.69988e-08
-0.300647 0.648895 -1.8084e-08
-0.373062 0.587668 -7.04956e-08
-0.448111 0.523683 -8.82217e-08
-0.52291 0.4594 -7.05813e-08
-0.594585 0.397288 -1.82521e-08
-0.660382 0.339734 6.67548e-08
-0.717771 0.28895 1.81173e-07
-0.764549 0.246888 3.20605e-07
-0.798916 0.215164 4.79693e-07
-0.819553 0.194996 6.52324e-07
-0.825666 0.187161 8.31863e-07
-0.81702 0.191959 1.01141e-06
-0.793948 0.209205 1.18407e-06
-0.757337 0.238238 1.3432e-06
-0.708592 0.277941 1.48269e-06
-0.649588 0.326788 1.59719e-06
-0.582592 0.382903 1.68227e-06
-0.510178 0.444129 1.73469e-06
-0.435129 0.508113 1.75243e-06
-0.360329 0.572397 1.7348e-06
-0.288653 0.634509 1.68247e-06
-0.222855 0.692064 1.59747e-06
-0.165463 0.74285 1.48306e-06
-0.118684 0.784914 1.34363e-06
-0.0843133 0.816641 1.18455e-06
-0.0636735 0.836811 1.01192e-06
-0.0575572 0.844649 8.32383e-07
-0.0661995 0.839854 6.52833e-07
-0.0892683 0.82261 4.80173e-07
-0.125877 0.79358 3.21037e-07
-0.89267 0.128709 8.1078e-07
-0.882481 0.13437 1.0219e-06
-0.855329 0.154669 1.22491e-06
-0.812258 0.188825 1.412e-06
-0.754923 0.235526 1.57599e-06
-0.685528 0.292978 1.71058e-06
-0.606738 0.358972 1.81059e-06
-0.521581 0.430972 1.87217e-06
-0.433331 0.506212 1.89297e-06
-0.345379 0.5818 1.87218e-06
-0.261103 0.654832 1.8106e-06
-0.183744 0.722501 1.71061e-06
-0.116273 0.782206 1.57603e-06
-0.0612839 0.831654 1.41204e-06
-0.0208892 0.868944 1.22495e-06
0.0033585 0.892642 1.02195e-06
0.0105275 0.901839 8.10827e-07
0.000342315 0.896181 5.99704e-07
-0.0268057 0.875886 3.96693e-07
-0.0698733 0.841732 2.09594e-07
-0.127205 0.795034 4.55978e-08
-0.196599 0.737584 -8.89936e-08
-0.275387 0.671592 -1.89008e-07
-0.360542 0.599593 -2.50603e-07
-0.448792 0.524353 -2.7141e-07
-0.536745 0.448765 -2.5063e-07
-0.621022 0.375732 -1.89062e-07
-0.698383 0.308062 -8.90719e-08
-0.765856 0.248354 4.54982e-08
-0.820848 0.198904 2.09477e-07
-0.861246 0.161612 3.96562e-07
-0.885498 0.13791 5.99566e-07
-0.892671 0.12871 8.10686e-07
-0.882489 0.134364 1.02181e-06
-0.855345 0.154657 1.22482e-06
-0.812281 0.188807 1.41193e-06
-0.754952 0.235503 1.57593e-06
-0.68556 0.29295 1.71053e-06
-0.606774 0.358941 1.81055e-06
-0.52162 0.43094 1.87215e-06
-0.43337 0.506179 1.89297e-06
-0.345417 0.581767 1.8722e-06
-0.261139 0.654801 1.81064e-06
-0.183776 0.722473 1.71066e-06
-0.1163 0.782182 1.57609e-06
-0.0613051 0.831635 1.41212e-06
-0.0209036 0.86893 1.22504e-06
0.00335151 0.892635 1.02204e-06
0.0105282 0.901839 8.10921e-07
0.000350617 0.896187 5.99796e-07
-0.0267901 0.875898 3.96779e-07
-0.0698509 0.84175 2.09672e-07
-0.127177 0.795057 4.56642e-08
-0.196566 0.737612 -8.89415e-08
-0.275351 0.671623 -1.88972e-07
-0.360504 0.599626 -2.50584e-07
-0.448753 0.524387 -2.7141e-07
-0.536707 0.448798 -2.50648e-07
-0.620986 0.375763 -1.89098e-07
-0.698351 0.30809 -8.91241e-08
-0.765829 0.248379 4.54318e-08
-0.820827 0.198924 2.09399e-07
-0.861232 0.161625 3.96476e-07
-0.885491 0.137917 5.99474e-07
-0.892671 0.12871 8.10592e-07
-0.882498 0.134359 1.02172e-06
-0.855361 0.154645 1.22474e-06
-0.812303 0.188789 1.41185e-06
-0.75498 0.23548 1.57586e-06
-0.685593 0.292923 1.71047e-06
-0.606811 0.35891 1.81051e-06
-0.521659 0.430907 1.87213e-06
-0.43341 0.506145 1.89297e-06
-0.345455 0.581734 1.87222e-06
-0.261175 0.65477 1.81068e-06
-0.183808 0.722444 1.71071e-06
-0.116328 0.782158 1.57616e-06
-0.0613263 0.831615 1.4122e-06
-0.020918 0.868916 1.22513e-06
0.00334451 0.892628 1.02213e-06
0.0105288 0.901838 8.11014e-07
0.000358915 0.896193 5.99888e-07
-0.0267745 0.87591 3.96866e-07
-0.0698286 0.841768 2.0975e-07
-0.127149 0.79508 4.57306e-08
-0.196533 0.737639 -8.88893e-08
-0.275314 0.671654 -1.88936e-07
-0.360465 0.599658 -2.50566e-07
-0.448714 0.52442 -2.7141e-07
-0.536668 0.448831 -2.50667e-07
-0.62095 0.375795 -1.89134e-07
-0.698318 0.308119 -8.91762e-08
-0.765802 0.248403 4.53654e-08
-0.820806 0.198943 2.09321e-07
-0.861218 0.161639 3.96389e-07
-0.885484 0.137925 5.99382e-07
-0.892672 0.128711 8.10498e-07
-0.882506 0.134353 1.02163e-06
-0.855376 0.154633 1.22465e-06
-0.812325 0.188771 1.41177e-06
-0.755008 0.235457 1.5758e-06
-0.685626 0.292896 1.71042e-06
-0.606847 0.35888 1.81048e-06
-0.521697 0.430874 1.87212e-06
-0.433449 0.506112 1.89297e-06
-0.345494 0.581701 1.87224e-06
-0.261211 0.654738 1.81071e-06
-0.183841 0.722416 1.71076e-06
-0.116355 0.782133 1.57623e-06
-0.0613476 0.831596 1.41228e-06
-0.0209324 0.868903 1.22521e-06
0.00333752 0.89262 1.02222e-06
0.0105295 0.901837 8.11108e-07
0.000367209 0.896199 5.9998e-07
-0.0267589 0.875922 3.96953e-07
-0.0698063 0.841786 2.09828e-07
-0.127121 0.795103 4.5797e-08
-0.1965 0.737667 -8.88371e-08
-0.275278 0.671684 -1.889e-07
-0.360426 0.599691 -2.50548e-07
-0.448674 0.524454 -2.7141e-07
-0.53663 0.448864 -2.50685e-07
-0.620914 0.375826 -1.8917e-07
-0.698286 0.308147 -8.92284e-08
-0.765774 0.248427 4.5299e-08
-0.820785 0.198962 2.09243e-07
-0.861203 0.161653 3.96302e-07
-0.885477 0.137932 5.9929e-07
-0.892673 0.128712 8.10404e-07
-0.882514 0.134347 1.02153e-06
-0.855392 0.154621 1.22456e-06
-0.812348 0.188753 1.41169e-06
-0.755036 0.235434 1.57573e-06
-0.685659 0.292868 1.71037e-06
-0.606883 0.358849 1.81044e-06
-0.521736 0.430841 1.8721e-06
-0.942246 0.085025 7.86452e-07
-0.930924 0.0913155 1.02104e-06
-0.900755 0.11387 1.24661e-06
-0.852897 0.151823 1.4545e-06
-0.78919 0.203715 1.63672e-06
-0.712081 0.267551 1.78626e-06
-0.624534 0.34088 1.89738e-06
-0.529913 0.420883 1.96581e-06
-0.431855 0.504485 1.98892e-06
-0.334127 0.588475 1.96582e-06
-0.240485 0.669623 1.8974e-06
-0.154528 0.744813 1.78629e-06
-0.0795579 0.811154 1.63675e-06
-0.018457 0.866097 1.45454e-06
0.0264273 0.907532 1.24666e-06
0.05337 0.933864 1.02109e-06
0.0613358 0.944084 7.86504e-07
0.0500186 0.937797 5.51917e-07
0.0198533 0.915245 3.26342e-07
-0.028001 0.877296 1.18449e-07
-0.0917052 0.825407 -6.37745e-08
-0.168811 0.761573 -2.13325e-07
-0.256356 0.688246 -3.24455e-07
-0.350976 0.608244 -3.92895e-07
-0.449034 0.524642 -4.16015e-07
-0.546762 0.440653 -3.92926e-07
-0.640406 0.359503 -3.24515e-07
-0.726365 0.284312 -2.13412e-07
-0.801337 0.217968 -6.38852e-08
-0.862442 0.163022 1.18318e-07
-0.90733 0.121585 3.26197e-07
-0.934277 0.0952487 5.51763e-07
-0.942247 0.0850259 7.86348e-07
-0.930934 0.0913091 1.02094e-06
-0.900772 0.113857 1.24651e-06
-0.852922 0.151803 1.45441e-06
-0.789221 0.203689 1.63664e-06
-0.712118 0.267521 1.7862e-06
-0.624575 0.340846 1.89734e-06
-0.529956 0.420846 1.96579e-06
-0.431898 0.504448 1.98892e-06
-0.334169 0.588438 1.96584e-06
-0.240525 0.669588 1.89744e-06
-0.154563 0.744781 1.78634e-06
-0.0795882 0.811127 1.63683e-06
-0.0184805 0.866076 1.45463e-06
0.0264113 0.907517 1.24675e-06
0.0533622 0.933856 1.02119e-06
0.0613365 0.944083 7.86609e-07
0.0500278 0.937803 5.52019e-07
0.0198706 0.915259 3.26438e-07
-0.0279762 0.877316 1.18535e-07
-0.0916738 0.825433 -6.37007e-08
-0.168775 0.761603 -2.13267e-07
-0.256316 0.68828 -3.24415e-07
-0.350933 0.608281 -3.92875e-07
-0.44899 0.52468 -4.16015e-07
-0.54672 0.44069 -3.92946e-07
-0.640366 0.359538 -3.24555e-07
-0.726329 0.284343 -2.1347e-07
-0.801307 0.217995 -6.3959e-08
-0.862418 0.163044 1.18232e-07
-0.907314 0.1216 3.26101e-07
-0.934269 0.0952569 5.51661e-07
-0.942247 0.0850267 7.86243e-07
-0.930943 0.0913026 1.02083e-06
-0.90079 0.113843 1.24642e-06
-0.852947 0.151783 1.45433e-06
-0.789252 0.203663 1.63657e-06
-0.712154 0.26749 1.78614e-06
-0.624615 0.340812 1.8973e-06
-0.529999 0.42081 1.96577e-06
-0.431942 0.504411 1.98892e-06
-0.334212 0.588401 1.96586e-06
-0.240565 0.669554 1.89748e-06
-0.154599 0.74475 1.7864e-06
-0.0796185 0.8111 1.6369e-06
-0.0185041 0.866055 1.45472e-06
0.0263953 0.907501 1.24685e-06
0.0533545 0.933848 1.02129e-06
0.0613373 0.944082 7.86713e-07
0.050037 0.937809 5.52121e-07
0.019888 0.915272 3.26535e-07
-0.0279514 0.877336 1.18622e-07
-0.0916425 0.825459 -6.36269e-08
-0.168738 0.761634 -2.13209e-07
-0.256275 0.688314 -3.24375e-07
-0.35089 0.608317 -3.92855e-07
-0.448947 0.524717 -4.16015e-07
-0.546677 0.440726 -3.92967e-07
-0.640326 0.359573 -3.24595e-07
-0.726293 0.284375 -2.13528e-07
-0.801277 0.218022 -6.40327e-08
-0.862395 0.163065 1.18145e-07
-0.907298 0.121615 3.26005e-07
-0.934261 0.095265 5.51559e-07
-0.942248 0.0850276 7.86139e-07
-0.930952 0.0912962 1.02073e-06
-0.900807 0.11383 1.24632e-06
-0.852971 0.151763 1.45424e-06
-0.789284 0.203637 1.63649e-06
-0.712191 0.26746 1.78608e-06
-0.624656 0.340778 1.89726e-06
-0.530042 0.420774 1.96575e-06
-0.431985 0.504373 1.98892e-06
-0.334255 0.588364 1.96588e-06
-0.240605 0.669519 1.89752e-06
-0.154635 0.744718 1.78646e-06
-0.0796487 0.811073 1.63697e-06
-0.0185277 0.866033 1.4548e-06
0.0263793 0.907486 1.24695e-06
0.0533467 0.93384 1.0214e-06
0.061338 0.944081 7.86817e-07
0.0500462 0.937816 5.52224e-07
0.0199053 0.915286 3.26631e-07
-0.0279266 0.877356 1.18709e-07
-0.0916112 0.825484 -6.35531e-08
-0.168701 0.761664 -2.13151e-07
-0.256235 0.688348 -3.24335e-07
-0.350847 0.608353 -3.92834e-07
-0.448903 0.524754 -4.16015e-07
-0.546635 0.440763 -3.92987e-07
-0.640286 0.359607 -3.24635e-07
-0.726258 0.284406 -2.13586e-07
-0.801247 0.218049 -6.41065e-08
-0.862371 0.163087 1.18058e-07
-0.907282 0.12163 3.25908e-07
-0.934253 0.0952732 5.51456e-07
-0.942249 0.0850285 7.86035e-07
-0.930961 0.0912898 1.02063e-06
-0.900824 0.113817 1.24622e-06
-0.852996 0.151743 1.45415e-06
-0.789315 0.203612 1.63642e-06
-0.712227 0.267429 1.78603e-06
-0.624696 0.340744 1.89722e-06
-0.530085 0.420737 1.96573e-06
-0.432029 0.504336 1.98892e-06
-0.334297 0.588328 1.9659e-06
-0.240645 0.669484 1.89756e-06
-0.154671 0.744687 1.78652e-06
-0.079679 0.811046 1.63705e-06
-0.0185513 0.866012 1.45489e-06
0.0263634 0.907471 1.24704e-06
0.0533389 0.933832 1.0215e-06
0.0613387 0.94408 7.86922e-07
0.0500555 0.937822 5.52326e-07
0.0199226 0.915299 3.26728e-07
-0.0279018 0.877376 1.18796e-07
-0.0915799 0.82551 -6.34793e-08
-0.168665 0.761695 -2.13093e-07
-0.256194 0.688382 -3.24295e-07
-0.972486 0.0577859 7.60055e-07
-0.960467 0.0644639 1.00909e-06
-0.92844 0.0884081 1.24856e-06
-0.877634 0.128698 1.46925e-06
-0.810002 0.183787 1.66269e-06
-0.728144 0.251555 1.82145e-06
-0.635204 0.329401 1.93941e-06
-0.534755 0.414332 2.01206e-06
-0.430656 0.503084 2.03659e-06
-0.326909 0.592247 2.01207e-06
-0.227499 0.678394 1.93943e-06
-0.136247 0.758215 1.82148e-06
-0.0566589 0.828643 1.66273e-06
0.00820569 0.886971 1.4693e-06
0.0558547 0.930957 1.24861e-06
0.084457 0.958912 1.00915e-06
0.0929135 0.96976 7.6011e-07
0.0808992 0.963086 5.11073e-07
0.0488757 0.939146 2.71603e-07
-0.00192621 0.898859 5.09042e-08
-0.0695544 0.843774 -1.42543e-07
-0.15141 0.776007 -3.01306e-07
-0.244348 0.698164 -4.19281e-07
-0.344795 0.613234 -4.91937e-07
-0.448894 0.524483 -5.16481e-07
-0.552642 0.43532 -4.9197e-07
-0.652053 0.349171 -4.19345e-07
-0.743308 0.269348 -3.01398e-07
-0.822898 0.198918 -1.42661e-07
-0.887766 0.140588 5.0766e-08
-0.935419 0.0965978 2.7145e-07
-0.964026 0.0686395 5.1091e-07
-0.972487 0.0577869 7.59944e-07
-0.960477 0.0644571 1.00898e-06
-0.928458 0.0883938 1.24846e-06
-0.87766 0.128677 1.46916e-06
-0.810035 0.183759 1.66261e-06
-0.728183 0.251523 1.82138e-06
-0.635247 0.329365 1.93937e-06
-0.534801 0.414293 2.01204e-06
-0.430703 0.503044 2.03659e-06
-0.326954 0.592208 2.01209e-06
-0.227541 0.678357 1.93948e-06
-0.136285 0.758182 1.82154e-06
-0.0566911 0.828614 1.66281e-06
0.00818066 0.886948 1.46939e-06
0.0558377 0.930941 1.24871e-06
0.0844488 0.958903 1.00925e-06
0.0929143 0.969759 7.60221e-07
0.0809089 0.963093 5.11182e-07
0.0488941 0.93916 2.71706e-07
-0.00189988 0.89888 5.09963e-08
-0.0695212 0.843801 -1.42465e-07
-0.151371 0.77604 -3.01244e-07
-0.244305 0.6982 -4.19239e-07
-0.34475 0.613273 -4.91916e-07
-0.448847 0.524522 -5.16481e-07
-0.552597 0.435359 -4.91991e-07
-0.652011 0.349208 -4.19387e-07
-0.74327 0.269382 -3.01459e-07
-0.822866 0.198947 -1.42739e-07
-0.887741 0.14061 5.06739e-08
-0.935402 0.0966138 2.71347e-07
-0.964018 0.0686481 5.10801e-07
-0.972488 0.0577878 7.59833e-07
-0.960487 0.0644503 1.00887e-06
-0.928477 0.0883795 1.24835e-06
-0.877687 0.128656 1.46907e-06
-0.810069 0.183732 1.66254e-06
-0.728221 0.251491 1.82132e-06
-0.63529 0.329329 1.93933e-06
-0.534846 0.414254 2.01201e-06
-0.430749 0.503005 2.03659e-06
-0.326999 0.592169 2.01211e-06
-0.227583 0.67832 1.93952e-06
-0.136323 0.758148 1.8216e-06
-0.0567232 0.828586 1.66289e-06
0.00815563 0.886925 1.46948e-06
0.0558208 0.930925 1.24881e-06
0.0844405 0.958894 1.00936e-06
0.0929151 0.969758 7.60332e-07
0.0809187 0.9631 5.1129e-07
0.0489126 0.939174 2.71808e-07
-0.00187354 0.898901 5.10884e-08
-0.0694879 0.843829 -1.42387e-07
-0.151332 0.776072 -3.01183e-07
-0.244261 0.698236 -4.19197e-07
-0.344704 0.613312 -4.91894e-07
-0.448801 0.524562 -5.16481e-07
-0.552552 0.435397 -4.92013e-07
-0.651969 0.349245 -4.1943e-07
-0.743232 0.269415 -3.01521e-07
-0.822834 0.198976 -1.42818e-07
-0.887716 0.140633 5.05819e-08
-0.935385 0.0966298 2.71245e-07
-0.96401 0.0686567 5.10693e-07
-0.972489 0.0577887 7.59723e-07
-0.960497 0.0644435 1.00877e-06
-0.928495 0.0883653 1.24825e-06
-0.877713 0.128635 1.46898e-06
-0.810102 0.183705 1.66246e-06
-0.72826 0.251458 1.82126e-06
-0.635333 0.329292 1.93929e-06
-0.534892 0.414216 2.01199e-06
-0.430795 0.502965 2.03659e-06
-0.327044 0.59213 2.01213e-06
-0.227626 0.678283 1.93956e-06
-0.136361 0.758115 1.82166e-06
-0.0567553 0.828557 1.66297e-06
0.0081306 0.886902 1.46957e-06
0.0558038 0.930909 1.24892e-06
0.0844323 0.958886 1.00947e-06
0.0929158 0.969758 7.60443e-07
0.0809285 0.963107 5.11399e-07
0.048931 0.939189 2.7191e-07
-0.00184721 0.898923 5.11805e-08
-0.0694547 0.843856 -1.42308e-07
-0.151293 0.776105 -3.01121e-07
-0.244218 0.698272 -4.19154e-07
-0.344659 0.61335 -4.91872e-07
-0.448755 0.524601 -5.16481e-07
-0.552506 0.435436 -4.92035e-07
-0.651926 0.349282 -4.19472e-07
-0.743194 0.269449 -3.01583e-07
-0.822802 0.199004 -1.42896e-07
-0.887691 0.140656 5.04898e-08
-0.935369 0.0966459 2.71143e-07
-0.964001 0.0686654 5.10584e-07
-0.972489 0.0577897 7.59612e-07
-0.960507 0.0644367 1.00866e-06
-0.928513 0.088351 1.24815e-06
-0.877739 0.128614 1.46888e-06
-0.810135 0.183677 1.66238e-06
-0.728299 0.251426 1.8212e-06
-0.635376 0.329256 1.93924e-06
-0.534937 0.414177 2.01197e-06
-0.430841 0.502926 2.03659e-06
-0.327089 0.592091 2.01216e-06
-0.227668 0.678246 1.9396e-06
-0.136399 0.758081 1.82172e-06
-0.0567875 0.828528 1.66304e-06
0.00810557 0.886879 1.46967e-06
0.0557868 0.930893 1.24902e-06
0.084424 0.958877 1.00958e-06
0.0929166 0.969757 7.60553e-07
0.0809383 0.963113 5.11507e-07
0.0489494 0.939203 2.72013e-07
-0.00182088 0.898944 5.12727e-08
-0.0694215 0.843883 -1.4223e-07
-0.151255 0.776137 -3.01059e-07
-0.244175 0.698309 -4.19112e-07
-0.344613 0.613389 -4.91851e-07
-0.448709 0.524641 -5.16481e-07
-0.552461 0.435475 -4.92056e-07
-0.651884 0.349319 -4.19515e-07
-0.743156 0.269482 -3.01644e-07
-0.82277 0.199033 -1.42974e-07
-0.887666 0.140679 5.03977e-08
-0.935352 0.0966619 2.7104e-07
-0.963993 0.068674 5.10475e-07
-0.982229 0.0480385 7.32603e-07
-0.969975 0.0548474 9.86519e-07
-0.93732 0.0792607 1.23068e-06
-0.885518 0.120341 1.4557e-06
-0.816561 0.176508 1.65293e-06
-0.733099 0.245605 1.81479e-06
-0.638338 0.324976 1.93507e-06
-0.535921 0.411571 2.00914e-06
-0.429782 0.502062 2.03415e-06
-0.324002 0.592972 2.00915e-06
-0.222644 0.680807 1.93509e-06
-0.129603 0.762193 1.81482e-06
-0.0484562 0.834 1.65297e-06
0.0176794 0.893471 1.45574e-06
0.0662621 0.938319 1.23073e-06
0.0954249 0.966822 9.86575e-07
0.104047 0.977883 7.32659e-07
0.0917973 0.971078 4.78742e-07
0.0591464 0.946669 2.3458e-07
0.00734901 0.905592 9.55624e-09
-0.0616044 0.849428 -1.87682e-07
-0.145064 0.780334 -3.49555e-07
-0.239823 0.700965 -4.69843e-07
-0.342239 0.614371 -5.43922e-07
-0.448377 0.52388 -5.68947e-07
-0.554158 0.43297 -5.43955e-07
-0.655517 0.345134 -4.69908e-07
-0.74856 0.263746 -3.49649e-07
-0.82971 0.191936 -1.87802e-07
-0.895849 0.132463 9.41538e-09
-0.944436 0.087611 2.34423e-07
-0.973603 0.0591047 4.78576e-07
-0.98223 0.0480395 7.3249e-07
-0.969985 0.0548404 9.86408e-07
-0.937338 0.0792462 1.23057e-06
-0.885545 0.120319 1.4556e-06
-0.816595 0.17648 1.65285e-06
-0.733138 0.245572 1.81473e-06
-0.638382 0.324939 1.93503e-06
-0.535967 0.411531 2.00912e-06
-0.429829 0.502022 2.03415e-06
-0.324048 0.592932 2.00917e-06
-0.222687 0.68077 1.93513e-06
-0.129642 0.762159 1.81489e-06
-0.048489 0.833971 1.65305e-06
0.0176539 0.893448 1.45584e-06
0.0662448 0.938303 1.23083e-06
0.0954165 0.966813 9.86685e-07
0.104048 0.977882 7.32772e-07
0.0918073 0.971085 4.78853e-07
0.0591652 0.946683 2.34684e-07
0.00737586 0.905614 9.65015e-09
-0.0615705 0.849456 -1.87602e-07
-0.145024 0.780367 -3.49492e-07
-0.239779 0.701001 -4.69799e-07
-0.342192 0.61441 -5.439e-07
-0.44833 0.523921 -5.68947e-07
-0.554112 0.43301 -5.43977e-07
-0.655474 0.345171 -4.69951e-07
-0.748521 0.263781 -3.49712e-07
-0.829677 0.191966 -1.87882e-07
-0.895824 0.132486 9.32147e-09
-0.944419 0.0876273 2.34319e-07
-0.973595 0.0591135 4.78465e-07
-0.982231 0.0480404 7.32377e-07
-0.969995 0.0548335 9.86298e-07
-0.937357 0.0792316 1.23047e-06
-0.885572 0.120297 1.45551e-06
-0.816629 0.176452 1.65277e-06
-0.733178 0.245539 1.81467e-06
-0.638426 0.324902 1.93498e-06
-0.536013 0.411492 2.00909e-06
-0.429876 0.501981 2.03415e-06
-0.324094 0.592893 2.00919e-06
-0.22273 0.680732 1.93518e-06
-0.129681 0.762124 1.81495e-06
-0.0485217 0.833942 1.65313e-06
0.0176284 0.893425 1.45593e-06
0.0662275 0.938287 1.23094e-06
0.0954081 0.966804 9.86796e-07
0.104049 0.977881 7.32885e-07
0.0918173 0.971092 4.78963e-07
0.059184 0.946698 2.34789e-07
0.00740271 0.905636 9.74408e-09
-0.0615366 0.849484 -1.87522e-07
-0.144985 0.7804 -3.4943e-07
-0.239735 0.701038 -4.69756e-07
-0.342146 0.61445 -5.43878e-07
-0.448282 0.523961 -5.68947e-07
-0.554066 0.433049 -5.43999e-07
-0.655431 0.345209 -4.69994e-07
-0.748482 0.263815 -3.49775e-07
-0.829644 0.191995 -1.87961e-07
-0.895798 0.132509 9.22758e-09
-0.944401 0.0876436 2.34215e-07
-0.973586 0.0591223 4.78354e-07
-0.982232 0.0480414 7.32264e-07
-0.970005 0.0548265 9.86187e-07
-0.937376 0.0792171 1.23036e-06
-0.885599 0.120276 1.45541e-06
-0.816663 0.176425 1.65269e-06
-0.733218 0.245506 1.8146e-06
-0.63847 0.324865 1.93494e-06
-0.53606 0.411453 2.00907e-06
-0.429924 0.501941 2.03415e-06
-0.32414 0.592853 2.00922e-06
-0.222773 0.680694 1.93522e-06
-0.12972 0.76209 1.81501e-06
-0.0485545 0.833913 1.65321e-06
0.0176029 0.893401 1.45603e-06
0.0662102 0.93827 1.23104e-06
0.0953997 0.966795 9.86907e-07
0.104049 0.97788 7.32998e-07
0.0918273 0.971099 4.79074e-07
0.0592027 0.946712 2.34893e-07
0.00742956 0.905657 9.838e-09
-0.0615027 0.849511 -1.87442e-07
-0.144945 0.780433 -3.49367e-07
-0.239691 0.701075 -4.69713e-07
-0.3421 0.614489 -5.43856e-07
-0.448235 0.524001 -5.68947e-07
-0.55402 0.433089 -5.44021e-07
-0.655388 0.345246 -4.70037e-07
-0.748444 0.263849 -3.49837e-07
-0.829612 0.192024 -1.88041e-07
-0.895773 0.132532 9.13369e-09
-0.944384 0.0876599 2.3411e-07
-0.973578 0.0591312 4.78243e-07
-0.982232 0.0480423 7.32151e-07
-0.970015 0.0548196 9.86076e-07
-0.937395 0.0792025 1.23026e-06
-0.885626 0.120254 1.45532e-06
-0.816697 0.176397 1.65261e-06
-0.733257 0.245473 1.81454e-06
-0.638513 0.324828 1.9349e-06
-0.536106 0.411413 2.00905e-06
-0.429971 0.501901 2.03415e-06
-0.324186 0.592813 2.00924e-06
-0.222817 0.680657 1.93526e-06
-0.129758 0.762056 1.81507e-06
-0.0485872 0.833884 1.65329e-06
0.0175774 0.893378 1.45612e-06
0.0661929 0.938254 1.23115e-06
0.0953913 0.966787 9.87018e-07
0.10405 0.977879 7.33111e-07
0.0918373 0.971106 4.79185e-07
0.0592215 0.946727 2.34997e-07
0.0074564 0.905679 9.93193e-09
-0.0614688 0.849539 -1.87362e-07
-0.144905 0.780466 -3.49304e-07
-0.239647 0.701112 -4.6967e-07
-0.342053 0.614528 -5.43834e-07
-0.448188 0.524042 -5.68947e-07
-0.553974 0.433129 -5.44043e-07
-0.655344 0.345284 -4.7008e-07
-0.748405 0.263883 -3.499e-07
-0.829579 0.192053 -1.88121e-07
-0.895747 0.132556 9.0398e-09
-0.944367 0.0876762 2.34006e-07
-0.97357 0.05914 4.78133e-07
-0.982233 0.0480433 7.32038e-07
-0.970025 0.0548127 9.85965e-07
-0.937413 0.079188 1.23016e-06
-0.9711 0.0561574 7.05151e-07
-0.959081 0.0628354 9.54189e-07
-0.927053 0.0867798 1.19366e-06
-0.876247 0.12707 1.41435e-06
-0.808615 0.182159 1.6078e-06
-0.726756 0.249929 1.76655e-06
-0.633815 0.327775 1.88452e-06
-0.533365 0.412706 1.95716e-06
-0.429266 0.501459 1.9817e-06
-0.325517 0.590623 1.95718e-06
-0.226106 0.676771 1.88454e-06
-0.134853 0.756593 1.76658e-06
-0.0552649 0.827021 1.60784e-06
0.00960025 0.885349 1.4144e-06
0.0572497 0.929336 1.19371e-06
0.0858522 0.957291 9.54244e-07
0.0943088 0.96814 7.05206e-07
0.0822943 0.961465 4.56166e-07
0.0502706 0.937525 2.16695e-07
-0.000531744 0.897238 -4.00633e-09
-0.0681605 0.842152 -1.97456e-07
-0.150017 0.774385 -3.56219e-07
-0.242955 0.696541 -4.74196e-07
-0.343404 0.61161 -5.46853e-07
-0.447503 0.522858 -5.71397e-07
-0.551252 0.433694 -5.46885e-07
-0.650664 0.347545 -4.7426e-07
-0.74192 0.267722 -3.56312e-07
-0.821511 0.197291 -1.97573e-07
-0.88638 0.13896 -4.14448e-09
-0.934033 0.0949696 2.16541e-07
-0.96264 0.067011 4.56003e-07
-0.971101 0.0561583 7.0504e-07
-0.959091 0.0628286 9.54081e-07
-0.927072 0.0867655 1.19356e-06
-0.876273 0.127049 1.41426e-06
-0.808648 0.182132 1.60772e-06
-0.726794 0.249896 1.76649e-06
-0.633858 0.327739 1.88448e-06
-0.533411 0.412668 1.95714e-06
-0.429312 0.50142 1.9817e-06
-0.325562 0.590584 1.9572e-06
-0.226149 0.676734 1.88458e-06
-0.134891 0.756559 1.76664e-06
-0.0552971 0.826992 1.60791e-06
0.00957522 0.885326 1.41449e-06
0.0572327 0.92932 1.19381e-06
0.085844 0.957282 9.54352e-07
0.0943096 0.968139 7.05317e-07
0.0823041 0.961472 4.56275e-07
0.0502891 0.937539 2.16797e-07
-0.000505406 0.897259 -3.91421e-09
-0.0681273 0.842179 -1.97377e-07
-0.149978 0.774417 -3.56158e-07
-0.242912 0.696577 -4.74154e-07
-0.343358 0.611649 -5.46831e-07
-0.447457 0.522898 -5.71397e-07
-0.551207 0.433733 -5.46907e-07
-0.650622 0.347582 -4.74302e-07
-0.741882 0.267755 -3.56373e-07
-0.821479 0.19732 -1.97651e-07
-0.886355 0.138982 -4.23658e-09
-0.934016 0.0949856 2.16439e-07
-0.962632 0.0670196 4.55895e-07
-0.971102 0.0561592 7.04929e-07
-0.959101 0.0628218 9.53972e-07
-0.92709 0.0867512 1.19345e-06
-0.8763 0.127028 1.41417e-06
-0.808681 0.182104 1.60764e-06
-0.726833 0.249864 1.76643e-06
-0.633901 0.327702 1.88443e-06
-0.533456 0.412629 1.95712e-06
-0.429358 0.50138 1.9817e-06
-0.325607 0.590545 1.95722e-06
-0.226191 0.676697 1.88462e-06
-0.134929 0.756526 1.7667e-06
-0.0553292 0.826964 1.60799e-06
0.00955019 0.885304 1.41458e-06
0.0572157 0.929304 1.19391e-06
0.0858357 0.957273 9.54461e-07
0.0943103 0.968138 7.05428e-07
0.0823139 0.961479 4.56384e-07
0.0503075 0.937553 2.16899e-07
-0.000479072 0.89728 -3.8221e-09
-0.068094 0.842207 -1.97299e-07
-0.149939 0.77445 -3.56096e-07
-0.242869 0.696613 -4.74111e-07
-0.343313 0.611688 -5.46809e-07
-0.447411 0.522937 -5.71397e-07
-0.551162 0.433772 -5.46928e-07
-0.65058 0.347619 -4.74344e-07
-0.741844 0.267788 -3.56435e-07
-0.821447 0.197348 -1.9773e-07
-0.88633 0.139005 -4.32867e-09
-0.933999 0.0950016 2.16337e-07
-0.962623 0.0670282 4.55786e-07
-0.971103 0.0561601 7.04818e-07
-0.959111 0.062815 9.53863e-07
-0.927109 0.0867369 1.19335e-06
-0.876326 0.127007 1.41408e-06
-0.808714 0.182077 1.60756e-06
-0.726872 0.249831 1.76637e-06
-0.633944 0.327666 1.88439e-06
-0.533502 0.41259 1.9571e-06
-0.429404 0.50134 1.9817e-06
-0.325653 0.590506 1.95724e-06
-0.226233 0.67666 1.88467e-06
-0.134967 0.756492 1.76677e-06
-0.0553613 0.826935 1.60807e-06
0.00952516 0.885281 1.41468e-06
0.0571988 0.929288 1.19402e-06
0.0858275 0.957265 9.54569e-07
0.0943111 0.968137 7.05538e-07
0.0823237 0.961486 4.56492e-07
0.0503259 0.937568 2.17002e-07
-0.000452741 0.897301 -3.72998e-09
-0.0680608 0.842234 -1.97221e-07
-0.1499 0.774482 -3.56035e-07
-0.242826 0.696649 -4.74069e-07
-0.343267 0.611726 -5.46788e-07
-0.447364 0.522977 -5.71397e-07
-0.551117 0.433811 -5.4695e-07
-0.650537 0.347656 -4.74387e-07
-0.741806 0.267822 -3.56496e-07
-0.821414 0.197377 -1.97808e-07
-0.886304 0.139028 -4.42076e-09
-0.933982 0.0950176 2.16234e-07
-0.962615 0.0670369 4.55677e-07
-0.971103 0.0561611 7.04707e-07
-0.95912 0.0628082 9.53755e-07
-0.927127 0.0867227 1.19325e-06
-0.876352 0.126986 1.41399e-06
-0.808748 0.18205 1.60748e-06
-0.726911 0.249799 1.7663e-06
-0.633987 0.32763 1.88435e-06
-0.533547 0.412552 1.95708e-06
-0.429451 0.501301 1.9817e-06
-0.325698 0.590467 1.95726e-06
-0.226276 0.676623 1.88471e-06
-0.135005 0.756459 1.76683e-06
-0.0553935 0.826906 1.60815e-06
0.00950012 0.885258 1.41477e-06
0.0571818 0.929272 1.19412e-06
0.0858192 0.957256 9.54678e-07
0.0943119 0.968136 7.05649e-07
0.0823335 0.961493 4.56601e-07
0.0503443 0.937582 2.17104e-07
-0.000426413 0.897322 -3.63785e-09
-0.0680276 0.842261 -1.97142e-07
-0.149861 0.774515 -3.55973e-07
-0.242783 0.696686 -4.74026e-07
-0.343222 0.611765 -5.46766e-07
-0.447318 0.523016 -5.71396e-07
-0.551071 0.43385 -5.46971e-07
-0.650495 0.347693 -4.74429e-07
-0.741768 0.267855 -3.56558e-07
-0.821382 0.197405 -1.97886e-07
-0.886279 0.139051 -4.51284e-09
-0.933965 0.0950336 2.16132e-07
-0.962607 0.0670455 4.55569e-07
-0.939527 0.0818304 6.78753e-07
-0.928205 0.088121 9.13344e-07
-0.898035 0.110676 1.13892e-06
-0.850177 0.148629 1.34681e-06
-0.786468 0.200522 1.52903e-06
-0.709358 0.26436 1.67858e-06
-0.621809 0.33769 1.7897e-06
-0.527187 0.417694 1.85813e-06
-0.429127 0.501298 1.88124e-06
-0.331397 0.585289 1.85814e-06
-0.237753 0.666439 1.78972e-06
-0.151794 0.74163 1.67861e-06
-0.0768235 0.807973 1.52907e-06
-0.0157214 0.862917 1.34686e-06
0.0291636 0.904352 1.13897e-06
0.0561068 0.930685 9.13395e-07
0.0640728 0.940904 6.78805e-07
0.0527553 0.934617 4.44214e-07
0.0225895 0.912066 2.18635e-07
-0.0252656 0.874116 1.07377e-08
-0.088971 0.822226 -1.71489e-07
-0.166078 0.75839 -3.21042e-07
-0.253625 0.685062 -4.32174e-07
-0.348246 0.605059 -5.00616e-07
-0.446306 0.521456 -5.23736e-07
-0.544036 0.437465 -5.00646e-07
-0.637681 0.356313 -4.32234e-07
-0.723642 0.281121 -3.21129e-07
-0.798616 0.214776 -1.71599e-07
-0.859721 0.159829 1.06075e-08
-0.90461 0.118391 2.1849e-07
-0.931557 0.0920543 4.4406e-07
-0.939528 0.0818313 6.78649e-07
-0.928215 0.0881146 9.13242e-07
-0.898053 0.110663 1.13882e-06
-0.850201 0.148609 1.34673e-06
-0.786499 0.200496 1.52896e-06
-0.709394 0.26433 1.67852e-06
-0.62185 0.337656 1.78966e-06
-0.52723 0.417658 1.85811e-06
-0.42917 0.501261 1.88124e-06
-0.33144 0.585252 1.85816e-06
-0.237793 0.666404 1.78976e-06
-0.15183 0.741599 1.67866e-06
-0.0768538 0.807946 1.52914e-06
-0.015745 0.862895 1.34694e-06
0.0291476 0.904337 1.13906e-06
0.056099 0.930677 9.13497e-07
0.0640735 0.940903 6.7891e-07
0.0527646 0.934624 4.44316e-07
0.0226068 0.912079 2.18731e-07
-0.0252408 0.874136 1.08245e-08
-0.0889396 0.822252 -1.71415e-07
-0.166042 0.758421 -3.20984e-07
-0.253584 0.685096 -4.32134e-07
-0.348203 0.605096 -5.00595e-07
-0.446263 0.521493 -5.23736e-07
-0.543994 0.437501 -5.00666e-07
-0.637641 0.356348 -4.32274e-07
-0.723606 0.281152 -3.21187e-07
-0.798586 0.214803 -1.71673e-07
-0.859698 0.15985 1.05208e-08
-0.904594 0.118406 2.18394e-07
-0.93155 0.0920625 4.43958e-07
-0.939528 0.0818321 6.78544e-07
-0.928224 0.0881082 9.13139e-07
-0.89807 0.110649 1.13873e-06
-0.850226 0.14859 1.34664e-06
-0.786531 0.200471 1.52888e-06
-0.709431 0.264299 1.67846e-06
-0.62189 0.337622 1.78962e-06
-0.527273 0.417621 1.85809e-06
-0.429214 0.501224 1.88124e-06
-0.331482 0.585216 1.85818e-06
-0.237833 0.66637 1.7898e-06
-0.151866 0.741567 1.67872e-06
-0.076884 0.807919 1.52922e-06
-0.0157686 0.862874 1.34703e-06
0.0291317 0.904322 1.13916e-06
0.0560913 0.930669 9.136e-07
0.0640742 0.940903 6.79014e-07
0.0527738 0.93463 4.44418e-07
0.0226242 0.912093 2.18828e-07
-0.025216 0.874156 1.09112e-08
-0.0889083 0.822277 -1.71341e-07
-0.166005 0.758451 -3.20926e-07
-0.253544 0.68513 -4.32094e-07
-0.34816 0.605132 -5.00575e-07
-0.446219 0.52153 -5.23736e-07
-0.543951 0.437538 -5.00687e-07
-0.637601 0.356383 -4.32314e-07
-0.723571 0.281184 -3.21245e-07
-0.798555 0.21483 -1.71747e-07
-0.859674 0.159872 1.0434e-08
-0.904578 0.118421 2.18297e-07
-0.931542 0.0920706 4.43855e-07
-0.939529 0.081833 6.7844e-07
-0.928233 0.0881018 9.13037e-07
-0.898087 0.110636 1.13863e-06
-0.850251 0.14857 1.34655e-06
-0.786562 0.200445 1.52881e-06
-0.709468 0.264269 1.6784e-06
-0.621931 0.337588 1.78958e-06
-0.527316 0.417585 1.85807e-06
-0.429257 0.501186 1.88124e-06
-0.331525 0.585179 1.8582e-06
-0.237873 0.666335 1.78984e-06
-0.151902 0.741536 1.67878e-06
-0.0769143 0.807892 1.52929e-06
-0.0157922 0.862853 1.34712e-06
0.0291157 0.904307 1.13926e-06
0.0560835 0.930661 9.13702e-07
0.064075 0.940902 6.79118e-07
0.052783 0.934637 4.44521e-07
0.0226415 0.912106 2.18924e-07
-0.0251912 0.874176 1.0998e-08
-0.088877 0.822303 -1.71267e-07
-0.165969 0.758482 -3.20868e-07
-0.253503 0.685164 -4.32054e-07
-0.348118 0.605168 -5.00554e-07
-0.446175 0.521568 -5.23736e-07
-0.543909 0.437575 -5.00707e-07
-0.637561 0.356418 -4.32354e-07
-0.723535 0.281215 -3.21303e-07
-0.798525 0.214857 -1.71821e-07
-0.859651 0.159893 1.03473e-08
-0.904562 0.118436 2.18201e-07
-0.931534 0.0920787 4.43753e-07
-0.93953 0.0818339 6.78336e-07
-0.928242 0.0880954 9.12935e-07
-0.898105 0.110622 1.13853e-06
-0.850276 0.14855 1.34646e-06
-0.786593 0.200419 1.52874e-06
-0.709504 0.264238 1.67835e-06
-0.621971 0.337554 1.78954e-06
-0.527358 0.417549 1.85805e-06
-0.429301 0.501149 1.88124e-06
-0.331567 0.585142 1.85822e-06
-0.237913 0.6663 1.78988e-06
-0.151938 0.741504 1.67884e-06
-0.0769446 0.807865 1.52936e-06
-0.0158158 0.862831 1.3472e-06
0.0290997 0.904291 1.13935e-06
0.0560757 0.930652 9.13804e-07
0.0640757 0.940901 6.79223e-07
0.0527922 0.934643 4.44623e-07
0.0226589 0.912119 2.1902e-07
-0.0251664 0.874196 1.10848e-08
-0.0888457 0.822329 -1.71194e-07
-0.165932 0.758512 -3.2081e-07
-0.253463 0.685199 -4.32014e-07
-0.888723 0.124071 6.54425e-07
-0.878533 0.129733 8.65553e-07
-0.851381 0.150032 1.06857e-06
-0.808309 0.184189 1.25567e-06
-0.750972 0.230892 1.41966e-06
-0.681574 0.288345 1.55425e-06
-0.602782 0.354341 1.65426e-06
-0.517623 0.426343 1.71585e-06
-0.429371 0.501585 1.73665e-06
-0.341416 0.577176 1.71586e-06
-0.257138 0.65021 1.65428e-06
-0.179776 0.71788 1.55428e-06
-0.112303 0.777587 1.4197e-06
-0.0573125 0.827036 1.25571e-06
-0.0169167 0.864327 1.06861e-06
0.00733174 0.888027 8.65599e-07
0.014501 0.897224 6.54472e-07
0.00431547 0.891566 4.43343e-07
-0.0228333 0.87127 2.40326e-07
-0.0659022 0.837115 5.32217e-08
-0.123236 0.790415 -1.10779e-07
-0.192631 0.732964 -2.45374e-07
-0.271422 0.66697 -3.45392e-07
-0.356579 0.594969 -4.06988e-07
-0.444832 0.519727 -4.27796e-07
-0.532787 0.444136 -4.07016e-07
-0.617066 0.371101 -3.45446e-07
-0.69443 0.303429 -2.45453e-07
-0.761905 0.24372 -1.10879e-07
-0.816899 0.194269 5.31046e-08
-0.857298 0.156975 2.40196e-07
-0.88155 0.133272 4.43205e-07
-0.888723 0.124072 6.54331e-07
-0.878542 0.129727 8.65461e-07
-0.851397 0.15002 1.06848e-06
-0.808331 0.184171 1.25559e-06
-0.751 0.230869 1.4196e-06
-0.681607 0.288317 1.5542e-06
-0.602818 0.35431 1.65422e-06
-0.517662 0.42631 1.71583e-06
-0.42941 0.501552 1.73665e-06
-0.341454 0.577143 1.71587e-06
-0.257174 0.650178 1.65431e-06
-0.179808 0.717852 1.55433e-06
-0.112331 0.777563 1.41976e-06
-0.0573338 0.827017 1.25578e-06
-0.0169311 0.864314 1.0687e-06
0.00732475 0.888019 8.65691e-07
0.0145016 0.897223 6.54566e-07
0.00432377 0.891572 4.43435e-07
-0.0228177 0.871282 2.40413e-07
-0.0658798 0.837133 5.32998e-08
-0.123208 0.790438 -1.10713e-07
-0.192598 0.732992 -2.45322e-07
-0.271385 0.667001 -3.45356e-07
-0.356541 0.595001 -4.0697e-07
-0.444793 0.51976 -4.27796e-07
-0.532749 0.444169 -4.07034e-07
-0.61703 0.371133 -3.45482e-07
-0.694398 0.303458 -2.45505e-07
-0.761878 0.243744 -1.10945e-07
-0.816878 0.194288 5.30265e-08
-0.857284 0.156989 2.40109e-07
-0.881543 0.13328 4.43113e-07
-0.888724 0.124073 6.54237e-07
-0.87855 0.129721 8.65369e-07
-0.851412 0.150008 1.06839e-06
-0.808353 0.184153 1.25551e-06
-0.751028 0.230845 1.41953e-06
-0.68164 0.28829 1.55415e-06
-0.602855 0.354279 1.65419e-06
-0.5177 0.426278 1.71581e-06
-0.429449 0.501518 1.73665e-06
-0.341492 0.57711 1.71589e-06
-0.25721 0.650147 1.65435e-06
-0.179841 0.717824 1.55438e-06
-0.112358 0.777539 1.41983e-06
-0.057355 0.826998 1.25586e-06
-0.0169455 0.8643 1.06878e-06
0.00731776 0.888012 8.65783e-07
0.0145023 0.897222 6.5466e-07
0.00433207 0.891577 4.43527e-07
-0.0228021 0.871294 2.40499e-07
-0.0658575 0.837151 5.33779e-08
-0.12318 0.790462 -1.10646e-07
-0.192566 0.733019 -2.4527e-07
-0.271349 0.667031 -3.4532e-07
-0.356502 0.595034 -4.06951e-07
-0.444753 0.519794 -4.27796e-07
-0.532711 0.444202 -4.07052e-07
-0.616994 0.371164 -3.45518e-07
-0.694365 0.303486 -2.45557e-07
-0.761851 0.243769 -1.11012e-07
-0.816857 0.194307 5.29484e-08
-0.857269 0.157002 2.40022e-07
-0.881536 0.133287 4.43021e-07
-0.888725 0.124073 6.54143e-07
-0.878558 0.129715 8.65277e-07
-0.851428 0.149996 1.06831e-06
-0.808376 0.184135 1.25543e-06
-0.751057 0.230822 1.41946e-06
-0.681673 0.288262 1.55409e-06
-0.602891 0.354249 1.65415e-06
-0.517739 0.426245 1.71579e-06
-0.429488 0.501485 1.73665e-06
-0.34153 0.577077 1.71591e-06
-0.257246 0.650116 1.65439e-06
-0.179873 0.717795 1.55443e-06
-0.112385 0.777515 1.41989e-06
-0.0573762 0.826979 1.25594e-06
-0.0169598 0.864287 1.06887e-06
0.00731076 0.888005 8.65875e-07
0.014503 0.897222 6.54754e-07
0.00434037 0.891583 4.43619e-07
-0.0227865 0.871306 2.40586e-07
-0.0658352 0.837169 5.3456e-08
-0.123151 0.790485 -1.1058e-07
-0.192533 0.733047 -2.45218e-07
-0.271312 0.667062 -3.45284e-07
-0.356464 0.595067 -4.06933e-07
-0.444714 0.519827 -4.27796e-07
-0.532673 0.444235 -4.0707e-07
-0.616959 0.371195 -3.45554e-07
-0.694333 0.303514 -2.45609e-07
-0.761823 0.243793 -1.11078e-07
-0.816835 0.194326 5.28704e-08
-0.857255 0.157016 2.39935e-07
-0.881529 0.133294 4.42929e-07
-0.888725 0.124074 6.54049e-07
-0.878567 0.129709 8.65184e-07
-0.851443 0.149983 1.06822e-06
-0.808398 0.184117 1.25535e-06
-0.751085 0.230799 1.4194e-06
-0.681706 0.288235 1.55404e-06
-0.602928 0.354218 1.65412e-06
-0.517778 0.426212 1.71577e-06
-0.82064 0.181256 6.33101e-07
-0.811975 0.186071 8.12653e-07
-0.788883 0.203334 9.85305e-07
-0.752253 0.232383 1.14442e-06
-0.703491 0.272101 1.28389e-06
-0.644472 0.320961 1.39835e-06
-0.577464 0.377087 1.4834e-06
-0.505042 0.438321 1.53578e-06
-0.429988 0.50231 1.55347e-06
-0.355188 0.566595 1.53579e-06
-0.283514 0.628706 1.48342e-06
-0.217723 0.686256 1.39837e-06
-0.160341 0.737033 1.28392e-06
-0.113575 0.779087 1.14446e-06
-0.0792205 0.8108 9.85342e-07
-0.0585986 0.830955 8.12692e-07
-0.0525016 0.838777 6.33141e-07
-0.0611638 0.833965 4.53588e-07
-0.0842522 0.816704 2.80934e-07
-0.12088 0.787658 1.21813e-07
-0.169639 0.747942 -1.76599e-08
-0.228655 0.699084 -1.32125e-07
-0.295662 0.64296 -2.17184e-07
-0.368084 0.581727 -2.69568e-07
-0.443137 0.517738 -2.87264e-07
-0.517938 0.453453 -2.69591e-07
-0.589612 0.391341 -2.1723e-07
-0.655405 0.33379 -1.32192e-07
-0.712789 0.283011 -1.77446e-08
-0.759558 0.240955 1.21713e-07
-0.793915 0.209239 2.80823e-07
-0.81454 0.189081 4.53471e-07
-0.820641 0.181257 6.33021e-07
-0.811982 0.186066 8.12574e-07
-0.788896 0.203324 9.85231e-07
-0.752272 0.232368 1.14436e-06
-0.703515 0.272081 1.28383e-06
-0.6445 0.320938 1.3983e-06
-0.577495 0.377061 1.48337e-06
-0.505075 0.438293 1.53576e-06
-0.430022 0.502281 1.55347e-06
-0.35522 0.566567 1.5358e-06
-0.283545 0.628679 1.48345e-06
-0.21775 0.686232 1.39842e-06
-0.160364 0.737013 1.28397e-06
-0.113593 0.77907 1.14452e-06
-0.0792327 0.810789 9.85415e-07
-0.0586046 0.830949 8.1277e-07
-0.0525011 0.838776 6.33221e-07
-0.0611567 0.83397 4.53667e-07
-0.084239 0.816715 2.81008e-07
-0.120861 0.787673 1.2188e-07
-0.169615 0.747962 -1.76034e-08
-0.228627 0.699107 -1.32081e-07
-0.295631 0.642986 -2.17154e-07
-0.368051 0.581755 -2.69552e-07
-0.443104 0.517767 -2.87264e-07
-0.517905 0.453481 -2.69607e-07
-0.589582 0.391367 -2.17261e-07
-0.655378 0.333814 -1.32236e-07
-0.712766 0.283031 -1.78011e-08
-0.75954 0.240971 1.21647e-07
-0.793903 0.209251 2.8075e-07
-0.814534 0.189088 4.53392e-07
-0.820641 0.181258 6.32941e-07
-0.811989 0.186061 8.12496e-07
-0.78891 0.203314 9.85157e-07
-0.752291 0.232352 1.14429e-06
-0.703539 0.272061 1.28378e-06
-0.644528 0.320915 1.39826e-06
-0.577526 0.377035 1.48334e-06
-0.505107 0.438265 1.53575e-06
-0.430055 0.502253 1.55347e-06
-0.355253 0.566539 1.53582e-06
-0.283575 0.628653 1.48348e-06
-0.217778 0.686208 1.39846e-06
-0.160388 0.736992 1.28403e-06
-0.113611 0.779054 1.14459e-06
-0.079245 0.810777 9.85489e-07
-0.0586105 0.830943 8.12849e-07
-0.0525005 0.838776 6.33301e-07
-0.0611497 0.833975 4.53745e-07
-0.0842257 0.816725 2.81082e-07
-0.120842 0.787689 1.21946e-07
-0.169591 0.747982 -1.7547e-08
-0.228599 0.699131 -1.32036e-07
-0.2956 0.643012 -2.17123e-07
-0.368018 0.581782 -2.69537e-07
-0.44307 0.517795 -2.87264e-07
-0.517873 0.453509 -2.69623e-07
-0.589551 0.391394 -2.17291e-07
-0.655351 0.333838 -1.32281e-07
-0.712743 0.283052 -1.78576e-08
-0.759522 0.240988 1.21581e-07
-0.793891 0.209262 2.80676e-07
-0.814528 0.189094 4.53314e-07
-0.820642 0.181258 6.32861e-07
-0.811996 0.186056 8.12418e-07
-0.788923 0.203303 9.85083e-07
-0.75231 0.232337 1.14422e-06
-0.703563 0.272042 1.28372e-06
-0.644556 0.320891 1.39822e-06
-0.577557 0.377009 1.48331e-06
-0.50514 0.438237 1.53573e-06
-0.430088 0.502224 1.55347e-06
-0.355285 0.566511 1.53583e-06
-0.283606 0.628626 1.48351e-06
-0.217805 0.686184 1.3985e-06
-0.160411 0.736971 1.28409e-06
-0.113629 0.779037 1.14465e-06
-0.0792572 0.810766 9.85563e-07
-0.0586165 0.830936 8.12927e-07
-0.0524999 0.838775 6.3338e-07
-0.0611426 0.83398 4.53823e-07
-0.0842124 0.816735 2.81155e-07
-0.120823 0.787704 1.22012e-07
-0.737895 0.251188 6.156e-07
-0.731086 0.254971 7.56676e-07
-0.712943 0.268535 8.92331e-07
-0.684162 0.291359 1.01735e-06
-0.64585 0.322566 1.12693e-06
-0.599478 0.360956 1.21686e-06
-0.546829 0.405054 1.28369e-06
-0.489926 0.453167 1.32484e-06
-0.430956 0.503443 1.33874e-06
-0.372184 0.553953 1.32485e-06
-0.315869 0.602754 1.2837e-06
-0.264176 0.647972 1.21688e-06
-0.219091 0.687868 1.12695e-06
-0.182346 0.72091 1.01738e-06
-0.155354 0.745828 8.9236e-07
-0.139151 0.761664 7.56707e-07
-0.13436 0.767809 6.15632e-07
-0.141166 0.764029 4.74555e-07
-0.159307 0.750467 3.38899e-07
-0.188086 0.727645 2.13876e-07
-0.226396 0.69644 1.04291e-07
-0.272766 0.658051 1.43539e-08
-0.325414 0.613954 -5.24778e-08
-0.382316 0.565842 -9.36364e-08
-0.441287 0.515566 -1.0754e-07
-0.500059 0.465056 -9.36547e-08
-0.556374 0.416254 -5.25138e-08
-0.608068 0.371035 1.43016e-08
-0.653155 0.331138 1.04224e-07
-0.689902 0.298094 2.13798e-07
-0.716897 0.273175 3.38812e-07
-0.733102 0.257337 4.74463e-07
-0.737895 0.251189 6.15538e-07
-0.731092 0.254967 7.56615e-07
-0.712954 0.268527 8.92273e-07
-0.684177 0.291347 1.0173e-06
-0.645869 0.32255 1.12689e-06
-0.5995 0.360938 1.21683e-06
-0.546853 0.405034 1.28367e-06
-0.489952 0.453145 1.32483e-06
-0.430982 0.503421 1.33874e-06
-0.372209 0.553931 1.32486e-06
-0.315893 0.602733 1.28373e-06
-0.264198 0.647953 1.21692e-06
-0.219109 0.687852 1.127e-06
-0.18236 0.720897 1.01743e-06
-0.155363 0.745819 8.92418e-07
-0.139155 0.761659 7.56769e-07
-0.13436 0.767809 6.15695e-07
-0.141161 0.764032 4.74617e-07
-0.159297 0.750475 3.38957e-07
-0.188071 0.727657 2.13928e-07
-0.226377 0.696455 1.04335e-07
-0.272744 0.658069 1.43888e-08
-0.32539 0.613974 -5.24538e-08
-0.382291 0.565864 -9.36241e-08
-0.44126 0.515588 -1.0754e-07
-0.500033 0.465078 -9.36669e-08
-0.55635 0.416275 -5.25378e-08
-0.608047 0.371054 1.42668e-08
-0.653137 0.331154 1.0418e-07
-0.689888 0.298107 2.13746e-07
-0.716887 0.273184 3.38754e-07
-0.733098 0.257341 4.74402e-07
-0.737896 0.251189 6.15475e-07
-0.731097 0.254963 7.56553e-07
-0.712964 0.268519 8.92215e-07
-0.684192 0.291335 1.01725e-06
-0.645887 0.322535 1.12684e-06
-0.599522 0.360919 1.21679e-06
-0.546878 0.405013 1.28364e-06
-0.489978 0.453123 1.32482e-06
-0.431008 0.503399 1.33874e-06
-0.372235 0.553909 1.32487e-06
-0.315917 0.602712 1.28375e-06
-0.264219 0.647934 1.21695e-06
-0.219127 0.687836 1.12704e-06
-0.182374 0.720884 1.01748e-06
-0.155373 0.74581 8.92476e-07
-0.13916 0.761654 7.5683e-07
-0.134359 0.767808 6.15757e-07
-0.141155 0.764036 4.74679e-07
-0.159286 0.750483 3.39015e-07
-0.188056 0.727669 2.1398e-07
-0.226358 0.696471 1.04379e-07
-0.272722 0.658088 1.44237e-08
-0.325365 0.613995 -5.24297e-08
-0.382265 0.565886 -9.36118e-08
-0.441234 0.51561 -1.0754e-07
-0.500007 0.4651 -9.36792e-08
-0.556326 0.416296 -5.25618e-08
-0.643667 0.33118 6.02596e-07
-0.638977 0.333785 6.99775e-07
-0.626479 0.343129 7.93219e-07
-0.606654 0.358851 8.79337e-07
-0.580263 0.380347 9.54821e-07
-0.54832 0.406792 1.01677e-06
-0.512054 0.437169 1.0628e-06
-0.472857 0.47031 1.09115e-06
-0.432236 0.504943 1.10072e-06
-0.391751 0.539736 1.09115e-06
-0.35296 0.573352 1.06281e-06
-0.317352 0.6045 1.01678e-06
-0.286295 0.631982 9.54837e-07
-0.260984 0.654742 8.79355e-07
-0.24239 0.671907 7.93239e-07
-0.231229 0.682815 6.99796e-07
-0.227929 0.687048 6.02618e-07
-0.232617 0.684444 5.05439e-07
-0.245114 0.675102 4.11993e-07
-0.264937 0.659381 3.25873e-07
-0.291327 0.637886 2.50386e-07
-0.323269 0.611442 1.88434e-07
-0.359534 0.581066 1.42398e-07
-0.398731 0.547925 1.14046e-07
-0.439352 0.513293 1.04469e-07
-0.479836 0.4785 1.14034e-07
-0.518629 0.444883 1.42373e-07
-0.554238 0.413735 1.88398e-07
-0.585295 0.386252 2.5034e-07
-0.610608 0.36349 3.25819e-07
-0.629203 0.346325 4.11934e-07
-0.640366 0.335415 5.05375e-07
-0.643668 0.33118 6.02553e-07
-0.638981 0.333783 6.99732e-07
-0.626487 0.343123 7.93179e-07
-0.606664 0.358843 8.79301e-07
-0.580276 0.380337 9.54791e-07
-0.548336 0.406779 1.01675e-06
-0.51207 0.437155 1.06279e-06
-0.472874 0.470295 1.09114e-06
-0.432254 0.504927 1.10072e-06
-0.391769 0.539721 1.09116e-06
-0.352976 0.573338 1.06283e-06
-0.317366 0.604487 1.01681e-06
-0.286308 0.631971 9.54867e-07
-0.260993 0.654733 8.79391e-07
-0.242397 0.6719 7.93278e-07
-0.231232 0.682812 6.99838e-07
-0.227929 0.687048 6.02661e-07
-0.232614 0.684447 5.05481e-07
-0.245106 0.675108 4.12033e-07
-0.264927 0.65939 3.25909e-07
-0.291314 0.637897 2.50417e-07
-0.323253 0.611455 1.88458e-07
-0.359518 0.581081 1.42414e-07
-0.398713 0.547941 1.14055e-07
-0.439334 0.513308 1.04469e-07
-0.479819 0.478515 1.14025e-07
-0.518612 0.444898 1.42357e-07
-0.554223 0.413748 1.88374e-07
-0.585283 0.386263 2.5031e-07
-0.610598 0.363499 3.25783e-07
-0.629196 0.346331 4.11894e-07
-0.541578 0.418157 5.94587e-07
-0.539187 0.419485 6.44134e-07
-0.532815 0.424249 6.91777e-07
-0.522707 0.432265 7.35685e-07
-0.509251 0.443225 7.74171e-07
-0.492965 0.456708 8.05755e-07
-0.474474 0.472196 8.29225e-07
-0.45449 0.489093 8.43678e-07
-0.433779 0.50675 8.48559e-07
-0.413138 0.52449 8.4368e-07
-0.39336 0.541629 8.29229e-07
-0.375205 0.55751 8.05761e-07
-0.359371 0.571522 7.74178e-07
-0.346466 0.583126 7.35694e-07
-0.336986 0.591877 6.91787e-07
-0.331295 0.597439 6.44145e-07
-0.329613 0.599597 5.94599e-07
-0.332003 0.59827 5.45052e-07
-0.338374 0.593507 4.97408e-07
-0.348481 0.585491 4.53499e-07
-0.361936 0.574532 4.15012e-07
-0.378222 0.56105 3.83426e-07
-0.396712 0.545562 3.59954e-07
-0.416697 0.528665 3.45499e-07
-0.437407 0.511008 3.40616e-07
-0.458048 0.493268 3.45492e-07
-0.477827 0.476129 3.59941e-07
-0.495982 0.460248 3.83407e-07
-0.511817 0.446235 4.14989e-07
-0.524723 0.43463 4.53472e-07
-0.534203 0.425878 4.97378e-07
-0.539895 0.420316 5.45019e-07
-0.43555 0.508777 5.91883e-07
