-0.228844 0.904601 -0.00175748
-0.229616 0.904438 -0.00173214
-0.229597 0.904423 -0.00178254
-0.229549 0.904416 -0.00183101
-0.229474 0.904417 -0.00187568
-0.229375 0.904427 -0.00191483
-0.229256 0.904444 -0.00194696
-0.229122 0.904469 -0.00197084
-0.228977 0.904499 -0.00198554
-0.228828 0.904535 -0.00199051
-0.228679 0.904575 -0.00198554
-0.228537 0.904617 -0.00197084
-0.228407 0.904659 -0.00194697
-0.228294 0.9047 -0.00191484
-0.228203 0.904739 -0.00187569
-0.228136 0.904774 -0.00183102
-0.228097 0.904803 -0.00178255
-0.228088 0.904825 -0.00173215
-0.228107 0.90484 -0.00168175
-0.228155 0.904847 -0.00163328
-0.22823 0.904846 -0.00158861
-0.228329 0.904837 -0.00154946
-0.228448 0.904819 -0.00151732
-0.228582 0.904795 -0.00149345
-0.228727 0.904764 -0.00147874
-0.228876 0.904728 -0.00147377
-0.229025 0.904689 -0.00147873
-0.229167 0.904647 -0.00149343
-0.229297 0.904605 -0.0015173
-0.22941 0.904563 -0.00154943
-0.229501 0.904525 -0.00158858
-0.229568 0.90449 -0.00163325
-0.229607 0.904461 -0.00168171
-0.230375 0.904344 -0.00165708
-0.230336 0.904314 -0.00175596
-0.230242 0.9043 -0.00185103
-0.230095 0.904302 -0.00193865
-0.229902 0.904321 -0.00201545
-0.229668 0.904355 -0.00207847
-0.229405 0.904403 -0.00212531
-0.229121 0.904463 -0.00215415
-0.228827 0.904534 -0.00216389
-0.228536 0.904611 -0.00215415
-0.228257 0.904693 -0.00212532
-0.228002 0.904776 -0.00207849
-0.227781 0.904857 -0.00201546
-0.227602 0.904933 -0.00193867
-0.227471 0.905001 -0.00185105
-0.227395 0.905058 -0.00175598
-0.227376 0.905102 -0.00165711
-0.227414 0.905132 -0.00155823
-0.227508 0.905146 -0.00146316
-0.227655 0.905144 -0.00137554
-0.227849 0.905125 -0.00129874
-0.228082 0.905091 -0.00123571
-0.228345 0.905043 -0.00118887
-0.228629 0.904983 -0.00116002
-0.228923 0.904912 -0.00115028
-0.229214 0.904835 -0.00116001
-0.229493 0.904753 -0.00118884
-0.229748 0.90467 -0.00123567
-0.229969 0.904589 -0.00129869
-0.230148 0.904513 -0.00137549
-0.230279 0.904445 -0.0014631
-0.230355 0.904388 -0.00155817
-0.230375 0.904344 -0.00165704
-0.230337 0.904314 -0.00175591
-0.230242 0.9043 -0.00185099
-0.230095 0.904302 -0.00193861
-0.229902 0.904321 -0.00201541
-0.229669 0.904355 -0.00207845
-0.229405 0.904403 -0.00212529
-0.229121 0.904463 -0.00215414
-0.228827 0.904534 -0.00216389
-0.228536 0.904611 -0.00215416
-0.228257 0.904693 -0.00212533
-0.228002 0.904776 -0.00207851
-0.227781 0.904857 -0.00201549
-0.227602 0.904933 -0.0019387
-0.227471 0.905001 -0.00185109
-0.227395 0.905058 -0.00175602
-0.227376 0.905102 -0.00165715
-0.227414 0.905132 -0.00155828
-0.227508 0.905146 -0.0014632
-0.227655 0.905144 -0.00137558
-0.227848 0.905125 -0.00129877
-0.228082 0.905091 -0.00123573
-0.228345 0.905043 -0.00118889
-0.228629 0.904983 -0.00116003
-0.228923 0.904912 -0.00115028
-0.229214 0.904835 -0.00116
-0.229493 0.904753 -0.00118883
-0.229748 0.90467 -0.00123565
-0.229969 0.904589 -0.00129866
-0.230148 0.904513 -0.00137545
-0.230279 0.904445 -0.00146306
-0.23109 0.90432 -0.0015352
-0.231034 0.904277 -0.00167874
-0.230897 0.904257 -0.00181677
-0.230684 0.90426 -0.00194397
-0.230403 0.904287 -0.00205546
-0.230064 0.904337 -0.00214697
-0.229681 0.904406 -0.00221496
-0.229269 0.904494 -0.00225683
-0.228843 0.904596 -0.00227097
-0.22842 0.904709 -0.00225684
-0.228015 0.904828 -0.00221497
-0.227645 0.904949 -0.00214698
-0.227324 0.905066 -0.00205549
-0.227064 0.905176 -0.00194399
-0.226875 0.905275 -0.00181679
-0.226764 0.905358 -0.00167877
-0.226736 0.905422 -0.00153523
-0.226791 0.905465 -0.0013917
-0.226928 0.905485 -0.00125367
-0.227141 0.905482 -0.00112646
-0.227422 0.905455 -0.00101497
-0.227761 0.905405 -0.000923459
-0.228144 0.905336 -0.00085546
-0.228556 0.905248 -0.000813583
-0.228982 0.905146 -0.000799436
-0.229405 0.905033 -0.000813564
-0.22981 0.904914 -0.000855423
-0.23018 0.904794 -0.000923405
-0.230501 0.904676 -0.0010149
-0.230761 0.904566 -0.00112638
-0.23095 0.904467 -0.00125358
-0.231061 0.904384 -0.0013916
-0.23109 0.90432 -0.00153514
-0.231034 0.904277 -0.00167868
-0.230897 0.904257 -0.00181671
-0.230684 0.90426 -0.00194392
-0.230403 0.904287 -0.00205542
-0.230064 0.904337 -0.00214693
-0.229682 0.904406 -0.00221493
-0.229269 0.904494 -0.00225682
-0.228843 0.904596 -0.00227097
-0.22842 0.904709 -0.00225685
-0.228015 0.904828 -0.00221499
-0.227645 0.904949 -0.00214702
-0.227324 0.905066 -0.00205553
-0.227064 0.905176 -0.00194405
-0.226875 0.905275 -0.00181685
-0.226764 0.905358 -0.00167884
-0.226736 0.905422 -0.0015353
-0.226791 0.905465 -0.00139176
-0.226928 0.905485 -0.00125373
-0.227141 0.905482 -0.00112652
-0.227422 0.905455 -0.00101501
-0.227761 0.905405 -0.000923494
-0.228143 0.905336 -0.000855484
-0.228556 0.905248 -0.000813595
-0.228982 0.905146 -0.000799436
-0.229405 0.905033 -0.000813552
-0.22981 0.904914 -0.000855399
-0.23018 0.904794 -0.00092337
-0.230501 0.904676 -0.00101485
-0.230761 0.904566 -0.00112633
-0.23095 0.904467 -0.00125352
-0.231061 0.904385 -0.00139154
-0.23109 0.90432 -0.00153508
-0.231034 0.904277 -0.00167862
-0.230897 0.904257 -0.00181665
-0.230684 0.90426 -0.00194386
-0.230403 0.904287 -0.00205537
-0.230065 0.904337 -0.00214689
-0.229682 0.904406 -0.00221491
-0.22927 0.904494 -0.0022568
-0.228843 0.904596 -0.00227097
-0.22842 0.904709 -0.00225686
-0.228016 0.904828 -0.00221502
-0.227646 0.904948 -0.00214705
-0.227324 0.905066 -0.00205558
-0.227064 0.905176 -0.0019441
-0.226875 0.905275 -0.00181691
-0.226764 0.905358 -0.0016789
-0.226736 0.905422 -0.00153536
-0.226791 0.905465 -0.00139182
-0.226928 0.905485 -0.00125379
-0.227141 0.905482 -0.00112657
-0.227422 0.905455 -0.00101506
-0.22776 0.905405 -0.00092353
-0.228143 0.905336 -0.000855509
-0.228555 0.905248 -0.000813608
-0.228982 0.905146 -0.000799436
-0.229405 0.905033 -0.000813539
-0.229809 0.904914 -0.000855375
-0.231734 0.904369 -0.00137118
-0.231663 0.904315 -0.00155387
-0.231489 0.904289 -0.00172954
-0.231218 0.904293 -0.00189144
-0.23086 0.904327 -0.00203334
-0.230429 0.90439 -0.0021498
-0.229942 0.904479 -0.00223634
-0.229417 0.904591 -0.00228964
-0.228875 0.904721 -0.00230763
-0.228336 0.904864 -0.00228964
-0.227821 0.905016 -0.00223636
-0.22735 0.905169 -0.00214983
-0.226941 0.905319 -0.00203337
-0.22661 0.905459 -0.00189147
-0.226369 0.905584 -0.00172958
-0.226228 0.90569 -0.00155391
-0.226192 0.905771 -0.00137122
-0.226263 0.905826 -0.00118853
-0.226437 0.905852 -0.00101285
-0.226708 0.905847 -0.000850952
-0.227066 0.905813 -0.00070904
-0.227497 0.90575 -0.000592574
-0.227984 0.905662 -0.000506028
-0.228509 0.90555 -0.000452728
-0.229051 0.90542 -0.000434723
-0.22959 0.905277 -0.000452704
-0.230105 0.905125 -0.000505981
-0.230576 0.904972 -0.000592506
-0.230985 0.904822 -0.000708954
-0.231316 0.904682 -0.00085085
-0.231557 0.904557 -0.00101274
-0.231698 0.904451 -0.00118841
-0.231734 0.904369 -0.0013711
-0.231663 0.904315 -0.00155379
-0.231489 0.904289 -0.00172946
-0.231218 0.904293 -0.00189137
-0.23086 0.904327 -0.00203329
-0.230429 0.90439 -0.00214976
-0.229942 0.904479 -0.00223631
-0.229417 0.904591 -0.00228962
-0.228875 0.904721 -0.00230763
-0.228336 0.904864 -0.00228966
-0.227821 0.905015 -0.00223639
-0.22735 0.905169 -0.00214987
-0.226941 0.905319 -0.00203343
-0.22661 0.905459 -0.00189154
-0.226369 0.905584 -0.00172965
-0.226228 0.90569 -0.00155399
-0.226192 0.905771 -0.0013713
-0.226263 0.905826 -0.00118861
-0.226437 0.905852 -0.00101293
-0.226708 0.905847 -0.000851019
-0.227066 0.905813 -0.000709098
-0.227497 0.90575 -0.000592619
-0.227984 0.905662 -0.000506059
-0.228509 0.90555 -0.000452744
-0.229051 0.90542 -0.000434723
-0.22959 0.905277 -0.000452689
-0.230105 0.905125 -0.00050595
-0.230576 0.904972 -0.000592461
-0.230984 0.904822 -0.000708897
-0.231316 0.904682 -0.000850783
-0.231557 0.904557 -0.00101267
-0.231698 0.904451 -0.00118833
-0.231734 0.904369 -0.00137102
-0.231663 0.904315 -0.00155371
-0.231489 0.904289 -0.00172939
-0.231218 0.904293 -0.0018913
-0.23086 0.904327 -0.00203323
-0.230429 0.90439 -0.00214971
-0.229942 0.904479 -0.00223628
-0.229417 0.904591 -0.0022896
-0.228875 0.904721 -0.00230763
-0.228336 0.904864 -0.00228967
-0.227821 0.905015 -0.00223642
-0.22735 0.905169 -0.00214992
-0.226942 0.905319 -0.00203349
-0.22661 0.905459 -0.00189161
-0.226369 0.905584 -0.00172973
-0.226228 0.905689 -0.00155407
-0.226192 0.905771 -0.00137138
-0.226263 0.905826 -0.00118869
-0.226437 0.905852 -0.001013
-0.226708 0.905847 -0.000851087
-0.227066 0.905813 -0.000709155
-0.227497 0.905751 -0.000592664
-0.227984 0.905662 -0.00050609
-0.228509 0.90555 -0.00045276
-0.229051 0.90542 -0.000434723
-0.22959 0.905277 -0.000452673
-0.230104 0.905125 -0.000505919
-0.230575 0.904972 -0.000592416
-0.230984 0.904822 -0.000708839
-0.231316 0.904682 -0.000850715
-0.231556 0.904557 -0.00101259
-0.231698 0.904451 -0.00118825
-0.231734 0.904369 -0.00137093
-0.231663 0.904315 -0.00155363
-0.231489 0.904289 -0.00172931
-0.231218 0.904293 -0.00189124
-0.23086 0.904327 -0.00203317
-0.230429 0.90439 -0.00214967
-0.229942 0.904479 -0.00223625
-0.229418 0.90459 -0.00228959
-0.228875 0.90472 -0.00230763
-0.228336 0.904864 -0.00228969
-0.227822 0.905015 -0.00223645
-0.227351 0.905169 -0.00214996
-0.226942 0.905319 -0.00203355
-0.22661 0.905459 -0.00189167
-0.22637 0.905584 -0.0017298
-0.226228 0.905689 -0.00155415
-0.226192 0.905771 -0.00137146
-0.226262 0.905826 -0.00118877
-0.226437 0.905852 -0.00101308
-0.226708 0.905847 -0.000851154
-0.232283 0.904489 -0.00117131
-0.2322 0.904425 -0.00138613
-0.231995 0.904394 -0.0015927
-0.231676 0.904399 -0.00178307
-0.231255 0.90444 -0.00194994
-0.230748 0.904513 -0.00208688
-0.230175 0.904618 -0.00218864
-0.229558 0.904749 -0.00225131
-0.22892 0.904902 -0.00227247
-0.228287 0.905071 -0.00225132
-0.227682 0.905249 -0.00218866
-0.227128 0.905429 -0.00208691
-0.226647 0.905605 -0.00194997
-0.226258 0.90577 -0.00178311
-0.225975 0.905917 -0.00159274
-0.225809 0.906041 -0.00138618
-0.225766 0.906137 -0.00117136
-0.225849 0.906202 -0.000956537
-0.226054 0.906232 -0.000749968
-0.226373 0.906227 -0.00055959
-0.226794 0.906187 -0.000392719
-0.227301 0.906113 -0.000255769
-0.227873 0.906008 -0.000154002
-0.228491 0.905877 -9.13278e-05
-0.229128 0.905724 -7.0156e-05
-0.229762 0.905556 -9.12998e-05
-0.230367 0.905378 -0.000153947
-0.230921 0.905197 -0.000255689
-0.231402 0.905021 -0.000392618
-0.231791 0.904856 -0.000559471
-0.232074 0.904709 -0.000749835
-0.23224 0.904585 -0.000956396
-0.232283 0.904489 -0.00117122
-0.2322 0.904425 -0.00138604
-0.231995 0.904394 -0.00159261
-0.231676 0.904399 -0.00178299
-0.231255 0.90444 -0.00194987
-0.230748 0.904513 -0.00208683
-0.230175 0.904618 -0.0021886
-0.229558 0.904749 -0.00225129
-0.228921 0.904902 -0.00227247
-0.228287 0.905071 -0.00225133
-0.227682 0.905249 -0.0021887
-0.227128 0.905429 -0.00208696
-0.226647 0.905605 -0.00195004
-0.226258 0.90577 -0.00178319
-0.225975 0.905917 -0.00159283
-0.225809 0.906041 -0.00138627
-0.225766 0.906137 -0.00117146
-0.225849 0.906202 -0.000956631
-0.226054 0.906232 -0.000750056
-0.226373 0.906227 -0.000559669
-0.226794 0.906187 -0.000392787
-0.2273 0.906113 -0.000255822
-0.227873 0.906008 -0.000154038
-0.22849 0.905877 -9.13465e-05
-0.229128 0.905724 -7.0156e-05
-0.229762 0.905556 -9.12812e-05
-0.230367 0.905378 -0.00015391
-0.230921 0.905197 -0.000255636
-0.231401 0.905021 -0.00039255
-0.231791 0.904856 -0.000559391
-0.232074 0.904709 -0.000749747
-0.23224 0.904585 -0.000956303
-0.232283 0.904489 -0.00117112
-0.2322 0.904425 -0.00138595
-0.231995 0.904394 -0.00159252
-0.231676 0.904399 -0.00178292
-0.231255 0.90444 -0.0019498
-0.230749 0.904513 -0.00208678
-0.230176 0.904618 -0.00218857
-0.229559 0.904749 -0.00225127
-0.228921 0.904902 -0.00227247
-0.228287 0.905071 -0.00225135
-0.227682 0.905249 -0.00218873
-0.227128 0.905429 -0.00208701
-0.226647 0.905605 -0.00195011
-0.226258 0.90577 -0.00178327
-0.225975 0.905917 -0.00159292
-0.225809 0.906041 -0.00138637
-0.225766 0.906137 -0.00117155
-0.225849 0.906202 -0.000956724
-0.226054 0.906232 -0.000750144
-0.226373 0.906227 -0.000559749
-0.226794 0.906187 -0.000392855
-0.2273 0.906113 -0.000255875
-0.227873 0.906008 -0.000154075
-0.22849 0.905877 -9.13651e-05
-0.229128 0.905724 -7.0156e-05
-0.229761 0.905556 -9.12626e-05
-0.230367 0.905378 -0.000153874
-0.23092 0.905197 -0.000255583
-0.231401 0.905021 -0.000392483
-0.231791 0.904856 -0.000559312
-0.232074 0.904709 -0.000749659
-0.23224 0.904585 -0.000956209
-0.232283 0.904489 -0.00117103
-0.2322 0.904425 -0.00138585
-0.231995 0.904394 -0.00159244
-0.231676 0.904399 -0.00178284
-0.231255 0.90444 -0.00194974
-0.230749 0.904513 -0.00208672
-0.230176 0.904618 -0.00218853
-0.229559 0.904749 -0.00225125
-0.228921 0.904902 -0.00227247
-0.228288 0.90507 -0.00225137
-0.227682 0.905248 -0.00218877
-0.227129 0.905429 -0.00208707
-0.226648 0.905605 -0.00195018
-0.226258 0.90577 -0.00178335
-0.225975 0.905917 -0.00159301
-0.225809 0.906041 -0.00138646
-0.225766 0.906137 -0.00117165
-0.225849 0.906202 -0.000956818
-0.226054 0.906232 -0.000750232
-0.226373 0.906227 -0.000559828
-0.226793 0.906187 -0.000392922
-0.2273 0.906113 -0.000255928
-0.227873 0.906009 -0.000154111
-0.22849 0.905877 -9.13838e-05
-0.229127 0.905724 -7.01561e-05
-0.229761 0.905556 -9.1244e-05
-0.230366 0.905378 -0.000153837
-0.23092 0.905197 -0.00025553
-0.231401 0.905021 -0.000392415
-0.231791 0.904856 -0.000559232
-0.232074 0.904709 -0.00074957
-0.23224 0.904585 -0.000956115
-0.232283 0.904489 -0.00117093
-0.2322 0.904425 -0.00138576
-0.231995 0.904394 -0.00159235
-0.231676 0.904399 -0.00178276
-0.231256 0.904439 -0.00194967
-0.230749 0.904513 -0.00208667
-0.230176 0.904618 -0.00218849
-0.229559 0.904749 -0.00225123
-0.232715 0.904674 -0.000943287
-0.232623 0.904603 -0.00118198
-0.232395 0.904569 -0.00141151
-0.23204 0.904575 -0.00162304
-0.231573 0.90462 -0.00180845
-0.23101 0.904701 -0.00196062
-0.230373 0.904818 -0.00207368
-0.229687 0.904963 -0.00214331
-0.228979 0.905133 -0.00216683
-0.228275 0.905321 -0.00214332
-0.227602 0.905519 -0.0020737
-0.226987 0.905719 -0.00196064
-0.226453 0.905915 -0.00180849
-0.22602 0.906098 -0.00162309
-0.225706 0.906261 -0.00141156
-0.225521 0.906399 -0.00118204
-0.225474 0.906506 -0.00094334
-0.225566 0.906577 -0.000704641
-0.225794 0.906611 -0.000475113
-0.226148 0.906605 -0.000263576
-0.226616 0.906561 -7.81587e-05
-0.227179 0.906479 7.40127e-05
-0.227816 0.906363 0.000187091
-0.228501 0.906217 0.00025673
-0.22921 0.906047 0.000280255
-0.229914 0.90586 0.000256762
-0.230586 0.905662 0.000187152
-0.231202 0.905461 7.41012e-05
-0.231736 0.905266 -7.80461e-05
-0.232169 0.905082 -0.000263443
-0.232483 0.904919 -0.000474965
-0.232668 0.904781 -0.000704485
-0.232715 0.904674 -0.00094318
-0.232623 0.904603 -0.00118188
-0.232395 0.904569 -0.00141141
-0.232041 0.904575 -0.00162295
-0.231573 0.904619 -0.00180838
-0.23101 0.904701 -0.00196056
-0.230373 0.904818 -0.00207364
-0.229688 0.904963 -0.00214329
-0.228979 0.905133 -0.00216683
-0.228275 0.905321 -0.00214335
-0.227603 0.905518 -0.00207375
-0.226987 0.905719 -0.0019607
-0.226453 0.905915 -0.00180856
-0.22602 0.906098 -0.00162317
-0.225706 0.906261 -0.00141166
-0.225521 0.906399 -0.00118214
-0.225474 0.906506 -0.000943446
-0.225566 0.906577 -0.000704745
-0.225794 0.906611 -0.000475211
-0.226148 0.906605 -0.000263664
-0.226616 0.906561 -7.82338e-05
-0.227179 0.906479 7.39537e-05
-0.227815 0.906363 0.00018705
-0.228501 0.906217 0.00025671
-0.229209 0.906047 0.000280255
-0.229914 0.90586 0.000256782
-0.230586 0.905662 0.000187192
-0.231201 0.905461 7.41601e-05
-0.231736 0.905266 -7.7971e-05
-0.232168 0.905083 -0.000263355
-0.232483 0.904919 -0.000474867
-0.232668 0.904781 -0.00070438
-0.232715 0.904674 -0.000943074
-0.232623 0.904603 -0.00118178
-0.232395 0.904569 -0.00141131
-0.232041 0.904575 -0.00162287
-0.231573 0.904619 -0.0018083
-0.23101 0.904701 -0.0019605
-0.230374 0.904818 -0.0020736
-0.229688 0.904963 -0.00214327
-0.22898 0.905133 -0.00216683
-0.228276 0.905321 -0.00214337
-0.227603 0.905518 -0.00207379
-0.226988 0.905719 -0.00196076
-0.226453 0.905915 -0.00180864
-0.226021 0.906098 -0.00162326
-0.225706 0.906261 -0.00141175
-0.225521 0.906399 -0.00118224
-0.225474 0.906506 -0.000943552
-0.225566 0.906577 -0.000704849
-0.225794 0.906611 -0.000475309
-0.226148 0.906605 -0.000263752
-0.226616 0.906561 -7.83089e-05
-0.227179 0.906479 7.38947e-05
-0.227815 0.906363 0.00018701
-0.228501 0.906217 0.000256689
-0.229209 0.906047 0.000280255
-0.229913 0.90586 0.000256803
-0.230586 0.905662 0.000187233
-0.231201 0.905461 7.42191e-05
-0.231735 0.905266 -7.78959e-05
-0.232168 0.905083 -0.000263267
-0.232483 0.904919 -0.000474769
-0.232668 0.904781 -0.000704276
-0.232715 0.904674 -0.000942968
-0.232623 0.904603 -0.00118167
-0.232395 0.904569 -0.00141122
-0.232041 0.904575 -0.00162278
-0.231573 0.904619 -0.00180823
-0.231011 0.904701 -0.00196044
-0.230374 0.904817 -0.00207356
-0.229688 0.904963 -0.00214325
-0.22898 0.905133 -0.00216683
-0.228276 0.905321 -0.00214339
-0.227603 0.905518 -0.00207383
-0.226988 0.905719 -0.00196082
-0.226454 0.905914 -0.00180871
-0.226021 0.906098 -0.00162335
-0.225706 0.906261 -0.00141185
-0.225521 0.906399 -0.00118235
-0.225474 0.906506 -0.000943658
-0.225566 0.906577 -0.000704953
-0.225794 0.906611 -0.000475407
-0.226148 0.906605 -0.00026384
-0.226615 0.906561 -7.83839e-05
-0.227178 0.906479 7.38357e-05
-0.227815 0.906363 0.000186969
-0.2285 0.906217 0.000256668
-0.229209 0.906047 0.000280255
-0.229913 0.90586 0.000256824
-0.230586 0.905662 0.000187274
-0.231201 0.905461 7.42781e-05
-0.231735 0.905266 -7.78209e-05
-0.232168 0.905083 -0.000263178
-0.232483 0.904919 -0.000474671
-0.232668 0.904781 -0.000704172
-0.232715 0.904674 -0.000942862
-0.232623 0.904603 -0.00118157
-0.232395 0.904569 -0.00141112
-0.232041 0.904575 -0.00162269
-0.231574 0.904619 -0.00180815
-0.231011 0.904701 -0.00196038
-0.230374 0.904817 -0.00207352
-0.229689 0.904963 -0.00214323
-0.22898 0.905133 -0.00216683
-0.228276 0.90532 -0.00214341
-0.227604 0.905518 -0.00207387
-0.226988 0.905719 -0.00196088
-0.226454 0.905914 -0.00180879
-0.226021 0.906098 -0.00162344
-0.225706 0.906261 -0.00141195
-0.225521 0.906399 -0.00118245
-0.225474 0.906506 -0.000943764
-0.225566 0.906577 -0.000705057
-0.225793 0.906611 -0.000475505
-0.226148 0.906605 -0.000263929
-0.226615 0.906561 -7.84591e-05
-0.227178 0.906479 7.37767e-05
-0.227814 0.906363 0.000186928
-0.233014 0.904918 -0.000695864
-0.232916 0.904843 -0.000949265
-0.232674 0.904807 -0.00119293
-0.232298 0.904813 -0.00141749
-0.231801 0.90486 -0.00161432
-0.231204 0.904947 -0.00177586
-0.230528 0.905071 -0.00189589
-0.2298 0.905225 -0.00196981
-0.229048 0.905406 -0.00199477
-0.2283 0.905605 -0.00196982
-0.227587 0.905815 -0.00189591
-0.226933 0.906028 -0.00177589
-0.226366 0.906235 -0.00161436
-0.225907 0.90643 -0.00141754
-0.225573 0.906603 -0.00119298
-0.225377 0.90675 -0.00094932
-0.225327 0.906863 -0.00069592
-0.225425 0.906939 -0.000442518
-0.225667 0.906975 -0.000198851
-0.226043 0.906969 2.57158e-05
-0.22654 0.906921 0.000222554
-0.227137 0.906834 0.000384099
-0.227813 0.906711 0.000504142
-0.228541 0.906556 0.000578071
-0.229293 0.906376 0.000603045
-0.23004 0.906177 0.000578104
-0.230754 0.905967 0.000504207
-0.231407 0.905754 0.000384192
-0.231975 0.905546 0.000222673
-0.232434 0.905352 2.58564e-05
-0.232768 0.905178 -0.000198695
-0.232964 0.905032 -0.000442352
-0.233014 0.904919 -0.000695751
-0.232916 0.904843 -0.000949154
-0.232674 0.904807 -0.00119282
-0.232298 0.904813 -0.0014174
-0.231802 0.90486 -0.00161424
-0.231204 0.904947 -0.00177579
-0.230528 0.905071 -0.00189585
-0.2298 0.905225 -0.00196979
-0.229048 0.905406 -0.00199477
-0.228301 0.905605 -0.00196984
-0.227587 0.905815 -0.00189596
-0.226934 0.906028 -0.00177595
-0.226366 0.906235 -0.00161444
-0.225907 0.90643 -0.00141763
-0.225573 0.906603 -0.00119308
-0.225377 0.90675 -0.000949431
-0.225327 0.906863 -0.000696033
-0.225425 0.906939 -0.000442628
-0.225667 0.906975 -0.000198956
-0.226043 0.906969 2.56221e-05
-0.226539 0.906921 0.000222474
-0.227137 0.906834 0.000384036
-0.227813 0.906711 0.000504099
-0.22854 0.906556 0.000578049
-0.229293 0.906376 0.000603045
-0.23004 0.906177 0.000578126
-0.230754 0.905967 0.00050425
-0.231407 0.905754 0.000384255
-0.231974 0.905546 0.000222753
-0.232434 0.905352 2.59501e-05
-0.232768 0.905178 -0.000198591
-0.232964 0.905032 -0.000442242
-0.233014 0.904919 -0.000695638
-0.232916 0.904843 -0.000949044
-0.232675 0.904807 -0.00119272
-0.232298 0.904813 -0.0014173
-0.231802 0.90486 -0.00161416
-0.231204 0.904947 -0.00177573
-0.230529 0.90507 -0.0018958
-0.229801 0.905225 -0.00196977
-0.229049 0.905406 -0.00199477
-0.228301 0.905605 -0.00196986
-0.227587 0.905815 -0.001896
-0.226934 0.906027 -0.00177601
-0.226367 0.906235 -0.00161452
-0.225907 0.90643 -0.00141772
-0.225573 0.906603 -0.00119319
-0.225377 0.90675 -0.000949541
-0.225327 0.906863 -0.000696146
-0.225425 0.906939 -0.000442739
-0.225666 0.906975 -0.00019906
-0.226043 0.906969 2.55283e-05
-0.226539 0.906921 0.000222394
-0.227137 0.906834 0.000383973
-0.227812 0.906711 0.000504056
-0.22854 0.906556 0.000578027
-0.229292 0.906376 0.000603045
-0.23004 0.906177 0.000578148
-0.230754 0.905967 0.000504293
-0.231407 0.905754 0.000384318
-0.231974 0.905546 0.000222833
-0.232434 0.905352 2.60438e-05
-0.232768 0.905178 -0.000198487
-0.232964 0.905032 -0.000442131
-0.233014 0.904919 -0.000695526
-0.232916 0.904843 -0.000948933
-0.232675 0.904807 -0.00119262
-0.232299 0.904813 -0.00141721
-0.231802 0.90486 -0.00161408
-0.231205 0.904947 -0.00177567
-0.230529 0.90507 -0.00189576
-0.229801 0.905225 -0.00196974
-0.229049 0.905406 -0.00199477
-0.228301 0.905604 -0.00196989
-0.227587 0.905814 -0.00189604
-0.226934 0.906027 -0.00177608
-0.226367 0.906235 -0.0016146
-0.225907 0.906429 -0.00141782
-0.225573 0.906603 -0.00119329
-0.225377 0.906749 -0.000949652
-0.225327 0.906863 -0.000696258
-0.225425 0.906939 -0.00044285
-0.225666 0.906975 -0.000199164
-0.226042 0.906969 2.54346e-05
-0.226539 0.906921 0.000222315
-0.227136 0.906834 0.000383911
-0.227812 0.906711 0.000504013
-0.22854 0.906556 0.000578005
-0.229292 0.906376 0.000603045
-0.230039 0.906177 0.00057817
-0.230753 0.905967 0.000504336
-0.231407 0.905754 0.00038438
-0.231974 0.905546 0.000222912
-0.232434 0.905352 2.61375e-05
-0.232768 0.905178 -0.000198383
-0.232964 0.905032 -0.00044202
-0.233014 0.904919 -0.000695413
-0.232916 0.904843 -0.000948823
-0.232675 0.904807 -0.00119251
-0.232299 0.904813 -0.00141712
-0.231802 0.90486 -0.001614
-0.231205 0.904947 -0.00177561
-0.230529 0.90507 -0.00189572
-0.229801 0.905225 -0.00196972
-0.229049 0.905405 -0.00199477
-0.228302 0.905604 -0.00196991
-0.227588 0.905814 -0.00189609
-0.226934 0.906027 -0.00177614
-0.226367 0.906235 -0.00161468
-0.225908 0.906429 -0.00141791
-0.225573 0.906603 -0.0011934
-0.225377 0.906749 -0.000949762
-0.225327 0.906863 -0.000696371
-0.225425 0.906939 -0.00044296
-0.225666 0.906975 -0.000199268
-0.226042 0.906969 2.53409e-05
-0.226539 0.906921 0.000222235
-0.227136 0.906834 0.000383848
-0.227812 0.906711 0.000503969
-0.228539 0.906556 0.000577983
-0.229292 0.906376 0.000603045
-0.230039 0.906177 0.000578192
-0.230753 0.905967 0.000504379
-0.231406 0.905754 0.000384443
-0.231974 0.905547 0.000222992
-0.232433 0.905352 2.62312e-05
-0.232768 0.905178 -0.000198279
-0.232964 0.905032 -0.00044191
-0.233168 0.905212 -0.000438552
-0.233068 0.905135 -0.000696918
-0.232822 0.905098 -0.000945356
-0.232438 0.905104 -0.00117432
-0.231932 0.905153 -0.00137501
-0.231323 0.905241 -0.00153971
-0.230634 0.905367 -0.00166209
-0.229891 0.905525 -0.00173746
-0.229125 0.905709 -0.00176291
-0.228363 0.905912 -0.00173747
-0.227635 0.906126 -0.00166212
-0.226969 0.906343 -0.00153974
-0.22639 0.906555 -0.00137505
-0.225922 0.906753 -0.00117437
-0.225581 0.90693 -0.000945409
-0.225382 0.907079 -0.000696975
-0.225331 0.907195 -0.000438609
-0.225431 0.907272 -0.000180242
-0.225677 0.907308 6.81995e-05
-0.226061 0.907302 0.000297167
-0.226567 0.907254 0.000497862
-0.227176 0.907165 0.000662572
-0.227865 0.90704 0.000784968
-0.228608 0.906882 0.000860346
-0.229374 0.906698 0.000885809
-0.230136 0.906495 0.00086038
-0.230864 0.906281 0.000785034
-0.23153 0.906064 0.000662668
-0.232109 0.905852 0.000497984
-0.232577 0.905654 0.00029731
-0.232918 0.905477 6.83588e-05
-0.233117 0.905328 -0.000180073
-0.233168 0.905212 -0.000438437
-0.233069 0.905135 -0.000696806
-0.232822 0.905098 -0.00094525
-0.232438 0.905104 -0.00117422
-0.231932 0.905153 -0.00137493
-0.231323 0.905241 -0.00153964
-0.230634 0.905367 -0.00166205
-0.229892 0.905525 -0.00173744
-0.229125 0.905709 -0.00176291
-0.228363 0.905912 -0.00173749
-0.227635 0.906126 -0.00166216
-0.226969 0.906343 -0.0015398
-0.226391 0.906555 -0.00137513
-0.225922 0.906753 -0.00117446
-0.225582 0.90693 -0.000945516
-0.225382 0.907079 -0.000697087
-0.225331 0.907195 -0.000438724
-0.225431 0.907272 -0.000180354
-0.225677 0.907308 6.80934e-05
-0.226061 0.907302 0.000297072
-0.226567 0.907254 0.000497781
-0.227176 0.907165 0.000662509
-0.227865 0.90704 0.000784924
-0.228607 0.906882 0.000860324
-0.229374 0.906698 0.000885809
-0.230136 0.906495 0.000860402
-0.230864 0.906281 0.000785078
-0.23153 0.906064 0.000662732
-0.232108 0.905852 0.000498065
-0.232577 0.905654 0.000297406
-0.232918 0.905477 6.8465e-05
-0.233117 0.905328 -0.00017996
-0.233168 0.905212 -0.000438322
-0.233069 0.905135 -0.000696693
-0.232822 0.905098 -0.000945144
-0.232439 0.905104 -0.00117413
-0.231933 0.905153 -0.00137484
-0.231323 0.905241 -0.00153958
-0.230634 0.905367 -0.00166201
-0.229892 0.905525 -0.00173742
-0.229125 0.905709 -0.00176291
-0.228363 0.905912 -0.00173752
-0.227635 0.906126 -0.0016622
-0.226969 0.906343 -0.00153987
-0.226391 0.906554 -0.00137521
-0.225922 0.906753 -0.00117456
-0.225582 0.90693 -0.000945622
-0.225382 0.907079 -0.0006972
-0.225331 0.907195 -0.000438839
-0.225431 0.907272 -0.000180467
-0.225677 0.907308 6.79872e-05
-0.22606 0.907302 0.000296976
-0.226567 0.907254 0.0004977
-0.227176 0.907165 0.000662445
-0.227865 0.90704 0.00078488
-0.228607 0.906882 0.000860301
-0.229374 0.906698 0.000885809
-0.230136 0.906495 0.000860425
-0.230864 0.906281 0.000785122
-0.23153 0.906064 0.000662796
-0.232108 0.905852 0.000498147
-0.232577 0.905654 0.000297502
-0.232917 0.905477 6.85711e-05
-0.233117 0.905328 -0.000179847
-0.233168 0.905212 -0.000438207
-0.233069 0.905135 -0.00069658
-0.232822 0.905098 -0.000945038
-0.232439 0.905104 -0.00117403
-0.231933 0.905153 -0.00137476
-0.231324 0.905241 -0.00153952
-0.230635 0.905367 -0.00166196
-0.229892 0.905525 -0.00173739
-0.229126 0.905709 -0.00176291
-0.228364 0.905911 -0.00173754
-0.227635 0.906126 -0.00166225
-0.226969 0.906343 -0.00153993
-0.226391 0.906554 -0.00137529
-0.225923 0.906753 -0.00117465
-0.225582 0.90693 -0.000945728
-0.225382 0.907079 -0.000697313
-0.225331 0.907194 -0.000438954
-0.22543 0.907272 -0.00018058
-0.225677 0.907308 6.7881e-05
-0.22606 0.907302 0.00029688
-0.226566 0.907254 0.000497618
-0.227176 0.907165 0.000662381
-0.227864 0.90704 0.000784836
-0.228607 0.906882 0.000860279
-0.229373 0.906698 0.000885809
-0.230135 0.906495 0.000860447
-0.230864 0.906281 0.000785166
-0.23153 0.906064 0.00066286
-0.232108 0.905852 0.000498228
-0.232577 0.905654 0.000297597
-0.232917 0.905477 6.86773e-05
-0.233117 0.905328 -0.000179734
-0.233168 0.905212 -0.000438092
-0.233069 0.905135 -0.000696467
-0.232823 0.905098 -0.000944932
-0.232439 0.905104 -0.00117394
-0.231933 0.905153 -0.00137468
-0.231324 0.905241 -0.00153945
-0.230635 0.905367 -0.00166192
-0.229893 0.905525 -0.00173737
-0.229126 0.905709 -0.00176291
-0.228364 0.905911 -0.00173756
-0.227636 0.906125 -0.00166229
-0.22697 0.906343 -0.00154
-0.226391 0.906554 -0.00137537
-0.225923 0.906753 -0.00117475
-0.225582 0.90693 -0.000945834
-0.225382 0.907079 -0.000697426
-0.225331 0.907194 -0.000439069
-0.22543 0.907272 -0.000180693
-0.225677 0.907308 6.77748e-05
-0.22606 0.907302 0.000296785
-0.226566 0.907254 0.000497537
-0.227175 0.907165 0.000662317
-0.227864 0.90704 0.000784792
-0.228606 0.906882 0.000860256
-0.229373 0.906698 0.000885809
-0.230135 0.906495 0.000860469
-0.230863 0.906281 0.00078521
-0.231529 0.906064 0.000662923
-0.232108 0.905852 0.000498309
-0.232576 0.905654 0.000297693
-0.232917 0.905477 6.87835e-05
-0.233117 0.905328 -0.000179622
-0.233168 0.905212 -0.000437977
-0.233069 0.905135 -0.000696355
-0.232823 0.905098 -0.000944825
-0.233172 0.905544 -0.000181239
-0.233074 0.905468 -0.000434642
-0.232832 0.905432 -0.000678308
-0.232456 0.905438 -0.000902871
-0.23196 0.905486 -0.0010997
-0.231362 0.905573 -0.00126124
-0.230686 0.905696 -0.00138128
-0.229958 0.905851 -0.0014552
-0.229206 0.906031 -0.00148016
-0.228459 0.90623 -0.00145521
-0.227745 0.90644 -0.0013813
-0.227092 0.906653 -0.00126127
-0.226524 0.90686 -0.00109974
-0.226065 0.907055 -0.000902918
-0.225731 0.907229 -0.00067836
-0.225535 0.907375 -0.000434697
-0.225485 0.907488 -0.000181295
-0.225583 0.907564 7.21093e-05
-0.225825 0.9076 0.000315778
-0.226201 0.907594 0.000540347
-0.226698 0.907546 0.000737187
-0.227295 0.907459 0.000898733
-0.227971 0.907336 0.00101878
-0.228699 0.907181 0.00109271
-0.229451 0.907001 0.00111768
-0.230199 0.906802 0.00109274
-0.230913 0.906592 0.00101884
-0.231566 0.906379 0.000898827
-0.232133 0.906171 0.000737306
-0.232592 0.905977 0.000540488
-0.232926 0.905803 0.000315934
-0.233122 0.905657 7.22751e-05
-0.233172 0.905544 -0.000181126
-0.233074 0.905468 -0.000434532
-0.232833 0.905432 -0.000678203
-0.232456 0.905438 -0.000902778
-0.23196 0.905485 -0.00109962
-0.231362 0.905572 -0.00126118
-0.230686 0.905696 -0.00138123
-0.229959 0.905851 -0.00145517
-0.229206 0.906031 -0.00148016
-0.228459 0.90623 -0.00145523
-0.227745 0.90644 -0.00138134
-0.227092 0.906653 -0.00126134
-0.226525 0.90686 -0.00109982
-0.226065 0.907055 -0.000903012
-0.225731 0.907229 -0.000678464
-0.225535 0.907375 -0.000434808
-0.225485 0.907488 -0.000181408
-0.225583 0.907564 7.19987e-05
-0.225825 0.9076 0.000315674
-0.226201 0.907594 0.000540253
-0.226697 0.907546 0.000737107
-0.227295 0.907459 0.00089867
-0.227971 0.907336 0.00101873
-0.228699 0.907181 0.00109269
-0.229451 0.907001 0.00111768
-0.230198 0.906802 0.00109276
-0.230912 0.906592 0.00101889
-0.231565 0.906379 0.000898889
-0.232133 0.906172 0.000737386
-0.232592 0.905977 0.000540581
-0.232926 0.905803 0.000316038
-0.233122 0.905657 7.23857e-05
-0.233172 0.905544 -0.000181013
-0.233074 0.905468 -0.000434421
-0.232833 0.905432 -0.000678099
-0.232457 0.905438 -0.000902684
-0.23196 0.905485 -0.00109954
-0.231362 0.905572 -0.00126112
-0.230687 0.905696 -0.00138119
-0.229959 0.90585 -0.00145515
-0.229207 0.906031 -0.00148016
-0.228459 0.90623 -0.00145525
-0.227745 0.90644 -0.00138138
-0.227092 0.906653 -0.0012614
-0.226525 0.90686 -0.0010999
-0.226065 0.907055 -0.000903106
-0.225731 0.907228 -0.000678568
-0.225535 0.907375 -0.000434918
-0.225485 0.907488 -0.000181521
-0.225583 0.907564 7.18882e-05
-0.225825 0.9076 0.00031557
-0.226201 0.907594 0.00054016
-0.226697 0.907546 0.000737027
-0.227295 0.907459 0.000898608
-0.22797 0.907336 0.00101869
-0.228698 0.907181 0.00109266
-0.22945 0.907001 0.00111768
-0.230198 0.906802 0.00109278
-0.230912 0.906592 0.00101893
-0.231565 0.906379 0.000898952
-0.232132 0.906172 0.000737466
-0.232592 0.905977 0.000540675
-0.232926 0.905803 0.000316142
-0.233122 0.905657 7.24962e-05
-0.233172 0.905544 -0.000180901
-0.233074 0.905468 -0.00043431
-0.232833 0.905432 -0.000677995
-0.232457 0.905438 -0.00090259
-0.23196 0.905485 -0.00109947
-0.231363 0.905572 -0.00126105
-0.230687 0.905696 -0.00138115
-0.229959 0.90585 -0.00145513
-0.229207 0.906031 -0.00148016
-0.22846 0.90623 -0.00145527
-0.227746 0.90644 -0.00138143
-0.227092 0.906653 -0.00126146
-0.226525 0.90686 -0.00109998
-0.226066 0.907055 -0.000903199
-0.225731 0.907228 -0.000678672
-0.225535 0.907375 -0.000435029
-0.225485 0.907488 -0.000181633
-0.225583 0.907564 7.17776e-05
-0.225824 0.9076 0.000315466
-0.226201 0.907594 0.000540066
-0.226697 0.907546 0.000736948
-0.227294 0.907459 0.000898545
-0.22797 0.907336 0.00101865
-0.228698 0.907182 0.00109264
-0.22945 0.907001 0.00111768
-0.230198 0.906802 0.00109281
-0.230912 0.906592 0.00101897
-0.231565 0.906379 0.000899015
-0.232132 0.906172 0.000737545
-0.232592 0.905977 0.000540769
-0.232926 0.905804 0.000316247
-0.233122 0.905657 7.26068e-05
-0.233172 0.905544 -0.000180788
-0.233074 0.905468 -0.0004342
-0.232833 0.905432 -0.000677891
-0.232457 0.905438 -0.000902497
-0.231961 0.905485 -0.00109939
-0.231363 0.905572 -0.00126099
-0.230687 0.905696 -0.0013811
-0.22996 0.90585 -0.00145511
-0.229207 0.906031 -0.00148016
-0.22846 0.90623 -0.00145529
-0.227746 0.90644 -0.00138147
-0.227093 0.906652 -0.00126152
-0.226525 0.90686 -0.00110006
-0.226066 0.907055 -0.000903293
-0.225732 0.907228 -0.000678776
-0.225536 0.907375 -0.00043514
-0.225485 0.907488 -0.000181746
-0.225583 0.907564 7.16671e-05
-0.225824 0.9076 0.000315361
-0.2262 0.907594 0.000539972
-0.226697 0.907546 0.000736868
-0.227294 0.90746 0.000898482
-0.22797 0.907336 0.0010186
-0.228698 0.907182 0.00109262
-0.22945 0.907001 0.00111768
-0.230197 0.906802 0.00109283
-0.230911 0.906592 0.00101901
-0.231565 0.906379 0.000899077
-0.232132 0.906172 0.000737625
-0.232592 0.905977 0.000540862
-0.232926 0.905804 0.000316351
-0.233122 0.905657 7.27173e-05
-0.233025 0.905901 6.61873e-05
-0.232933 0.905829 -0.000172515
-0.232705 0.905796 -0.000402044
-0.232351 0.905801 -0.00061358
-0.231883 0.905846 -0.000798994
-0.23132 0.905928 -0.00095116
-0.230683 0.906044 -0.00106423
-0.229998 0.90619 -0.00113386
-0.229289 0.90636 -0.00115738
-0.228585 0.906547 -0.00113387
-0.227913 0.906745 -0.00106425
-0.227297 0.906945 -0.000951189
-0.226763 0.907141 -0.000799031
-0.22633 0.907324 -0.000613624
-0.226016 0.907488 -0.000402093
-0.225831 0.907626 -0.000172567
-0.225784 0.907732 6.61342e-05
-0.225876 0.907804 0.000304837
-0.226104 0.907837 0.00053437
-0.226459 0.907832 0.000745911
-0.226926 0.907787 0.000931331
-0.227489 0.907705 0.0010835
-0.228126 0.907589 0.00119659
-0.228812 0.907443 0.00126623
-0.22952 0.907273 0.00128975
-0.230224 0.907086 0.00126626
-0.230897 0.906888 0.00119665
-0.231512 0.906688 0.00108359
-0.232046 0.906492 0.000931443
-0.232479 0.906309 0.000746043
-0.232794 0.906145 0.000534517
-0.232978 0.906007 0.000304994
-0.233025 0.905901 6.62935e-05
-0.232933 0.905829 -0.000172411
-0.232705 0.905796 -0.000401946
-0.232351 0.905801 -0.000613492
-0.231883 0.905846 -0.000798919
-0.23132 0.905928 -0.000951101
-0.230684 0.906044 -0.00106419
-0.229998 0.90619 -0.00113384
-0.22929 0.90636 -0.00115738
-0.228585 0.906547 -0.00113389
-0.227913 0.906745 -0.00106429
-0.227298 0.906945 -0.000951248
-0.226763 0.907141 -0.000799106
-0.226331 0.907324 -0.000613713
-0.226016 0.907488 -0.000402191
-0.225831 0.907626 -0.000172671
-0.225784 0.907732 6.6028e-05
-0.225876 0.907804 0.000304733
-0.226104 0.907837 0.000534272
-0.226458 0.907832 0.000745822
-0.226926 0.907787 0.000931256
-0.227489 0.907705 0.00108345
-0.228126 0.907589 0.00119654
-0.228811 0.907443 0.00126621
-0.22952 0.907273 0.00128975
-0.230224 0.907086 0.00126628
-0.230896 0.906888 0.00119669
-0.231512 0.906688 0.00108365
-0.232046 0.906492 0.000931518
-0.232479 0.906309 0.000746131
-0.232793 0.906145 0.000534615
-0.232978 0.906007 0.000305098
-0.233025 0.905901 6.63996e-05
-0.232933 0.905829 -0.000172307
-0.232706 0.905796 -0.000401848
-0.232351 0.905801 -0.000613404
-0.231883 0.905846 -0.000798844
-0.231321 0.905928 -0.000951042
-0.230684 0.906044 -0.00106415
-0.229998 0.90619 -0.00113382
-0.22929 0.90636 -0.00115738
-0.228586 0.906547 -0.00113391
-0.227913 0.906745 -0.00106433
-0.227298 0.906945 -0.000951307
-0.226764 0.907141 -0.000799181
-0.226331 0.907324 -0.000613801
-0.226016 0.907488 -0.000402289
-0.225832 0.907626 -0.000172775
-0.225784 0.907732 6.59218e-05
-0.225876 0.907804 0.000304629
-0.226104 0.907837 0.000534174
-0.226458 0.907832 0.000745734
-0.226926 0.907787 0.000931181
-0.227489 0.907705 0.00108339
-0.228125 0.907589 0.0011965
-0.228811 0.907443 0.00126618
-0.229519 0.907274 0.00128975
-0.230223 0.907086 0.0012663
-0.230896 0.906888 0.00119673
-0.231511 0.906688 0.00108371
-0.232046 0.906492 0.000931594
-0.232479 0.906309 0.00074622
-0.232793 0.906145 0.000534713
-0.232978 0.906008 0.000305202
-0.233025 0.905901 6.65058e-05
-0.232933 0.905829 -0.000172203
-0.232706 0.905796 -0.00040175
-0.232351 0.905801 -0.000613315
-0.231884 0.905846 -0.000798768
-0.231321 0.905928 -0.000950983
-0.230684 0.906044 -0.00106411
-0.229999 0.90619 -0.0011338
-0.22929 0.906359 -0.00115738
-0.228586 0.906547 -0.00113393
-0.227913 0.906745 -0.00106437
-0.227298 0.906945 -0.000951366
-0.226764 0.907141 -0.000799256
-0.226331 0.907324 -0.000613889
-0.226016 0.907488 -0.000402388
-0.225832 0.907625 -0.000172879
-0.225784 0.907732 6.58157e-05
-0.225876 0.907804 0.000304525
-0.226104 0.907837 0.000534075
-0.226458 0.907832 0.000745646
-0.226926 0.907787 0.000931105
-0.227488 0.907705 0.00108333
-0.228125 0.907589 0.00119646
-0.228811 0.907443 0.00126616
-0.229519 0.907274 0.00128975
-0.230223 0.907086 0.00126632
-0.230896 0.906888 0.00119677
-0.231511 0.906688 0.00108377
-0.232046 0.906492 0.000931669
-0.232478 0.906309 0.000746308
-0.232793 0.906145 0.000534811
-0.232978 0.906008 0.000305306
-0.233025 0.905901 6.6612e-05
-0.232933 0.905829 -0.000172098
-0.232706 0.905796 -0.000401652
-0.232351 0.905801 -0.000613227
-0.231884 0.905846 -0.000798693
-0.231321 0.905928 -0.000950924
-0.230685 0.906044 -0.00106407
-0.229999 0.90619 -0.00113378
-0.22929 0.906359 -0.00115738
-0.228586 0.906547 -0.00113395
-0.227914 0.906745 -0.00106441
-0.227298 0.906945 -0.000951425
-0.226764 0.907141 -0.000799332
-0.226331 0.907324 -0.000613977
-0.226016 0.907488 -0.000402486
-0.225832 0.907625 -0.000172984
-0.225784 0.907732 6.57095e-05
-0.225876 0.907804 0.000304421
-0.226104 0.907837 0.000533977
-0.226458 0.907832 0.000745557
-0.226925 0.907787 0.00093103
-0.227488 0.907705 0.00108327
-0.228125 0.907589 0.00119642
-0.232733 0.906269 0.000294218
-0.23265 0.906205 7.93899e-05
-0.232445 0.906175 -0.000127183
-0.232126 0.90618 -0.000317562
-0.231705 0.90622 -0.000484431
-0.231199 0.906294 -0.000621378
-0.230626 0.906398 -0.00072314
-0.230009 0.90653 -0.000785807
-0.229371 0.906682 -0.00080697
-0.228737 0.906851 -0.000785816
-0.228132 0.907029 -0.000723158
-0.227578 0.90721 -0.000621405
-0.227097 0.907386 -0.000484465
-0.226708 0.90755 -0.000317601
-0.226425 0.907698 -0.000127227
-0.226259 0.907822 7.93431e-05
-0.226217 0.907918 0.00029417
-0.226299 0.907982 0.000508999
-0.226504 0.908012 0.000715575
-0.226823 0.908007 0.000905958
-0.227244 0.907967 0.00107283
-0.227751 0.907893 0.00120979
-0.228324 0.907789 0.00131156
-0.228941 0.907658 0.00137423
-0.229579 0.907505 0.00139541
-0.230212 0.907336 0.00137426
-0.230818 0.907158 0.00131161
-0.231371 0.906978 0.00120987
-0.231852 0.906801 0.00107293
-0.232242 0.906637 0.000906077
-0.232525 0.906489 0.000715707
-0.232691 0.906365 0.00050914
-0.232733 0.906269 0.000294314
-0.23265 0.906205 7.94836e-05
-0.232445 0.906175 -0.000127095
-0.232126 0.90618 -0.000317482
-0.231705 0.90622 -0.000484363
-0.231199 0.906294 -0.000621325
-0.230626 0.906398 -0.000723104
-0.230009 0.906529 -0.000785788
-0.229371 0.906682 -0.00080697
-0.228737 0.906851 -0.000785835
-0.228132 0.907029 -0.000723195
-0.227578 0.90721 -0.000621458
-0.227098 0.907386 -0.000484532
-0.226708 0.90755 -0.000317681
-0.226425 0.907698 -0.000127315
-0.226259 0.907822 7.92493e-05
-0.226217 0.907918 0.000294075
-0.226299 0.907982 0.000508906
-0.226504 0.908012 0.000715487
-0.226823 0.908007 0.000905879
-0.227244 0.907967 0.00107277
-0.227751 0.907893 0.00120973
-0.228324 0.907789 0.00131152
-0.228941 0.907658 0.00137422
-0.229578 0.907505 0.00139541
-0.230212 0.907336 0.00137428
-0.230817 0.907158 0.00131165
-0.231371 0.906978 0.00120992
-0.231852 0.906802 0.001073
-0.232241 0.906637 0.000906157
-0.232525 0.906489 0.000715796
-0.232691 0.906365 0.000509234
-0.232733 0.906269 0.000294409
-0.23265 0.906205 7.95774e-05
-0.232445 0.906175 -0.000127006
-0.232126 0.90618 -0.000317403
-0.231706 0.90622 -0.000484296
-0.231199 0.906294 -0.000621272
-0.230626 0.906398 -0.000723067
-0.230009 0.906529 -0.00078577
-0.229371 0.906682 -0.00080697
-0.228738 0.906851 -0.000785853
-0.228132 0.907029 -0.000723232
-0.227579 0.907209 -0.000621511
-0.227098 0.907386 -0.0004846
-0.226708 0.90755 -0.00031776
-0.226425 0.907698 -0.000127403
-0.226259 0.907822 7.91556e-05
-0.226217 0.907918 0.000293979
-0.226299 0.907982 0.000508812
-0.226504 0.908012 0.000715398
-0.226823 0.908007 0.000905799
-0.227244 0.907967 0.0010727
-0.22775 0.907893 0.00120968
-0.228323 0.907789 0.00131148
-0.22894 0.907658 0.0013742
-0.229578 0.907505 0.00139541
-0.230212 0.907336 0.0013743
-0.230817 0.907158 0.00131169
-0.231371 0.906978 0.00120997
-0.231852 0.906802 0.00107307
-0.232241 0.906637 0.000906236
-0.232525 0.90649 0.000715884
-0.232691 0.906365 0.000509327
-0.232733 0.906269 0.000294505
-0.23265 0.906205 7.96711e-05
-0.232446 0.906175 -0.000126918
-0.232127 0.90618 -0.000317323
-0.231706 0.90622 -0.000484228
-0.231199 0.906294 -0.000621219
-0.230626 0.906398 -0.00072303
-0.230009 0.906529 -0.000785751
-0.229372 0.906682 -0.00080697
-0.228738 0.906851 -0.000785872
-0.228133 0.907029 -0.000723268
-0.227579 0.907209 -0.000621564
-0.227098 0.907385 -0.000484667
-0.226708 0.90755 -0.00031784
-0.226425 0.907698 -0.000127492
-0.226259 0.907822 7.90619e-05
-0.226217 0.907918 0.000293884
-0.226299 0.907982 0.000508718
-0.226504 0.908012 0.00071531
-0.226823 0.908007 0.00090572
-0.227244 0.907967 0.00107263
-0.22775 0.907893 0.00120963
-0.228323 0.907789 0.00131145
-0.22894 0.907658 0.00137418
-0.229578 0.907505 0.00139541
-0.230211 0.907336 0.00137432
-0.230817 0.907158 0.00131172
-0.231371 0.906978 0.00121003
-0.231852 0.906802 0.00107314
-0.232241 0.906637 0.000906316
-0.232524 0.90649 0.000715972
-0.232691 0.906366 0.000509421
-0.232733 0.906269 0.0002946
-0.23265 0.906205 7.97648e-05
-0.232446 0.906175 -0.00012683
-0.232127 0.90618 -0.000317244
-0.231706 0.90622 -0.000484161
-0.231199 0.906294 -0.000621166
-0.230627 0.906398 -0.000722994
-0.23001 0.906529 -0.000785732
-0.232307 0.906635 0.000494091
-0.232237 0.906581 0.000311392
-0.232062 0.906555 0.000135714
-0.231791 0.906559 -2.61917e-05
-0.231433 0.906593 -0.000168104
-0.231002 0.906656 -0.000284569
-0.230515 0.906745 -0.000371112
-0.22999 0.906857 -0.000424406
-0.229448 0.906987 -0.000442404
-0.228909 0.90713 -0.000424414
-0.228394 0.907282 -0.000371128
-0.227923 0.907435 -0.000284592
-0.227514 0.907585 -0.000168133
-0.227183 0.907725 -2.62254e-05
-0.226942 0.90785 0.000135677
-0.226801 0.907956 0.000311352
-0.226765 0.908037 0.00049405
-0.226836 0.908092 0.00067675
-0.22701 0.908118 0.00085243
-0.227281 0.908113 0.00101434
-0.227639 0.908079 0.00115626
-0.22807 0.908017 0.00127273
-0.228557 0.907928 0.00135928
-0.229082 0.907816 0.00141258
-0.229624 0.907686 0.00143059
-0.230163 0.907543 0.0014126
-0.230678 0.907391 0.00135933
-0.231149 0.907238 0.0012728
-0.231558 0.907088 0.00115634
-0.231889 0.906948 0.00101444
-0.23213 0.906823 0.000852543
-0.232271 0.906717 0.000676869
-0.232307 0.906635 0.000494172
-0.232237 0.906581 0.000311472
-0.232062 0.906555 0.000135789
-0.231791 0.906559 -2.61241e-05
-0.231433 0.906593 -0.000168047
-0.231002 0.906656 -0.000284524
-0.230515 0.906745 -0.000371081
-0.22999 0.906857 -0.000424391
-0.229448 0.906987 -0.000442404
-0.228909 0.90713 -0.00042443
-0.228394 0.907282 -0.000371159
-0.227923 0.907435 -0.000284637
-0.227515 0.907585 -0.00016819
-0.227183 0.907725 -2.6293e-05
-0.226942 0.90785 0.000135602
-0.226801 0.907956 0.000311273
-0.226765 0.908037 0.000493969
-0.226836 0.908092 0.00067667
-0.22701 0.908118 0.000852355
-0.227281 0.908113 0.00101427
-0.227639 0.908079 0.0011562
-0.22807 0.908017 0.00127268
-0.228557 0.907928 0.00135925
-0.229082 0.907816 0.00141256
-0.229624 0.907686 0.00143059
-0.230163 0.907543 0.00141262
-0.230678 0.907391 0.00135936
-0.231149 0.907238 0.00127284
-0.231558 0.907088 0.0011564
-0.231889 0.906948 0.00101451
-0.23213 0.906823 0.000852618
-0.232271 0.906717 0.000676949
-0.232307 0.906635 0.000494253
-0.232237 0.906581 0.000311552
-0.232063 0.906555 0.000135865
-0.231791 0.906559 -2.60565e-05
-0.231433 0.906593 -0.000167989
-0.231003 0.906656 -0.000284479
-0.230515 0.906745 -0.00037105
-0.229991 0.906857 -0.000424375
-0.229448 0.906987 -0.000442404
-0.228909 0.90713 -0.000424446
-0.228395 0.907281 -0.00037119
-0.227924 0.907435 -0.000284682
-0.227515 0.907585 -0.000168248
-0.227183 0.907725 -2.63606e-05
-0.226943 0.90785 0.000135527
-0.226801 0.907956 0.000311193
-0.226765 0.908037 0.000493888
-0.226836 0.908092 0.00067659
-0.22701 0.908118 0.00085228
-0.227281 0.908113 0.0010142
-0.227639 0.908079 0.00115614
-0.22807 0.908017 0.00127264
-0.228557 0.907928 0.00135922
-0.229082 0.907816 0.00141255
-0.229624 0.907686 0.00143059
-0.230163 0.907543 0.00141264
-0.230678 0.907391 0.00135939
-0.231149 0.907238 0.00127289
-0.231558 0.907088 0.00115646
-0.231889 0.906948 0.00101458
-0.23213 0.906823 0.000852693
-0.232271 0.906717 0.000677029
-0.232307 0.906635 0.000494335
-0.232237 0.906581 0.000311631
-0.232063 0.906555 0.00013594
-0.231791 0.906559 -2.59889e-05
-0.231434 0.906593 -0.000167932
-0.231003 0.906656 -0.000284434
-0.230516 0.906745 -0.000371019
-0.229991 0.906857 -0.000424359
-0.229449 0.906987 -0.000442404
-0.22891 0.90713 -0.000424462
-0.228395 0.907281 -0.000371221
-0.227924 0.907435 -0.000284727
-0.227515 0.907585 -0.000168305
-0.227184 0.907725 -2.64281e-05
-0.226943 0.90785 0.000135452
-0.226801 0.907956 0.000311113
-0.226765 0.908037 0.000493806
-0.226836 0.908092 0.000676511
-0.22701 0.908118 0.000852205
-0.227281 0.908113 0.00101414
-0.231764 0.906985 0.000658125
-0.231708 0.906942 0.000514577
-0.231571 0.906922 0.000376545
-0.231358 0.906925 0.000249333
-0.231077 0.906952 0.000137831
-0.230738 0.907001 4.6323e-05
-0.230356 0.907071 -2.16745e-05
-0.229943 0.907159 -6.35485e-05
-0.229517 0.907261 -7.76897e-05
-0.229094 0.907374 -6.35547e-05
-0.228689 0.907493 -2.16868e-05
-0.228319 0.907613 4.63052e-05
-0.227998 0.907731 0.000137808
-0.227738 0.907841 0.000249307
-0.227549 0.907939 0.000376515
-0.227438 0.908022 0.000514545
-0.227409 0.908086 0.000658093
-0.227465 0.908129 0.000801642
-0.227602 0.90815 0.000939676
-0.227815 0.908146 0.00106689
-0.228096 0.908119 0.0011784
-0.228435 0.90807 0.00126991
-0.228818 0.908 0.00133791
-0.22923 0.907913 0.00137979
-0.229656 0.90781 0.00139394
-0.230079 0.907698 0.00137981
-0.230484 0.907579 0.00133795
-0.230854 0.907458 0.00126996
-0.231175 0.90734 0.00117846
-0.231435 0.90723 0.00106697
-0.231625 0.907132 0.000939764
-0.231735 0.907049 0.000801736
-0.231764 0.906985 0.000658189
-0.231708 0.906942 0.000514639
-0.231572 0.906922 0.000376603
-0.231358 0.906925 0.000249386
-0.231077 0.906952 0.000137876
-0.230739 0.907001 4.63585e-05
-0.230356 0.907071 -2.16501e-05
-0.229943 0.907159 -6.3536e-05
-0.229517 0.907261 -7.76897e-05
-0.229094 0.907374 -6.35672e-05
-0.22869 0.907493 -2.17112e-05
-0.22832 0.907613 4.62698e-05
-0.227998 0.907731 0.000137763
-0.227738 0.907841 0.000249254
-0.227549 0.907939 0.000376456
-0.227438 0.908022 0.000514483
-0.227409 0.908086 0.000658029
-0.227465 0.908129 0.000801579
-0.227602 0.90815 0.000939617
-0.227815 0.908146 0.00106684
-0.228096 0.908119 0.00117835
-0.228435 0.90807 0.00126987
-0.228817 0.908 0.00133789
-0.22923 0.907913 0.00137978
-0.229656 0.90781 0.00139394
-0.230079 0.907698 0.00137982
-0.230484 0.907579 0.00133797
-0.230854 0.907458 0.00127
-0.231175 0.907341 0.00117851
-0.231435 0.90723 0.00106702
-0.231625 0.907132 0.000939823
-0.231735 0.907049 0.000801798
-0.231764 0.906985 0.000658253
-0.231708 0.906942 0.000514702
-0.231572 0.906922 0.000376662
-0.231358 0.906925 0.000249439
-0.231077 0.906952 0.000137921
-0.230739 0.907001 4.63939e-05
-0.230356 0.907071 -2.16257e-05
-0.229944 0.907159 -6.35235e-05
-0.229518 0.907261 -7.76897e-05
-0.229094 0.907374 -6.35796e-05
-0.22869 0.907492 -2.17356e-05
-0.22832 0.907613 4.62343e-05
-0.227998 0.907731 0.000137718
-0.227738 0.907841 0.0002492
-0.227549 0.907939 0.000376397
-0.227438 0.908022 0.00051442
-0.227409 0.908086 0.000657965
-0.227465 0.908129 0.000801517
-0.227602 0.90815 0.000939558
-0.227815 0.908146 0.00106678
-0.228096 0.908119 0.00117831
-0.228434 0.90807 0.00126984
-0.228817 0.908 0.00133786
-0.22923 0.907913 0.00137977
-0.229656 0.90781 0.00139394
-0.230079 0.907698 0.00137984
-0.230484 0.907579 0.001338
-0.231124 0.907304 0.000780016
-0.231086 0.907275 0.000681135
-0.230991 0.907261 0.000586053
-0.230844 0.907263 0.000498425
-0.230651 0.907282 0.000421618
-0.230418 0.907316 0.000358584
-0.230154 0.907364 0.000311744
-0.22987 0.907424 0.0002829
-0.229576 0.907494 0.000273159
-0.229285 0.907572 0.000282896
-0.229006 0.907654 0.000311736
-0.228751 0.907737 0.000358571
-0.22853 0.907818 0.000421602
-0.228351 0.907894 0.000498407
-0.22822 0.907962 0.000586033
-0.228144 0.908019 0.000681113
-0.228124 0.908063 0.000779994
-0.228163 0.908093 0.000878876
-0.228257 0.908107 0.000973959
-0.228404 0.908104 0.00106159
-0.228597 0.908086 0.0011384
-0.228831 0.908052 0.00120144
-0.229094 0.908004 0.00124828
-0.229378 0.907943 0.00127713
-0.229672 0.907873 0.00128687
-0.229964 0.907795 0.00127714
-0.230242 0.907713 0.00124831
-0.230497 0.90763 0.00120147
-0.230718 0.907549 0.00113845
-0.230898 0.907473 0.00106164
-0.231028 0.907406 0.00097402
-0.231104 0.907349 0.000878941
-0.231124 0.907304 0.00078006
-0.231086 0.907275 0.000681178
-0.230991 0.907261 0.000586094
-0.230845 0.907263 0.000498461
-0.230651 0.907282 0.000421649
-0.230418 0.907316 0.000358608
-0.230154 0.907364 0.000311761
-0.22987 0.907424 0.000282908
-0.229576 0.907494 0.000273159
-0.229285 0.907572 0.000282887
-0.229006 0.907654 0.000311719
-0.228751 0.907737 0.000358547
-0.22853 0.907818 0.000421571
-0.228351 0.907894 0.00049837
-0.22822 0.907962 0.000585992
-0.228144 0.908019 0.00068107
-0.228124 0.908063 0.00077995
-0.228163 0.908093 0.000878833
-0.228257 0.908107 0.000973919
-0.228404 0.908104 0.00106155
-0.228597 0.908086 0.00113837
-0.228831 0.908052 0.00120141
-0.229094 0.908004 0.00124826
-0.229378 0.907943 0.00127712
-0.229672 0.907873 0.00128687
-0.229963 0.907795 0.00127715
-0.230242 0.907713 0.00124832
-0.230497 0.90763 0.0012015
-0.230718 0.907549 0.00113848
-0.230898 0.907473 0.00106168
-0.231028 0.907406 0.000974061
-0.230412 0.907581 0.000855081
-0.230392 0.907566 0.000804666
-0.230344 0.907559 0.000756188
-0.230269 0.90756 0.000711511
-0.230171 0.90757 0.000672351
-0.230052 0.907587 0.000640213
-0.229917 0.907612 0.000616331
-0.229772 0.907643 0.000601625
-0.229623 0.907678 0.000596658
-0.229474 0.907718 0.000601623
-0.229332 0.90776 0.000616327
-0.229202 0.907802 0.000640206
-0.229089 0.907843 0.000672343
-0.228998 0.907882 0.000711502
-0.228931 0.907917 0.000756178
-0.228892 0.907946 0.000804655
-0.228883 0.907968 0.00085507
-0.228902 0.907983 0.000905485
-0.22895 0.907991 0.000953964
-0.229025 0.907989 0.000998642
-0.229124 0.90798 0.0010378
-0.229243 0.907963 0.00106994
-0.229377 0.907938 0.00109383
-0.229522 0.907907 0.00110854
-0.229672 0.907871 0.0011135
-0.22982 0.907832 0.00110854
-0.229962 0.90779 0.00109384
-0.230092 0.907748 0.00106996
-0.230205 0.907706 0.00103783
-0.230296 0.907668 0.00099867
-0.230363 0.907633 0.000953995
-0.230402 0.907604 0.000905518
-0.229655 0.907806 0.000880435
