0.715112 0.459168 0.232317
0.804448 0.288499 0.226983
0.811842 0.297627 0.193174
0.814967 0.31261 0.160665
0.813704 0.332871 0.130704
0.808101 0.357631 0.104442
0.798374 0.38594 0.0828902
0.784897 0.416709 0.0668753
0.768186 0.448756 0.0570131
0.748885 0.480849 0.0536825
0.727735 0.511755 0.0570116
0.70555 0.540286 0.0668724
0.68318 0.565347 0.082886
0.661487 0.585973 0.104437
0.641303 0.601373 0.130697
0.623405 0.610954 0.160658
0.60848 0.614349 0.193167
0.597102 0.611426 0.226975
0.589707 0.602299 0.260784
0.586581 0.587317 0.293294
0.587843 0.567058 0.323256
0.593445 0.542298 0.349518
0.603171 0.51399 0.371071
0.616648 0.483222 0.387088
0.633358 0.451175 0.396951
0.652658 0.419082 0.400283
0.673808 0.388175 0.396956
0.695993 0.359643 0.387096
0.718363 0.334582 0.371084
0.740056 0.313954 0.349534
0.76024 0.298553 0.323275
0.778139 0.288971 0.293315
0.793065 0.285575 0.260806
0.861676 0.105976 0.211186
0.876179 0.123882 0.144868
0.88231 0.153272 0.0810982
0.879832 0.193015 0.0223275
0.868842 0.241585 -0.0291857
0.849762 0.297114 -0.0714617
0.823324 0.357469 -0.102876
0.790546 0.420331 -0.122222
0.752686 0.483284 -0.128755
0.711199 0.543909 -0.122224
0.66768 0.599875 -0.102882
0.6238 0.649033 -0.0714699
0.581247 0.689494 -0.0291961
0.541656 0.719701 0.0223152
0.506547 0.738495 0.0810846
0.477271 0.745154 0.144854
0.454951 0.739421 0.211172
0.440447 0.721517 0.27749
0.434314 0.69213 0.341261
0.43679 0.652389 0.400033
0.447778 0.603821 0.451548
0.466857 0.548293 0.493826
0.493293 0.487939 0.525243
0.52607 0.425077 0.544591
0.563929 0.362124 0.551127
0.605416 0.301499 0.5446
0.648934 0.245531 0.52526
0.692814 0.196371 0.493851
0.735367 0.155909 0.451579
0.774959 0.125699 0.40007
0.810069 0.106902 0.341302
0.839347 0.10024 0.277534
0.861668 0.10597 0.211216
0.876175 0.123872 0.144897
0.882309 0.153257 0.0811255
0.879835 0.192996 0.022352
0.868849 0.241562 -0.0291648
0.849772 0.297088 -0.0714454
0.823338 0.357442 -0.102865
0.790561 0.420303 -0.122216
0.752703 0.483257 -0.128755
0.711218 0.543883 -0.12223
0.667699 0.599852 -0.102893
0.62382 0.649013 -0.0714863
0.581266 0.689478 -0.029217
0.541673 0.71969 0.0222907
0.506562 0.73849 0.0810573
0.477282 0.745154 0.144825
0.45496 0.739427 0.211142
0.440451 0.721528 0.277461
0.434315 0.692145 0.341233
0.436787 0.652409 0.400008
0.447771 0.603844 0.451527
0.466847 0.548319 0.49381
0.49328 0.487966 0.525232
0.526054 0.425105 0.544586
0.563912 0.362151 0.551127
0.605397 0.301525 0.544606
0.648915 0.245554 0.525271
0.692795 0.196391 0.493867
0.735349 0.155924 0.4516
0.774943 0.12571 0.400094
0.810055 0.106907 0.341329
0.884597 -0.0813868 0.185534
0.905652 -0.0553903 0.0892547
0.914552 -0.0127232 -0.00332473
0.910955 0.0449751 -0.0886467
0.895 0.115487 -0.163432
0.8673 0.196103 -0.224808
0.828919 0.283726 -0.270414
0.781331 0.374987 -0.2985
0.726367 0.466381 -0.307984
0.666137 0.554394 -0.298504
0.602957 0.635645 -0.270422
0.539254 0.707011 -0.22482
0.477477 0.76575 -0.163447
0.419999 0.809605 -0.0886645
0.369029 0.83689 -0.00334451
0.326526 0.846557 0.0892337
0.294123 0.838234 0.185513
0.273066 0.812242 0.281792
0.264163 0.769578 0.374373
0.267757 0.711883 0.459697
0.283709 0.641374 0.534485
0.311407 0.560759 0.595864
0.349786 0.473138 0.641474
0.397372 0.381877 0.669564
0.452335 0.290483 0.679052
0.512564 0.202469 0.669576
0.575743 0.121216 0.641499
0.639446 0.049847 0.5959
0.701224 -0.00889523 0.534531
0.758703 -0.0527535 0.45975
0.809675 -0.0800424 0.374432
0.85218 -0.0897132 0.281855
0.884585 -0.0813944 0.185577
0.905645 -0.0554056 0.0892967
0.914551 -0.0127455 -0.00328516
0.91096 0.0449465 -0.088611
0.89501 0.115454 -0.163402
0.867315 0.196066 -0.224784
0.828938 0.283686 -0.270398
0.781354 0.374947 -0.298491
0.726392 0.466341 -0.307984
0.666165 0.554356 -0.298512
0.602985 0.635611 -0.270439
0.539282 0.706982 -0.224843
0.477503 0.765728 -0.163478
0.420023 0.809589 -0.0887001
0.36905 0.836882 -0.00338407
0.326543 0.846557 0.0891917
0.294135 0.838242 0.18547
0.273073 0.812257 0.28175
0.264164 0.769601 0.374334
0.267753 0.711912 0.459661
0.2837 0.641407 0.534455
0.311393 0.560797 0.59584
0.349767 0.473178 0.641458
0.397349 0.381918 0.669555
0.452309 0.290523 0.679052
0.512536 0.202506 0.669584
0.575715 0.12125 0.641515
0.639418 0.049876 0.595923
0.701198 -0.00887241 0.534561
0.758679 -0.0527377 0.459786
0.809654 -0.0800342 0.374472
0.852163 -0.0897129 0.281897
0.884573 -0.0814021 0.18562
0.905639 -0.0554209 0.0893387
0.91455 -0.0127678 -0.00324559
0.910964 0.044918 -0.0885754
0.89502 0.11542 -0.163372
0.867329 0.196029 -0.22476
0.828957 0.283646 -0.270382
0.781377 0.374906 -0.298483
0.726418 0.466301 -0.307984
0.666192 0.554319 -0.29852
0.603013 0.635577 -0.270455
0.53931 0.706953 -0.224867
0.47753 0.765705 -0.163508
0.420047 0.809574 -0.0887357
0.369071 0.836874 -0.00342364
0.32656 0.846557 0.0891497
0.294147 0.83825 0.185427
0.273079 0.812272 0.281708
0.264165 0.769623 0.374294
0.267748 0.71194 0.459626
0.28369 0.641441 0.534425
0.311378 0.560834 0.595816
0.349748 0.473218 0.641441
0.397326 0.381958 0.669547
0.452284 0.290563 0.679052
0.512509 0.202544 0.669593
0.575687 0.121284 0.641532
0.872329 -0.266389 0.151012
0.899127 -0.233302 0.0284714
0.910455 -0.178997 -0.08936
0.905877 -0.105561 -0.197954
0.88557 -0.0158156 -0.293139
0.850314 0.0867895 -0.371255
0.801464 0.198312 -0.429301
0.740897 0.314466 -0.465047
0.67094 0.430788 -0.477119
0.594282 0.542808 -0.465052
0.513869 0.646221 -0.429311
0.432791 0.737053 -0.37127
0.354163 0.811814 -0.293158
0.281007 0.86763 -0.197977
0.216135 0.902358 -0.0893852
0.162039 0.914661 0.0284447
0.120798 0.904069 0.150985
0.0939968 0.870986 0.273526
0.0826656 0.816686 0.391359
0.0872397 0.743253 0.499956
0.107543 0.653512 0.595143
0.142796 0.550909 0.673263
0.191643 0.439388 0.731314
0.252208 0.323235 0.767065
0.322163 0.206912 0.779142
0.39882 0.0948911 0.767081
0.479233 -0.00852429 0.731346
0.560311 -0.0993597 0.673309
0.63894 -0.174125 0.595201
0.712097 -0.229946 0.500024
0.776971 -0.264678 0.391434
0.83107 -0.276986 0.273606
0.872314 -0.266399 0.151066
0.899119 -0.233321 0.0285249
0.910453 -0.179025 -0.0893097
0.905883 -0.105597 -0.197909
0.885583 -0.0158584 -0.2931
0.850333 0.0867419 -0.371224
0.801488 0.198261 -0.42928
0.740926 0.314414 -0.465036
0.670973 0.430737 -0.477119
0.594317 0.54276 -0.465063
0.513905 0.646177 -0.429332
0.432826 0.737016 -0.3713
0.354197 0.811785 -0.293196
0.281038 0.86761 -0.198022
0.216161 0.902347 -0.0894356
0.16206 0.914661 0.0283912
0.120813 0.904078 0.15093
0.0940053 0.871006 0.273472
0.0826671 0.816714 0.391308
0.0872341 0.74329 0.49991
0.107531 0.653555 0.595105
0.142777 0.550957 0.673233
0.191619 0.439439 0.731294
0.252179 0.323287 0.767055
0.322131 0.206963 0.779142
0.398785 0.094939 0.767092
0.479197 -0.00848109 0.731367
0.560276 -0.0993229 0.673339
0.638906 -0.174095 0.595239
0.712066 -0.229925 0.500069
0.776945 -0.264667 0.391485
0.831049 -0.276986 0.273659
0.872299 -0.266408 0.151121
0.89911 -0.233341 0.0285784
0.910452 -0.179053 -0.0892593
0.905888 -0.105633 -0.197864
0.885595 -0.0159012 -0.293061
0.850352 0.0866943 -0.371194
0.801513 0.198211 -0.429259
0.740955 0.314362 -0.465026
0.671005 0.430686 -0.477119
0.594352 0.542712 -0.465073
0.513941 0.646134 -0.429353
0.432862 0.736979 -0.37133
0.354231 0.811756 -0.293235
0.281069 0.86759 -0.198068
0.216188 0.902337 -0.0894859
0.162081 0.914661 0.0283378
0.120828 0.904088 0.150876
0.0940138 0.871025 0.273419
0.0826686 0.816742 0.391258
0.0872286 0.743326 0.499865
0.107519 0.653597 0.595066
0.142759 0.551004 0.673203
0.191595 0.439489 0.731273
0.25215 0.323338 0.767044
0.322098 0.207014 0.779142
0.39875 0.0949869 0.767103
0.479161 -0.00843788 0.731387
0.56024 -0.0992861 0.673369
0.638872 -0.174066 0.595278
0.712036 -0.229905 0.500114
0.776918 -0.264657 0.391535
0.831028 -0.276986 0.273713
0.872284 -0.266418 0.151175
0.899102 -0.23336 0.0286318
0.91045 -0.179082 -0.089209
0.905894 -0.105669 -0.197818
0.885607 -0.0159439 -0.293023
0.85037 0.0866467 -0.371164
0.801537 0.19816 -0.429238
0.740984 0.314311 -0.465015
0.671038 0.430635 -0.477118
0.594387 0.542664 -0.465084
0.513977 0.646091 -0.429374
0.432897 0.736942 -0.371361
0.354264 0.811727 -0.293273
0.281099 0.86757 -0.198113
0.216214 0.902326 -0.0895363
0.162103 0.91466 0.0282843
0.120843 0.904098 0.150821
0.0940223 0.871044 0.273365
0.0826701 0.816771 0.391208
0.0872231 0.743362 0.49982
0.825345 -0.441921 0.108947
0.856855 -0.403015 -0.0351461
0.870175 -0.339159 -0.173702
0.864793 -0.252807 -0.301395
0.840914 -0.147278 -0.41332
0.799457 -0.0266266 -0.505175
0.742016 0.10451 -0.573431
0.670796 0.241093 -0.615463
0.588535 0.377873 -0.629658
0.498395 0.509595 -0.61547
0.403839 0.631196 -0.573443
0.308501 0.738004 -0.505193
0.216044 0.825913 -0.413343
0.130022 0.891547 -0.301422
0.0537403 0.932382 -0.173731
-0.00987007 0.946849 -0.0351775
-0.0583644 0.934394 0.108914
-0.0898792 0.895493 0.253008
-0.103203 0.831642 0.391565
-0.0978248 0.745295 0.519262
-0.0739503 0.639769 0.631191
-0.0324973 0.519121 0.72305
0.0249413 0.387986 0.791311
0.0961582 0.251404 0.83335
0.178417 0.114623 0.847551
0.268555 -0.0171001 0.833369
0.363111 -0.138704 0.791348
0.458449 -0.245515 0.723104
0.550907 -0.33343 0.631258
0.636931 -0.399068 0.519342
0.713215 -0.439909 0.391654
0.776829 -0.454383 0.253102
0.825327 -0.441933 0.109011
0.856845 -0.403038 -0.0350833
0.870174 -0.339192 -0.173642
0.864799 -0.252849 -0.301342
0.840929 -0.147328 -0.413275
0.799479 -0.0266826 -0.50514
0.742044 0.10445 -0.573406
0.67083 0.241032 -0.615451
0.588574 0.377813 -0.629658
0.498436 0.509539 -0.615482
0.403881 0.631145 -0.573467
0.308543 0.73796 -0.505229
0.216084 0.825879 -0.413388
0.130058 0.891523 -0.301475
0.0537714 0.93237 -0.17379
-0.00984514 0.946849 -0.0352404
-0.0583466 0.934405 0.10885
-0.0898692 0.895516 0.252945
-0.103202 0.831675 0.391506
-0.0978313 0.745337 0.519208
-0.0739648 0.63982 0.631145
-0.0325193 0.519177 0.723015
0.0249127 0.388046 0.791287
0.096124 0.251465 0.833338
0.178378 0.114683 0.847551
0.268514 -0.0170438 0.833381
0.363069 -0.138653 0.791373
0.458408 -0.245472 0.723139
0.550867 -0.333395 0.631304
0.636895 -0.399045 0.519395
0.713184 -0.439897 0.391713
0.776804 -0.454382 0.253165
0.825309 -0.441944 0.109075
0.856835 -0.40306 -0.0350204
0.870172 -0.339225 -0.173583
0.864806 -0.252892 -0.301289
0.840943 -0.147378 -0.413229
0.799501 -0.0267386 -0.505104
0.742073 0.104391 -0.573381
0.670864 0.240971 -0.615438
0.588612 0.377754 -0.629658
0.498477 0.509482 -0.615494
0.403924 0.631094 -0.573492
0.308585 0.737917 -0.505264
0.216124 0.825845 -0.413433
0.130094 0.891499 -0.301528
0.0538025 0.932357 -0.17385
-0.0098202 0.946849 -0.0353033
-0.0583288 0.934416 0.108786
-0.0898593 0.895538 0.252882
-0.1032 0.831709 0.391447
-0.0978378 0.74538 0.519155
-0.0739794 0.63987 0.6311
-0.0325413 0.519233 0.722979
0.0248841 0.388105 0.791262
0.0960899 0.251526 0.833325
0.17834 0.114743 0.847551
0.268473 -0.0169875 0.833394
0.363026 -0.138602 0.791397
0.458366 -0.245429 0.723175
0.550828 -0.333361 0.631349
0.636859 -0.399021 0.519448
0.713153 -0.439885 0.391772
0.776779 -0.454382 0.253228
0.825291 -0.441956 0.109139
0.856825 -0.403083 -0.0349575
0.87017 -0.339259 -0.173524
0.864812 -0.252935 -0.301235
0.840958 -0.147429 -0.413184
0.799523 -0.0267946 -0.505068
0.742101 0.104331 -0.573357
0.670898 0.24091 -0.615426
0.588651 0.377694 -0.629658
0.498518 0.509426 -0.615507
0.403966 0.631044 -0.573516
0.308626 0.737874 -0.5053
0.216164 0.825811 -0.413479
0.130131 0.891476 -0.301582
0.0538337 0.932345 -0.173909
-0.00979526 0.946848 -0.0353661
-0.058311 0.934428 0.108722
-0.0898493 0.895561 0.252819
-0.103198 0.831742 0.391387
-0.0978443 0.745423 0.519102
-0.0739939 0.63992 0.631055
-0.0325632 0.519289 0.722944
0.0248555 0.388165 0.791238
0.0960558 0.251587 0.833313
0.178302 0.114802 0.847551
0.268432 -0.0169311 0.833406
0.362984 -0.138552 0.791422
0.458324 -0.245385 0.723211
0.550788 -0.333327 0.631394
0.636823 -0.398997 0.519501
0.713122 -0.439872 0.391831
0.776754 -0.454381 0.253291
0.825273 -0.441967 0.109203
0.856816 -0.403106 -0.0348947
0.870168 -0.339292 -0.173465
0.864819 -0.252977 -0.301182
0.840972 -0.147479 -0.413139
0.799545 -0.0268506 -0.505033
0.74213 0.104272 -0.573332
0.670932 0.24085 -0.615413
0.745448 -0.601238 0.0609544
0.780462 -0.558008 -0.0991532
0.795262 -0.487054 -0.253108
0.789281 -0.391105 -0.394994
0.762749 -0.273847 -0.519359
0.716684 -0.139787 -0.621423
0.652858 0.00592486 -0.697264
0.573723 0.157688 -0.743969
0.48232 0.30967 -0.759741
0.382161 0.456032 -0.743975
0.277096 0.591148 -0.697278
0.171161 0.709827 -0.621442
0.0684288 0.807507 -0.519384
-0.0271541 0.880435 -0.395024
-0.111914 0.925809 -0.253141
-0.182594 0.941885 -0.0991881
-0.236479 0.928044 0.0609187
-0.271496 0.88482 0.221027
-0.286301 0.813872 0.374984
-0.280325 0.717928 0.516873
-0.253797 0.600675 0.641242
-0.207737 0.466617 0.743312
-0.143914 0.320908 0.819159
-0.0647819 0.169145 0.86587
0.0266189 0.0171621 0.88165
0.126776 -0.129201 0.865891
0.231841 -0.264321 0.8192
0.337775 -0.383003 0.743371
0.440509 -0.480689 0.641318
0.536094 -0.553623 0.516962
0.620857 -0.599003 0.375083
0.691541 -0.615085 0.221132
0.745429 -0.601251 0.0610256
0.78045 -0.558033 -0.0990833
0.79526 -0.487092 -0.253042
0.789288 -0.391153 -0.394935
0.762765 -0.273903 -0.519308
0.716709 -0.139849 -0.621383
0.65289 0.0058587 -0.697237
0.573761 0.15762 -0.743955
0.482362 0.309604 -0.759741
0.382207 0.455969 -0.743989
0.277143 0.591092 -0.697305
0.171208 0.709779 -0.621482
0.0684729 0.807469 -0.519434
-0.027114 0.880409 -0.395083
-0.11188 0.925795 -0.253207
-0.182567 0.941884 -0.099258
-0.236459 0.928057 0.0608475
-0.271485 0.884845 0.220957
-0.286299 0.813909 0.374918
-0.280332 0.717976 0.516814
-0.253813 0.600731 0.641192
-0.207761 0.466679 0.743272
-0.143946 0.320974 0.819132
-0.0648199 0.169213 0.865856
0.0265763 0.0172284 0.88165
0.12673 -0.129139 0.865905
0.231794 -0.264264 0.819227
0.337729 -0.382955 0.743411
0.440465 -0.480651 0.641368
0.536054 -0.553596 0.517021
0.620822 -0.598989 0.375148
0.691513 -0.615084 0.221202
0.745409 -0.601264 0.0610968
0.780439 -0.558058 -0.0990135
0.795258 -0.487129 -0.252976
0.789296 -0.3912 -0.394876
0.762781 -0.273959 -0.519258
0.716733 -0.139911 -0.621344
0.652922 0.00579254 -0.69721
0.573799 0.157553 -0.743941
0.482405 0.309538 -0.759741
0.382252 0.455907 -0.744003
0.27719 0.591035 -0.697332
0.171254 0.709731 -0.621522
0.068517 0.807431 -0.519484
-0.0270739 0.880383 -0.395142
-0.111845 0.925782 -0.253273
-0.182539 0.941884 -0.0993278
-0.236439 0.92807 0.0607763
-0.271474 0.884871 0.220887
-0.286297 0.813947 0.374852
-0.280339 0.718023 0.516755
-0.253829 0.600786 0.641141
-0.207785 0.466742 0.743232
-0.143978 0.32104 0.819105
-0.0648578 0.16928 0.865842
0.0265337 0.0172948 0.88165
0.126685 -0.129076 0.865919
0.231747 -0.264208 0.819255
0.337682 -0.382907 0.74345
0.440421 -0.480613 0.641418
0.536014 -0.55357 0.51708
0.620788 -0.598975 0.375214
0.691485 -0.615084 0.221271
0.745389 -0.601276 0.061168
0.780428 -0.558084 -0.0989436
0.795256 -0.487166 -0.252911
0.789303 -0.391247 -0.394816
0.762797 -0.274015 -0.519208
0.716758 -0.139973 -0.621304
0.652953 0.00572638 -0.697182
0.573837 0.157485 -0.743927
0.482447 0.309471 -0.759741
0.382298 0.455844 -0.744017
0.277237 0.590979 -0.69736
0.171301 0.709682 -0.621561
0.0685611 0.807393 -0.519535
-0.0270338 0.880356 -0.395201
-0.111811 0.925768 -0.253338
-0.182511 0.941883 -0.0993976
-0.236419 0.928082 0.0607051
-0.271463 0.884896 0.220817
-0.286295 0.813984 0.374786
-0.280346 0.718071 0.516695
-0.253845 0.600842 0.641091
-0.20781 0.466804 0.743193
-0.144009 0.321106 0.819077
-0.0648957 0.169348 0.865829
0.0264911 0.0173611 0.88165
0.126639 -0.129014 0.865933
0.2317 -0.264151 0.819282
0.337636 -0.382859 0.74349
0.440377 -0.480575 0.641469
0.535974 -0.553544 0.51714
0.620753 -0.598962 0.37528
0.691457 -0.615083 0.221341
0.745369 -0.601289 0.0612392
0.780417 -0.558109 -0.0988738
0.795254 -0.487203 -0.252845
0.78931 -0.391295 -0.394757
0.762813 -0.274071 -0.519157
0.716782 -0.140036 -0.621264
0.652985 0.00566023 -0.697155
0.573875 0.157418 -0.743913
0.48249 0.309405 -0.759741
0.382344 0.455782 -0.744031
0.277283 0.590922 -0.697387
0.171347 0.709634 -0.621601
0.0686053 0.807355 -0.519585
-0.0269936 0.88033 -0.39526
-0.111776 0.925754 -0.253404
-0.182484 0.941882 -0.0994675
-0.2364 0.928095 0.0606339
-0.271452 0.884921 0.220748
-0.286293 0.814021 0.374721
-0.280354 0.718118 0.516636
-0.253861 0.600898 0.641041
-0.207834 0.466866 0.743153
-0.144041 0.321172 0.81905
0.635711 -0.738218 0.00887967
0.672881 -0.692324 -0.16109
0.688593 -0.617001 -0.324528
0.682244 -0.515141 -0.475154
0.654077 -0.390661 -0.607179
0.605175 -0.248342 -0.71553
0.537417 -0.0936551 -0.796043
0.453408 0.0674562 -0.845624
0.356374 0.2288 -0.862368
0.250046 0.384178 -0.845632
0.138509 0.527617 -0.796058
0.0260495 0.653605 -0.715551
-0.0830111 0.757303 -0.607206
-0.184482 0.834723 -0.475185
-0.274463 0.882892 -0.324563
-0.349497 0.899957 -0.161127
-0.4067 0.885264 0.00884187
-0.443875 0.839377 0.178812
-0.459592 0.76406 0.342253
-0.453247 0.662206 0.492882
-0.425085 0.53773 0.624912
-0.376188 0.395415 0.733268
-0.308434 0.24073 0.813788
-0.224427 0.0796192 0.863376
-0.127396 -0.0817257 0.880128
-0.0210699 -0.237105 0.863399
0.0904665 -0.380547 0.813831
0.202926 -0.50654 0.733331
0.311988 -0.610243 0.624992
0.413461 -0.687669 0.492976
0.503445 -0.735845 0.342357
0.578483 -0.752918 0.178924
0.63569 -0.738232 0.00895527
0.672869 -0.692351 -0.161016
0.688591 -0.61704 -0.324458
0.682251 -0.515192 -0.475091
0.654094 -0.39072 -0.607126
0.605201 -0.248408 -0.715488
0.537451 -0.0937253 -0.796014
0.453448 0.0673845 -0.84561
0.35642 0.22873 -0.862368
0.250095 0.384111 -0.845647
0.138559 0.527557 -0.796087
0.0260988 0.653554 -0.715593
-0.0829643 0.757262 -0.607259
-0.184439 0.834695 -0.475248
-0.274426 0.882877 -0.324633
-0.349467 0.899957 -0.161201
-0.406679 0.885278 0.00876627
-0.443863 0.839404 0.178738
-0.459589 0.764099 0.342183
-0.453255 0.662256 0.492819
-0.425102 0.537789 0.624858
-0.376214 0.395481 0.733226
-0.308468 0.2408 0.813759
-0.224468 0.0796909 0.863362
-0.127442 -0.0816553 0.880128
-0.0211183 -0.237038 0.863413
0.0904167 -0.380487 0.81386
0.202877 -0.506489 0.733373
0.311941 -0.610203 0.625045
0.413418 -0.687641 0.493039
0.503408 -0.73583 0.342427
0.578453 -0.752917 0.178998
0.635669 -0.738245 0.00903088
0.672857 -0.692378 -0.160942
0.688589 -0.617079 -0.324388
0.682259 -0.515242 -0.475028
0.654111 -0.390779 -0.607072
0.605227 -0.248474 -0.715446
0.537485 -0.0937956 -0.795985
0.453488 0.0673127 -0.845595
0.356465 0.22866 -0.862368
0.250143 0.384045 -0.845661
0.138609 0.527497 -0.796116
0.026148 0.653503 -0.715635
-0.0829175 0.757222 -0.607313
-0.184397 0.834667 -0.475311
-0.274389 0.882863 -0.324703
-0.349438 0.899956 -0.161275
-0.406658 0.885291 0.00869066
-0.443851 0.839431 0.178664
-0.459587 0.764139 0.342113
-0.453262 0.662307 0.492756
-0.425119 0.537848 0.624805
-0.376239 0.395547 0.733184
-0.308501 0.24087 0.81373
-0.224508 0.0797627 0.863347
-0.127487 -0.0815848 0.880128
-0.0211668 -0.236972 0.863428
0.0903668 -0.380427 0.813889
0.202828 -0.506438 0.733415
0.311895 -0.610162 0.625099
0.413376 -0.687614 0.493102
0.503372 -0.735816 0.342497
0.578424 -0.752916 0.179072
0.635648 -0.738259 0.00910648
0.672846 -0.692405 -0.160868
0.688587 -0.617119 -0.324319
0.682267 -0.515292 -0.474965
0.654128 -0.390839 -0.607019
0.605253 -0.24854 -0.715404
0.537519 -0.0938658 -0.795956
0.453529 0.067241 -0.84558
0.35651 0.228589 -0.862368
0.250192 0.383978 -0.845676
0.138659 0.527437 -0.796144
0.0261973 0.653452 -0.715677
-0.0828707 0.757182 -0.607366
-0.184354 0.834639 -0.475374
-0.274353 0.882848 -0.324773
-0.349409 0.899956 -0.16135
-0.406637 0.885305 0.00861506
-0.443839 0.839458 0.17859
-0.459585 0.764178 0.342043
-0.45327 0.662357 0.492693
-0.425136 0.537908 0.624751
-0.376265 0.395613 0.733142
-0.308535 0.24094 0.813701
-0.224548 0.0798344 0.863332
-0.127532 -0.0815144 0.880128
-0.0212152 -0.236905 0.863443
0.090317 -0.380367 0.813918
0.202779 -0.506387 0.733457
0.311848 -0.610122 0.625152
0.413333 -0.687586 0.493165
0.503335 -0.735801 0.342567
0.578394 -0.752916 0.179146
0.635627 -0.738272 0.00918209
0.672834 -0.692432 -0.160793
0.688585 -0.617158 -0.324249
0.682274 -0.515343 -0.474902
0.654146 -0.390898 -0.606965
0.605279 -0.248606 -0.715362
0.537552 -0.093936 -0.795927
0.453569 0.0671693 -0.845565
0.356555 0.228519 -0.862368
0.25024 0.383912 -0.845691
0.138708 0.527377 -0.796173
0.0262466 0.653401 -0.715719
-0.0828238 0.757141 -0.60742
-0.184311 0.834611 -0.475437
-0.274316 0.882833 -0.324842
-0.349379 0.899955 -0.161424
-0.406616 0.885318 0.00853945
-0.443827 0.839485 0.178516
-0.459583 0.764217 0.341973
-0.453278 0.662407 0.49263
-0.425154 0.537967 0.624698
-0.376291 0.395679 0.7331
-0.308569 0.241011 0.813672
-0.224588 0.0799061 0.863317
-0.127577 -0.0814439 0.880128
-0.0212637 -0.236839 0.863457
0.0902672 -0.380307 0.813947
0.202729 -0.506336 0.733499
0.311801 -0.610082 0.625206
0.413291 -0.687558 0.493228
0.503298 -0.735787 0.342637
0.578365 -0.752915 0.17922
0.50035 -0.847596 -0.0452764
0.538248 -0.800803 -0.218577
0.554268 -0.724004 -0.385217
0.547794 -0.620148 -0.538795
0.519076 -0.493228 -0.673407
0.469215 -0.348121 -0.783881
0.40013 -0.190403 -0.865972
0.314474 -0.026135 -0.916524
0.215539 0.138371 -0.933597
0.107128 0.296793 -0.916532
-0.00659491 0.443042 -0.865986
-0.121258 0.5715 -0.783902
-0.232456 0.677229 -0.673434
-0.335915 0.756166 -0.538827
-0.427659 0.805279 -0.385253
-0.504163 0.822679 -0.218614
-0.562488 0.807698 -0.0453149
-0.60039 0.760912 0.127986
-0.616415 0.684119 0.294629
-0.609947 0.580269 0.44821
-0.581233 0.453354 0.582827
-0.531377 0.30825 0.693307
-0.462296 0.150534 0.775404
-0.376643 -0.0137336 0.825964
-0.277711 -0.17824 0.843044
-0.169301 -0.336664 0.825987
-0.055579 -0.482917 0.775448
0.0590846 -0.611379 0.693371
0.170284 -0.717113 0.582909
0.273745 -0.796057 0.448306
0.365492 -0.845177 0.294736
0.442 -0.862584 0.1281
0.500328 -0.84761 -0.0451993
0.538236 -0.800831 -0.218501
0.554266 -0.724044 -0.385146
0.547802 -0.6202 -0.538731
0.519093 -0.493289 -0.673352
0.469242 -0.348189 -0.783838
0.400164 -0.190475 -0.865942
0.314515 -0.0262081 -0.916509
0.215586 0.138299 -0.933597
0.107177 0.296725 -0.916547
-0.00654412 0.442981 -0.866016
-0.121208 0.571448 -0.783945
-0.232408 0.677188 -0.673489
-0.335871 0.756138 -0.538891
-0.427622 0.805264 -0.385324
-0.504133 0.822679 -0.21869
-0.562466 0.807712 -0.045392
-0.600378 0.76094 0.127911
-0.616413 0.684159 0.294558
-0.609954 0.58032 0.448146
-0.58125 0.453414 0.582772
-0.531404 0.308317 0.693264
-0.46233 0.150606 0.775375
-0.376684 -0.0136604 0.825949
-0.277757 -0.178168 0.843044
-0.16935 -0.336596 0.826002
-0.0556297 -0.482856 0.775478
0.0590344 -0.611327 0.693414
0.170236 -0.717072 0.582963
0.273701 -0.796029 0.44837
0.365455 -0.845162 0.294807
0.44197 -0.862583 0.128175
0.500307 -0.847624 -0.0451222
0.538224 -0.800858 -0.218425
0.554264 -0.724084 -0.385075
0.54781 -0.620251 -0.538666
0.51911 -0.493349 -0.673298
0.469268 -0.348256 -0.783795
0.400199 -0.190546 -0.865913
0.314556 -0.0262812 -0.916494
0.215632 0.138227 -0.933597
0.107226 0.296657 -0.916562
-0.00649332 0.44292 -0.866045
-0.121158 0.571396 -0.783988
-0.23236 0.677147 -0.673543
-0.335828 0.756109 -0.538955
-0.427584 0.805249 -0.385395
-0.504103 0.822678 -0.218766
-0.562445 0.807726 -0.0454691
-0.600366 0.760967 0.127835
-0.616411 0.684199 0.294487
-0.609962 0.580372 0.448082
-0.581268 0.453475 0.582718
-0.53143 0.308385 0.693221
-0.462365 0.150677 0.775345
-0.376725 -0.0135873 0.825934
-0.277803 -0.178096 0.843044
-0.1694 -0.336528 0.826017
-0.0556805 -0.482795 0.775507
0.0589841 -0.611275 0.693457
0.170188 -0.717031 0.583018
0.273658 -0.796 0.448434
0.365417 -0.845147 0.294878
0.44194 -0.862583 0.128251
0.500286 -0.847638 -0.0450451
0.538212 -0.800886 -0.21835
0.554262 -0.724124 -0.385004
0.547818 -0.620302 -0.538602
0.519128 -0.49341 -0.673243
0.469295 -0.348323 -0.783752
0.400233 -0.190618 -0.865883
0.314597 -0.0263543 -0.916479
0.215678 0.138155 -0.933597
0.107276 0.296589 -0.916577
-0.00644253 0.442859 -0.866075
-0.121108 0.571344 -0.784031
-0.232313 0.677106 -0.673598
-0.335785 0.756081 -0.539019
-0.427547 0.805234 -0.385467
-0.504073 0.822677 -0.218841
-0.562423 0.807739 -0.0455462
-0.600354 0.760995 0.127759
-0.616409 0.684239 0.294415
-0.60997 0.580423 0.448018
-0.581285 0.453535 0.582663
-0.531456 0.308452 0.693178
-0.462399 0.150749 0.775316
-0.376766 -0.0135142 0.825919
-0.277849 -0.178025 0.843044
-0.169449 -0.336461 0.826032
-0.0557313 -0.482734 0.775537
0.0589339 -0.611223 0.693499
0.17014 -0.71699 0.583072
0.273614 -0.795972 0.448498
0.36538 -0.845132 0.294949
0.44191 -0.862582 0.128326
0.500264 -0.847651 -0.044968
0.5382 -0.800913 -0.218274
0.554259 -0.724164 -0.384932
0.547826 -0.620354 -0.538538
0.519145 -0.49347 -0.673189
0.469321 -0.348391 -0.78371
0.400268 -0.19069 -0.865854
0.314638 -0.0264274 -0.916464
0.215724 0.138084 -0.933597
0.107325 0.296522 -0.916592
-0.00639174 0.442798 -0.866104
-0.121057 0.571292 -0.784074
-0.232265 0.677065 -0.673652
-0.335741 0.756052 -0.539083
-0.427509 0.80522 -0.385538
-0.504043 0.822677 -0.218917
-0.562402 0.807753 -0.0456233
-0.600342 0.761022 0.127684
-0.616407 0.684279 0.294344
-0.609978 0.580474 0.447953
-0.581303 0.453596 0.582609
-0.531483 0.308519 0.693135
-0.462433 0.15082 0.775286
-0.376807 -0.0134411 0.825904
-0.277895 -0.177953 0.843044
-0.169498 -0.336393 0.826047
-0.0557821 -0.482672 0.775566
0.0588837 -0.611171 0.693542
0.170093 -0.716949 0.583127
0.273571 -0.795943 0.448562
0.365342 -0.845117 0.295021
0.44188 -0.862582 0.128402
0.500243 -0.847665 -0.0448909
0.538188 -0.800941 -0.218199
0.554257 -0.724205 -0.384861
0.344566 -0.92517 -0.0994326
0.381736 -0.879276 -0.269404
0.397448 -0.803952 -0.432843
0.391099 -0.702091 -0.58347
0.362932 -0.57761 -0.715497
0.31403 -0.43529 -0.823849
0.246271 -0.280602 -0.904362
0.162261 -0.119489 -0.953944
0.0652268 0.0418568 -0.970688
-0.0411023 0.197235 -0.953952
-0.15264 0.340676 -0.904377
-0.265101 0.466665 -0.82387
-0.374162 0.570363 -0.715523
-0.475634 0.647784 -0.583502
-0.565616 0.695954 -0.432878
-0.64065 0.713019 -0.269441
-0.697854 0.698326 -0.0994704
-0.735029 0.652439 0.0705015
-0.750746 0.577121 0.233943
-0.744402 0.475266 0.384574
-0.716239 0.350789 0.516605
-0.667341 0.208472 0.624962
-0.599587 0.0537862 0.705483
-0.51558 -0.107326 0.755071
-0.418548 -0.268672 0.771823
-0.312221 -0.424053 0.755094
-0.200683 -0.567496 0.705526
-0.0882224 -0.69349 0.625025
0.0208403 -0.797194 0.516685
0.122314 -0.874621 0.384668
0.212299 -0.922797 0.234048
0.287337 -0.93987 0.0706127
0.344545 -0.925184 -0.099357
0.381724 -0.879303 -0.26933
0.397446 -0.803991 -0.432774
0.391107 -0.702142 -0.583408
0.362949 -0.577669 -0.715443
0.314056 -0.435356 -0.823807
0.246305 -0.280672 -0.904334
0.162301 -0.119561 -0.953929
0.0652721 0.0417864 -0.970688
-0.0410538 0.197169 -0.953966
-0.15259 0.340616 -0.904406
-0.265052 0.466614 -0.823912
-0.374116 0.570323 -0.715577
-0.475591 0.647757 -0.583565
-0.565579 0.695939 -0.432948
-0.640621 0.713019 -0.269515
-0.697833 0.69834 -0.0995461
-0.735017 0.652466 0.0704274
-0.750744 0.57716 0.233873
-0.744409 0.475316 0.384511
-0.716256 0.350848 0.516551
-0.667367 0.208539 0.62492
-0.599621 0.0538564 0.705454
-0.51562 -0.107254 0.755057
-0.418593 -0.268602 0.771823
-0.312269 -0.423986 0.755108
-0.200733 -0.567436 0.705555
-0.0882717 -0.693439 0.625067
0.0207935 -0.797153 0.516738
0.122271 -0.874593 0.384731
0.212262 -0.922782 0.234118
0.287308 -0.939869 0.0706869
0.344524 -0.925197 -0.0992814
0.381713 -0.87933 -0.269256
0.397444 -0.80403 -0.432704
0.391114 -0.702192 -0.583345
0.362966 -0.577728 -0.71539
0.314082 -0.435422 -0.823765
0.246339 -0.280742 -0.904305
0.162342 -0.119632 -0.953915
0.0653173 0.0417159 -0.970688
-0.0410054 0.197102 -0.953981
-0.152541 0.340556 -0.904435
-0.265002 0.466563 -0.823954
-0.374069 0.570283 -0.71563
-0.475549 0.647729 -0.583628
-0.565542 0.695924 -0.433018
-0.640592 0.713018 -0.269589
-0.697812 0.698353 -0.0996217
-0.735005 0.652493 0.0703532
-0.750742 0.5772 0.233803
-0.744417 0.475367 0.384448
-0.716274 0.350907 0.516498
-0.667393 0.208605 0.624878
-0.599655 0.0539267 0.705425
-0.51566 -0.107182 0.755042
-0.418639 -0.268531 0.771823
-0.312318 -0.42392 0.755123
-0.200783 -0.567376 0.705584
-0.088321 -0.693388 0.625109
0.0207467 -0.797113 0.516792
0.122229 -0.874565 0.384794
0.212225 -0.922768 0.234188
0.287278 -0.939869 0.070761
0.344503 -0.925211 -0.0992058
0.381701 -0.879357 -0.269181
0.397442 -0.80407 -0.432634
0.391122 -0.702242 -0.583282
0.362983 -0.577788 -0.715336
0.314108 -0.435488 -0.823723
0.246373 -0.280812 -0.904276
0.162382 -0.119704 -0.9539
0.0653625 0.0416455 -0.970688
-0.0409569 0.197036 -0.953996
-0.152491 0.340496 -0.904464
-0.264953 0.466512 -0.823996
-0.374022 0.570243 -0.715684
-0.475506 0.647701 -0.58369
-0.565506 0.69591 -0.433088
-0.640562 0.713018 -0.269663
-0.697791 0.698367 -0.0996973
-0.734994 0.65252 0.070279
-0.75074 0.577239 0.233734
-0.744425 0.475417 0.384385
-0.716291 0.350967 0.516444
-0.667419 0.208671 0.624836
-0.599688 0.0539969 0.705396
-0.515701 -0.107111 0.755027
-0.418684 -0.268461 0.771823
-0.312366 -0.423853 0.755138
-0.200833 -0.567316 0.705613
-0.0883703 -0.693337 0.625151
0.0206999 -0.797073 0.516845
0.122186 -0.874537 0.384857
0.212189 -0.922753 0.234257
0.287249 -0.939868 0.0708352
0.344482 -0.925224 -0.0991302
0.381689 -0.879384 -0.269107
0.39744 -0.804109 -0.432564
0.39113 -0.702293 -0.583219
0.363001 -0.577847 -0.715283
0.314134 -0.435554 -0.823681
0.246406 -0.280883 -0.904247
0.162422 -0.119776 -0.953885
0.0654077 0.041575 -0.970688
-0.0409085 0.196969 -0.95401
-0.152441 0.340436 -0.904493
-0.264904 0.466461 -0.824038
-0.373975 0.570202 -0.715737
-0.475464 0.647673 -0.583753
-0.565469 0.695895 -0.433158
-0.640533 0.713017 -0.269738
-0.69777 0.69838 -0.0997729
-0.734982 0.652547 0.0702049
-0.750738 0.577278 0.233664
-0.744432 0.475467 0.384322
-0.716308 0.351026 0.516391
-0.667445 0.208737 0.624794
-0.599722 0.0540671 0.705367
-0.515741 -0.107039 0.755012
-0.418729 -0.26839 0.771823
-0.312414 -0.423787 0.755153
-0.200883 -0.567256 0.705642
-0.0884195 -0.693286 0.625193
0.020653 -0.797033 0.516899
0.122144 -0.874509 0.384919
0.212152 -0.922739 0.234327
0.287219 -0.939867 0.0709093
0.174346 -0.967958 -0.151508
0.20936 -0.924727 -0.311618
0.224161 -0.853772 -0.465576
0.21818 -0.757821 -0.607465
0.191647 -0.640561 -0.731831
0.145582 -0.506498 -0.833897
0.0817544 -0.360784 -0.90974
0.00261778 -0.209018 -0.956445
-0.088787 -0.0570329 -0.972218
-0.188948 0.0893313 -0.956452
-0.294015 0.22445 -0.909754
-0.399951 0.343131 -0.833917
-0.502685 0.440813 -0.731857
-0.59827 0.513742 -0.607494
-0.683032 0.559117 -0.465609
-0.753713 0.575192 -0.311653
-0.807598 0.561352 -0.151544
-0.842616 0.518127 0.00856748
-0.857422 0.447178 0.162527
-0.851445 0.351232 0.304419
-0.824917 0.233976 0.42879
-0.778856 0.0999166 0.530862
-0.715032 -0.0457956 0.606711
-0.635898 -0.197561 0.653422
-0.544496 -0.349547 0.669202
-0.444337 -0.495913 0.653443
-0.339271 -0.631034 0.606751
-0.233334 -0.749719 0.530921
-0.130598 -0.847406 0.428866
-0.0350118 -0.920342 0.304508
0.0497526 -0.965722 0.162626
0.120438 -0.981805 0.00867226
0.174327 -0.967971 -0.151437
0.209349 -0.924752 -0.311549
0.224159 -0.853809 -0.46551
0.218187 -0.757869 -0.607405
0.191663 -0.640617 -0.731781
0.145606 -0.50656 -0.833858
0.0817862 -0.36085 -0.909713
0.00265571 -0.209086 -0.956431
-0.0887444 -0.0570993 -0.972218
-0.188902 0.0892687 -0.956466
-0.293968 0.224394 -0.909781
-0.399905 0.343083 -0.833957
-0.502641 0.440775 -0.731907
-0.59823 0.513716 -0.607553
-0.682997 0.559103 -0.465675
-0.753685 0.575192 -0.311723
-0.807579 0.561365 -0.151615
-0.842605 0.518152 0.00849763
-0.85742 0.447215 0.162461
-0.851452 0.35128 0.30436
-0.824933 0.234032 0.42874
-0.77888 0.0999788 0.530822
-0.715064 -0.0457294 0.606683
-0.635936 -0.197493 0.653408
-0.544539 -0.34948 0.669202
-0.444383 -0.49585 0.653457
-0.339317 -0.630978 0.606779
-0.23338 -0.749671 0.53096
-0.130643 -0.847368 0.428916
-0.035052 -0.920315 0.304567
0.0497181 -0.965709 0.162692
0.12041 -0.981804 0.0087421
0.174307 -0.967984 -0.151366
0.209338 -0.924777 -0.311479
0.224157 -0.853846 -0.465444
0.218194 -0.757916 -0.607346
0.191679 -0.640673 -0.731731
0.145631 -0.506623 -0.833818
0.081818 -0.360916 -0.909686
0.00269364 -0.209153 -0.956418
-0.0887018 -0.0571656 -0.972218
-0.188856 0.0892061 -0.95648
-0.293921 0.224337 -0.909808
-0.399858 0.343034 -0.833996
-0.502597 0.440737 -0.731957
-0.59819 0.513689 -0.607613
-0.682963 0.559089 -0.465741
-0.753658 0.575191 -0.311793
-0.807559 0.561377 -0.151686
-0.842594 0.518177 0.00842778
-0.857418 0.447252 0.162396
-0.85146 0.351327 0.3043
-0.824949 0.234088 0.428689
-0.778905 0.100041 0.530782
-0.715096 -0.0456633 0.606656
-0.635974 -0.197426 0.653395
-0.544581 -0.349414 0.669202
-0.444428 -0.495787 0.653471
-0.339364 -0.630922 0.606806
-0.233427 -0.749623 0.531
-0.130687 -0.84733 0.428966
-0.0350921 -0.920289 0.304626
0.0496835 -0.965695 0.162757
0.120382 -0.981804 0.00881195
0.174287 -0.967996 -0.151294
0.209327 -0.924803 -0.311409
0.224155 -0.853883 -0.465379
0.218202 -0.757963 -0.607287
0.191695 -0.640729 -0.73168
0.145655 -0.506685 -0.833779
0.0818498 -0.360982 -0.909658
0.00273156 -0.209221 -0.956404
-0.0886592 -0.057232 -0.972218
-0.188811 0.0891435 -0.956494
-0.293874 0.224281 -0.909836
-0.399812 0.342986 -0.834036
-0.502553 0.440699 -0.732008
-0.59815 0.513663 -0.607672
-0.682928 0.559076 -0.465806
-0.75363 0.575191 -0.311863
-0.807539 0.56139 -0.151757
-0.842583 0.518203 0.00835792
-0.857416 0.447289 0.16233
-0.851467 0.351374 0.304241
-0.824965 0.234144 0.428639
-0.778929 0.100103 0.530743
-0.715127 -0.0455971 0.606629
-0.636012 -0.197358 0.653381
-0.544624 -0.349348 0.669202
-0.444474 -0.495725 0.653485
-0.339411 -0.630865 0.606833
-0.233473 -0.749575 0.53104
-0.130731 -0.847292 0.429017
-0.0351322 -0.920263 0.304685
0.0496489 -0.965681 0.162823
0.120354 -0.981803 0.0088818
0.174267 -0.968009 -0.151223
0.209316 -0.924828 -0.311339
0.224153 -0.853921 -0.465313
0.218209 -0.758011 -0.607228
0.191711 -0.640785 -0.73163
0.145679 -0.506747 -0.833739
0.0818816 -0.361049 -0.909631
0.00276948 -0.209288 -0.95639
-0.0886166 -0.0572984 -0.972218
-0.188765 0.0890809 -0.956508
-0.293827 0.224224 -0.909863
-0.399765 0.342938 -0.834075
-0.502509 0.440661 -0.732058
-0.598109 0.513637 -0.607731
-0.682893 0.559062 -0.465872
-0.753602 0.57519 -0.311933
-0.807519 0.561403 -0.151828
-0.842572 0.518228 0.00828807
-0.857414 0.447326 0.162264
-0.851474 0.351422 0.304182
-0.824981 0.2342 0.428589
-0.778953 0.100165 0.530703
-0.715159 -0.045531 0.606601
-0.00376778 -0.974316 -0.199501
0.027744 -0.935409 -0.343598
0.0410644 -0.871551 -0.482158
0.0356816 -0.785196 -0.609855
0.0118024 -0.679664 -0.721783
-0.0296556 -0.55901 -0.813641
-0.0870992 -0.427869 -0.881898
-0.158321 -0.291282 -0.923932
-0.240584 -0.154498 -0.938127
-0.330727 -0.0227726 -0.923938
-0.425285 0.098832 -0.88191
-0.520626 0.205643 -0.813659
-0.613086 0.293555 -0.721806
-0.69911 0.35919 -0.609882
-0.775394 0.400027 -0.482187
-0.839007 0.414495 -0.34363
-0.887502 0.402038 -0.199533
-0.919018 0.363136 -0.0554359
-0.932343 0.299284 0.0831253
-0.926964 0.212934 0.210826
-0.903089 0.107406 0.322758
-0.861634 -0.013246 0.41462
-0.804194 -0.144385 0.482883
-0.732975 -0.280971 0.524923
-0.650715 -0.417756 0.539125
-0.560573 -0.549483 0.524942
-0.466015 -0.67109 0.48292
-0.370674 -0.777905 0.414674
-0.278213 -0.865822 0.322826
-0.192187 -0.931462 0.210906
-0.1159 -0.972304 0.0832142
-0.0522849 -0.986778 -0.0553416
-0.00378558 -0.974328 -0.199437
0.027734 -0.935431 -0.343535
0.0410627 -0.871584 -0.482098
0.0356881 -0.785239 -0.609802
0.0118169 -0.679715 -0.721738
-0.0296336 -0.559066 -0.813605
-0.0870705 -0.427929 -0.881874
-0.158287 -0.291343 -0.92392
-0.240545 -0.154558 -0.938127
-0.330685 -0.022829 -0.923951
-0.425243 0.0987812 -0.881935
-0.520584 0.205599 -0.813694
-0.613046 0.293521 -0.721851
-0.699074 0.359167 -0.609935
-0.775363 0.400014 -0.482246
-0.838982 0.414494 -0.343692
-0.887485 0.40205 -0.199597
-0.919008 0.363159 -0.0554988
-0.932341 0.299317 0.0830661
-0.92697 0.212977 0.210772
-0.903103 0.107456 0.322713
-0.861656 -0.01319 0.414585
-0.804223 -0.144325 0.482859
-0.733009 -0.28091 0.524911
-0.650753 -0.417696 0.539125
-0.560614 -0.549427 0.524954
-0.466057 -0.671039 0.482945
-0.370715 -0.777861 0.414709
-0.278253 -0.865787 0.322871
-0.192223 -0.931439 0.210959
-0.115931 -0.972292 0.0832734
-0.0523098 -0.986778 -0.0552788
-0.00380337 -0.974339 -0.199373
0.0277241 -0.935454 -0.343472
0.0410609 -0.871617 -0.482039
0.0356946 -0.785282 -0.609748
0.0118314 -0.679765 -0.721692
-0.0296116 -0.559122 -0.81357
-0.0870419 -0.427988 -0.881849
-0.158253 -0.291404 -0.923907
-0.240507 -0.154618 -0.938127
-0.330644 -0.0228853 -0.923963
-0.425201 0.0987304 -0.881959
-0.520543 0.205556 -0.81373
-0.613006 0.293487 -0.721896
-0.699038 0.359143 -0.609988
-0.775332 0.400002 -0.482306
-0.838957 0.414494 -0.343755
-0.887467 0.402061 -0.199662
-0.918998 0.363182 -0.0555616
-0.932339 0.29935 0.0830069
-0.926977 0.213019 0.210719
-0.903118 0.107506 0.322667
-0.861678 -0.013134 0.414549
-0.804251 -0.144266 0.482834
-0.733044 -0.280849 0.524898
-0.650791 -0.417636 0.539125
-0.560655 -0.54937 0.524967
-0.466099 -0.670989 0.482969
-0.370757 -0.777818 0.414745
-0.278293 -0.865753 0.322916
-0.192259 -0.931415 0.211012
-0.115962 -0.97228 0.0833326
-0.0523348 -0.986777 -0.0552159
-0.00382118 -0.974351 -0.199309
0.0277141 -0.935477 -0.34341
0.0410591 -0.871651 -0.48198
0.0357011 -0.785324 -0.609695
0.011846 -0.679815 -0.721647
-0.0295896 -0.559178 -0.813534
-0.0870133 -0.428048 -0.881825
-0.158218 -0.291465 -0.923895
-0.240469 -0.154677 -0.938127
-0.330603 -0.0229417 -0.923976
-0.425159 0.0986796 -0.881984
-0.520501 0.205513 -0.813765
-0.612966 0.293452 -0.721942
-0.699002 0.359119 -0.610041
-0.775301 0.39999 -0.482365
-0.838932 0.414493 -0.343818
-0.887449 0.402073 -0.199726
-0.918988 0.363205 -0.0556245
-0.932337 0.299384 0.0829477
-0.926983 0.213062 0.210666
-0.903132 0.107557 0.322622
-0.8617 -0.013078 0.414514
-0.80428 -0.144206 0.48281
-0.733078 -0.280788 0.524886
-0.65083 -0.417577 0.539125
-0.560696 -0.549314 0.524979
-0.466142 -0.670938 0.482994
-0.370799 -0.777775 0.414781
-0.278332 -0.865719 0.322962
-0.192295 -0.931391 0.211065
-0.115994 -0.972267 0.0833918
-0.0523597 -0.986777 -0.055153
-0.00383898 -0.974362 -0.199245
0.0277041 -0.9355 -0.343347
0.0410573 -0.871684 -0.481921
0.0357076 -0.785367 -0.609642
0.0118605 -0.679865 -0.721602
-0.0295676 -0.559234 -0.813498
-0.0869847 -0.428107 -0.8818
-0.158184 -0.291526 -0.923882
-0.182932 -0.944 -0.241568
-0.156133 -0.910912 -0.364114
-0.144805 -0.856604 -0.481951
-0.149383 -0.783165 -0.59055
-0.16969 -0.693416 -0.685738
-0.204948 -0.590806 -0.763858
-0.2538 -0.479279 -0.821906
-0.31437 -0.36312 -0.857654
-0.38433 -0.246793 -0.869726
-0.460991 -0.134769 -0.857659
-0.541408 -0.0313511 -0.821917
-0.62249 0.0594851 -0.763873
-0.701121 0.134249 -0.685757
-0.77428 0.190068 -0.590572
-0.839155 0.224797 -0.481976
-0.893253 0.237101 -0.364141
-0.934496 0.226508 -0.241595
-0.961298 0.193424 -0.119049
-0.97263 0.139121 -0.00121098
-0.968056 0.0656859 0.107391
-0.947751 -0.0240596 0.202582
-0.912497 -0.126667 0.280706
-0.863647 -0.238192 0.33876
-0.80308 -0.354351 0.374512
-0.733122 -0.470678 0.38659
-0.656462 -0.582705 0.374528
-0.576046 -0.686124 0.338791
-0.494964 -0.776964 0.280751
-0.416332 -0.851732 0.20264
-0.343171 -0.907555 0.107459
-0.278294 -0.942289 -0.00113544
-0.224193 -0.954598 -0.118969
-0.182947 -0.94401 -0.241514
-0.156142 -0.910931 -0.364061
-0.144806 -0.856632 -0.4819
-0.149377 -0.783201 -0.590504
-0.169678 -0.693459 -0.685699
-0.204929 -0.590854 -0.763827
-0.253776 -0.47933 -0.821885
-0.314341 -0.363172 -0.857643
-0.384297 -0.246844 -0.869726
-0.460956 -0.134817 -0.85767
-0.541372 -0.0313943 -0.821938
-0.622454 0.0594483 -0.763903
-0.701087 0.13422 -0.685796
-0.774249 0.190048 -0.590618
-0.839128 0.224787 -0.482026
-0.893232 0.237101 -0.364194
-0.934481 0.226518 -0.24165
-0.96129 0.193444 -0.119103
-0.972628 0.13915 -0.00126135
-0.968061 0.0657222 0.107345
-0.947764 -0.0240169 0.202544
-0.912516 -0.126619 0.280676
-0.863672 -0.238142 0.338739
-0.803109 -0.354299 0.374501
-0.733154 -0.470628 0.386589
-0.656497 -0.582657 0.374539
-0.576082 -0.686081 0.338812
-0.494999 -0.776927 0.280782
-0.416365 -0.851703 0.202679
-0.343202 -0.907535 0.107504
-0.27832 -0.942279 -0.00108509
-0.224214 -0.954598 -0.118915
-0.182962 -0.94402 -0.241459
-0.15615 -0.91095 -0.364007
-0.144808 -0.856661 -0.48185
-0.149372 -0.783237 -0.590459
-0.169666 -0.693502 -0.685661
-0.204911 -0.590902 -0.763797
-0.253752 -0.479381 -0.821865
-0.314312 -0.363224 -0.857632
-0.384265 -0.246895 -0.869726
-0.460921 -0.134864 -0.85768
-0.541336 -0.0314375 -0.821958
-0.622418 0.0594115 -0.763933
-0.701053 0.134191 -0.685834
-0.774218 0.190028 -0.590663
-0.839102 0.224776 -0.482076
-0.893211 0.237101 -0.364248
-0.934466 0.226527 -0.241704
-0.961281 0.193463 -0.119156
-0.972627 0.139178 -0.00131171
-0.968067 0.0657585 0.1073
-0.947776 -0.0239741 0.202505
-0.912534 -0.126572 0.280645
-0.863696 -0.238091 0.338718
-0.803138 -0.354248 0.374491
-0.733187 -0.470577 0.386589
-0.656532 -0.582609 0.374549
-0.576118 -0.686038 0.338832
-0.495035 -0.77689 0.280812
-0.416399 -0.851674 0.202717
-0.343233 -0.907515 0.107549
-0.278347 -0.942268 -0.00103473
-0.224235 -0.954597 -0.118862
-0.182977 -0.944029 -0.241405
-0.156159 -0.91097 -0.363954
-0.144809 -0.856689 -0.4818
-0.149366 -0.783274 -0.590414
-0.169653 -0.693544 -0.685622
-0.204892 -0.590949 -0.763767
-0.253727 -0.479431 -0.821844
-0.314283 -0.363275 -0.857622
-0.384232 -0.246946 -0.869726
-0.460886 -0.134912 -0.857691
-0.5413 -0.0314807 -0.821979
-0.622383 0.0593746 -0.763963
-0.701019 0.134162 -0.685873
-0.774187 0.190008 -0.590708
-0.839075 0.224766 -0.482127
-0.89319 0.2371 -0.364301
-0.934451 0.226537 -0.241759
-0.961273 0.193482 -0.11921
-0.972625 0.139206 -0.00136208
-0.968072 0.0657948 0.107255
-0.356261 -0.878175 -0.276092
-0.335205 -0.852177 -0.372378
-0.326304 -0.809507 -0.464963
-0.329901 -0.751805 -0.550291
-0.345857 -0.681288 -0.625081
-0.373559 -0.600667 -0.686461
-0.411943 -0.513039 -0.73207
-0.459534 -0.421771 -0.760157
-0.514502 -0.330372 -0.769642
-0.574735 -0.242353 -0.760161
-0.637919 -0.161096 -0.732078
-0.701626 -0.0897255 -0.686472
-0.763408 -0.0309825 -0.625096
-0.820889 0.0128751 -0.550308
-0.871862 0.040162 -0.464983
-0.914368 0.0498295 -0.372399
-0.946773 0.0415062 -0.276114
-0.967832 0.0155118 -0.179828
-0.976735 -0.0271546 -0.0872409
-0.973141 -0.0848535 -0.00191144
-0.957188 -0.155368 0.0728817
-0.929488 -0.235987 0.134264
-0.891107 -0.323614 0.179878
-0.843518 -0.414881 0.207969
-0.788551 -0.506281 0.217458
-0.728319 -0.594301 0.207981
-0.665135 -0.675559 0.179902
-0.601428 -0.746932 0.1343
-0.539646 -0.805679 0.0729271
-0.482163 -0.84954 -0.00185802
-0.431188 -0.87683 -0.0871815
-0.38868 -0.886502 -0.179765
-0.356273 -0.878182 -0.276049
-0.335212 -0.852192 -0.372336
-0.326305 -0.809529 -0.464924
-0.329897 -0.751833 -0.550255
-0.345847 -0.681322 -0.625051
-0.373545 -0.600704 -0.686437
-0.411924 -0.513078 -0.732054
-0.459511 -0.421812 -0.760149
-0.514476 -0.330412 -0.769642
-0.574708 -0.24239 -0.76017
-0.637891 -0.16113 -0.732095
-0.701598 -0.0897545 -0.686496
-0.763381 -0.0310053 -0.625127
-0.820865 0.0128593 -0.550344
-0.871842 0.0401537 -0.465023
-0.914352 0.0498292 -0.372441
-0.946761 0.0415138 -0.276156
-0.967825 0.0155271 -0.17987
-0.976734 -0.0271323 -0.0872805
-0.973146 -0.0848249 -0.00194705
-0.957198 -0.155334 0.0728514
-0.929503 -0.23595 0.134241
-0.891126 -0.323574 0.179861
-0.843541 -0.41484 0.20796
-0.788577 -0.506241 0.217458
-0.728346 -0.594263 0.20799
-0.665163 -0.675525 0.179919
-0.601456 -0.746904 0.134324
-0.539672 -0.805656 0.0729574
-0.482187 -0.849524 -0.00182242
-0.431209 -0.876822 -0.087142
-0.388697 -0.886502 -0.179723
-0.356285 -0.87819 -0.276007
-0.335218 -0.852207 -0.372294
-0.326307 -0.809551 -0.464884
-0.329892 -0.751862 -0.550219
-0.345838 -0.681355 -0.625021
-0.37353 -0.600742 -0.686413
-0.411905 -0.513118 -0.732037
-0.459488 -0.421852 -0.760141
-0.51445 -0.330452 -0.769642
-0.57468 -0.242428 -0.760178
-0.637863 -0.161164 -0.732111
-0.70157 -0.0897834 -0.68652
-0.763355 -0.0310282 -0.625157
-0.820841 0.0128434 -0.55038
-0.871821 0.0401455 -0.465062
-0.914335 0.0498289 -0.372483
-0.946749 0.0415214 -0.276199
-0.967819 0.0155424 -0.179912
-0.976733 -0.0271099 -0.08732
-0.97315 -0.0847964 -0.00198267
-0.957207 -0.1553 0.0728211
-0.929518 -0.235912 0.134217
-0.891145 -0.323534 0.179845
-0.843564 -0.4148 0.207952
-0.788603 -0.506201 0.217458
-0.728374 -0.594226 0.207998
-0.665191 -0.675491 0.179935
-0.517095 -0.77937 -0.301746
-0.50259 -0.761461 -0.368072
-0.496459 -0.732069 -0.431848
-0.498937 -0.692321 -0.490625
-0.509928 -0.643747 -0.542144
-0.52901 -0.588211 -0.584424
-0.55545 -0.52785 -0.615842
-0.588233 -0.464981 -0.635189
-0.626097 -0.402022 -0.641723
-0.667588 -0.341391 -0.635192
-0.711112 -0.285418 -0.615847
-0.754995 -0.236255 -0.584432
-0.797553 -0.195791 -0.542154
-0.837148 -0.16558 -0.490637
-0.872261 -0.146784 -0.431862
-0.90154 -0.140124 -0.368086
-0.923862 -0.145858 -0.301761
-0.938368 -0.163764 -0.235436
-0.944501 -0.193154 -0.171658
-0.942026 -0.232899 -0.11288
-0.931036 -0.281472 -0.0613598
-0.911956 -0.337006 -0.019077
-0.885517 -0.397367 0.0123432
-0.852736 -0.460235 0.0316934
-0.814873 -0.523195 0.0382301
-0.773382 -0.583826 0.0317021
-0.729859 -0.6398 0.0123601
-0.685975 -0.688965 -0.0190524
-0.643417 -0.729432 -0.0613285
-0.603821 -0.759645 -0.112843
-0.568707 -0.778444 -0.171618
-0.539426 -0.785106 -0.235392
-0.517103 -0.779375 -0.301717
-0.502595 -0.761472 -0.368043
-0.49646 -0.732084 -0.431821
-0.498934 -0.692341 -0.490601
-0.509921 -0.64377 -0.542123
-0.529 -0.588237 -0.584408
-0.555437 -0.527877 -0.61583
-0.588217 -0.465009 -0.635184
-0.626079 -0.402049 -0.641723
-0.667569 -0.341417 -0.635198
-0.711092 -0.285442 -0.615859
-0.754976 -0.236275 -0.584449
-0.797535 -0.195807 -0.542175
-0.837132 -0.165591 -0.490662
-0.872246 -0.146789 -0.431889
-0.901529 -0.140125 -0.368115
-0.923854 -0.145853 -0.301791
-0.938364 -0.163753 -0.235465
-0.9445 -0.193139 -0.171686
-0.942028 -0.23288 -0.112905
-0.931043 -0.281449 -0.0613806
-0.911966 -0.33698 -0.0190934
-0.88553 -0.397339 0.0123319
-0.852752 -0.460207 0.0316877
-0.81489 -0.523167 0.0382301
-0.773401 -0.5838 0.0317078
-0.729878 -0.639777 0.0123714
-0.685994 -0.688945 -0.0190361
-0.643435 -0.729416 -0.0613076
-0.603837 -0.759634 -0.112819
-0.568721 -0.778438 -0.17159
-0.659252 -0.651382 -0.317545
-0.651856 -0.642251 -0.351361
-0.64873 -0.627265 -0.383878
-0.649994 -0.607 -0.413846
-0.655598 -0.582234 -0.440113
-0.665327 -0.553919 -0.461669
-0.678807 -0.523144 -0.477688
-0.695522 -0.49109 -0.487552
-0.714827 -0.45899 -0.490883
-0.735981 -0.428077 -0.487554
-0.758172 -0.399539 -0.477691
-0.780546 -0.374473 -0.461674
-0.802244 -0.353842 -0.440118
-0.822432 -0.338439 -0.413852
-0.840334 -0.328856 -0.383885
-0.855262 -0.325461 -0.351369
-0.866643 -0.328384 -0.317553
-0.874039 -0.337513 -0.283737
-0.877166 -0.352498 -0.251219
-0.875904 -0.372762 -0.221251
-0.870301 -0.397527 -0.194983
-0.860573 -0.425841 -0.173425
-0.847093 -0.456616 -0.157406
-0.830379 -0.48867 -0.14754
-0.811075 -0.52077 -0.144207
-0.789921 -0.551683 -0.147536
-0.76773 -0.580222 -0.157397
-0.745356 -0.605289 -0.173413
-0.723657 -0.625921 -0.194967
-0.703469 -0.641325 -0.221232
-0.685566 -0.65091 -0.251199
-0.670637 -0.654306 -0.283714
-0.777269 -0.49913 -0.322881
