-0.358291 -0.389749 -0.095807
-0.239652 -0.497625 -0.0934159
-0.244606 -0.498462 -0.0927683
-0.253906 -0.495096 -0.0921457
-0.267194 -0.487657 -0.0915719
-0.283961 -0.476431 -0.0910689
-0.303561 -0.461849 -0.0906561
-0.325242 -0.444471 -0.0903494
-0.348169 -0.424966 -0.0901605
-0.371464 -0.404083 -0.0900967
-0.394229 -0.382625 -0.0901605
-0.41559 -0.361415 -0.0903493
-0.434727 -0.34127 -0.090656
-0.450904 -0.322963 -0.0910688
-0.463499 -0.307197 -0.0915718
-0.472028 -0.294579 -0.0921456
-0.476164 -0.285594 -0.0927682
-0.475748 -0.280586 -0.0934157
-0.470795 -0.279749 -0.0940633
-0.461496 -0.283114 -0.0946859
-0.448208 -0.290552 -0.0952598
-0.431442 -0.301778 -0.0957628
-0.411842 -0.316359 -0.0961756
-0.390162 -0.333736 -0.0964823
-0.367234 -0.35324 -0.0966712
-0.34394 -0.374123 -0.096735
-0.321175 -0.395581 -0.0966713
-0.299813 -0.416791 -0.0964825
-0.280675 -0.436937 -0.0961758
-0.264498 -0.455244 -0.0957631
-0.251902 -0.471011 -0.0952601
-0.243372 -0.483629 -0.0946863
-0.239235 -0.492615 -0.0940637
-0.124388 -0.600068 -0.0863345
-0.134105 -0.601709 -0.0850643
-0.152348 -0.595106 -0.083843
-0.178414 -0.580514 -0.0827173
-0.211303 -0.558493 -0.0817307
-0.24975 -0.52989 -0.080921
-0.292278 -0.495803 -0.0803194
-0.337253 -0.457543 -0.0799489
-0.382946 -0.416579 -0.0798237
-0.427602 -0.374487 -0.0799488
-0.469504 -0.332883 -0.0803193
-0.507042 -0.293366 -0.0809209
-0.538774 -0.257455 -0.0817305
-0.56348 -0.22653 -0.0827171
-0.580211 -0.201779 -0.0838427
-0.588324 -0.184154 -0.085064
-0.587507 -0.174331 -0.0863342
-0.577791 -0.172689 -0.0876044
-0.559551 -0.179289 -0.0888258
-0.533486 -0.19388 -0.0899514
-0.500599 -0.215899 -0.0909381
-0.462152 -0.244501 -0.0917478
-0.419625 -0.278587 -0.0923495
-0.37465 -0.316846 -0.0927201
-0.328957 -0.35781 -0.0928453
-0.284301 -0.399902 -0.0927203
-0.242398 -0.441506 -0.0923498
-0.204859 -0.481024 -0.0917483
-0.173126 -0.516935 -0.0909387
-0.148418 -0.547862 -0.0899521
-0.131685 -0.572614 -0.0888265
-0.12357 -0.590241 -0.0876052
-0.124385 -0.600066 -0.0863351
-0.134099 -0.60171 -0.0850649
-0.152338 -0.595111 -0.0838435
-0.178401 -0.580522 -0.0827178
-0.211287 -0.558505 -0.0817311
-0.249732 -0.529904 -0.0809214
-0.292259 -0.495819 -0.0803196
-0.337233 -0.45756 -0.079949
-0.382926 -0.416598 -0.0798237
-0.427583 -0.374505 -0.0799487
-0.469486 -0.332901 -0.080319
-0.507027 -0.293383 -0.0809206
-0.538762 -0.25747 -0.0817301
-0.563471 -0.226543 -0.0827166
-0.580206 -0.201789 -0.0838422
-0.588322 -0.18416 -0.0850635
-0.587509 -0.174334 -0.0863336
-0.577798 -0.172688 -0.0876038
-0.559561 -0.179285 -0.0888252
-0.533499 -0.193872 -0.0899509
-0.500614 -0.215888 -0.0909377
-0.46217 -0.244487 -0.0917475
-0.419644 -0.278571 -0.0923493
-0.374671 -0.316829 -0.09272
-0.328977 -0.357791 -0.0928453
-0.28432 -0.399883 -0.0927204
-0.242416 -0.441488 -0.0923501
-0.204874 -0.481007 -0.0917486
-0.173138 -0.516921 -0.0909391
-0.148427 -0.547849 -0.0899526
-0.131691 -0.572605 -0.0888271
-0.0169289 -0.693141 -0.0748349
-0.0310365 -0.695523 -0.0729909
-0.0575206 -0.685938 -0.0712178
-0.0953633 -0.664754 -0.0695837
-0.14311 -0.632784 -0.0681513
-0.198927 -0.591258 -0.0669758
-0.260669 -0.541772 -0.0661023
-0.325962 -0.486227 -0.0655644
-0.392298 -0.426757 -0.0653828
-0.457128 -0.365648 -0.0655643
-0.517961 -0.305248 -0.0661022
-0.572458 -0.247879 -0.0669756
-0.618525 -0.195744 -0.068151
-0.654393 -0.150848 -0.0695833
-0.678683 -0.114915 -0.0712174
-0.690461 -0.0893271 -0.0729905
-0.689274 -0.0750667 -0.0748345
-0.67517 -0.0726821 -0.0766786
-0.648688 -0.0822649 -0.0784517
-0.610848 -0.103447 -0.0800859
-0.563103 -0.135414 -0.0815183
-0.507288 -0.176938 -0.0826939
-0.445547 -0.226423 -0.0835674
-0.380254 -0.281967 -0.0841054
-0.313918 -0.341436 -0.0842871
-0.249087 -0.402545 -0.0841056
-0.188254 -0.462945 -0.0835679
-0.133755 -0.520315 -0.0826945
-0.0876854 -0.572451 -0.0815192
-0.0518152 -0.617349 -0.0800869
-0.027523 -0.653284 -0.0784529
-0.0157421 -0.678875 -0.0766798
-0.0169255 -0.693138 -0.0748358
-0.0310275 -0.695525 -0.0729917
-0.0575062 -0.685945 -0.0712186
-0.0953442 -0.664765 -0.0695843
-0.143087 -0.632801 -0.0681519
-0.198901 -0.591279 -0.0669763
-0.26064 -0.541795 -0.0661026
-0.325933 -0.486252 -0.0655646
-0.392269 -0.426784 -0.0653828
-0.4571 -0.365675 -0.0655642
-0.517935 -0.305274 -0.0661019
-0.572435 -0.247903 -0.0669751
-0.618507 -0.195766 -0.0681504
-0.65438 -0.150866 -0.0695826
-0.678675 -0.114929 -0.0712167
-0.690458 -0.089336 -0.0729897
-0.689278 -0.0750704 -0.0748337
-0.675179 -0.0726805 -0.0766777
-0.648703 -0.0822581 -0.078451
-0.610867 -0.103435 -0.0800852
-0.563126 -0.135398 -0.0815177
-0.507314 -0.176918 -0.0826934
-0.445575 -0.226399 -0.0835671
-0.380284 -0.281941 -0.0841052
-0.313947 -0.341409 -0.0842871
-0.249115 -0.402518 -0.0841058
-0.188279 -0.462919 -0.0835682
-0.133777 -0.520291 -0.082695
-0.0877036 -0.57243 -0.0815197
-0.0518286 -0.617331 -0.0800876
-0.027531 -0.653271 -0.0784536
-0.0157445 -0.678866 -0.0766806
-0.0169221 -0.693134 -0.0748366
-0.0310185 -0.695527 -0.0729926
-0.0574919 -0.685952 -0.0712193
-0.0953252 -0.664777 -0.069585
-0.143064 -0.632817 -0.0681525
-0.198875 -0.591299 -0.0669767
-0.260612 -0.541819 -0.066103
-0.325903 -0.486278 -0.0655647
-0.39224 -0.42681 -0.0653828
-0.457072 -0.365702 -0.065564
-0.517909 -0.305301 -0.0661015
-0.572413 -0.247927 -0.0669747
-0.618489 -0.195787 -0.0681499
-0.654366 -0.150884 -0.069582
-0.678667 -0.114943 -0.0712159
-0.690456 -0.0893448 -0.0729889
-0.689281 -0.0750741 -0.0748329
-0.675188 -0.0726789 -0.0766769
-0.648717 -0.0822512 -0.0784502
-0.610886 -0.103423 -0.0800845
-0.563149 -0.135381 -0.0815171
-0.50734 -0.176897 -0.0826929
-0.445604 -0.226376 -0.0835668
-0.380313 -0.281916 -0.0841051
-0.313976 -0.341383 -0.0842871
-0.249143 -0.402491 -0.084106
-0.188305 -0.462893 -0.0835685
0.0785955 -0.773268 -0.0593591
0.0606399 -0.7763 -0.0570122
0.0269321 -0.7641 -0.0547554
-0.0212326 -0.737138 -0.0526755
-0.0820033 -0.696448 -0.0508525
-0.153045 -0.643596 -0.0493564
-0.231627 -0.580611 -0.0482446
-0.314729 -0.509915 -0.04756
-0.39916 -0.434225 -0.0473288
-0.481673 -0.356448 -0.0475599
-0.559098 -0.279573 -0.0482444
-0.62846 -0.206556 -0.0493561
-0.687093 -0.140201 -0.0508521
-0.732744 -0.0830587 -0.0526751
-0.763658 -0.0373251 -0.0547549
-0.778649 -0.00475756 -0.0570117
-0.777139 0.0133925 -0.0593586
-0.759187 0.0164275 -0.0617056
-0.725483 0.00423095 -0.0639624
-0.677321 -0.0227286 -0.0660423
-0.616553 -0.0634151 -0.0678654
-0.545513 -0.116265 -0.0693616
-0.466933 -0.179247 -0.0704735
-0.383831 -0.249942 -0.0711582
-0.2994 -0.325632 -0.0713895
-0.216887 -0.403409 -0.0711585
-0.13946 -0.480284 -0.0704741
-0.0700961 -0.553302 -0.0693625
-0.0114605 -0.619659 -0.0678665
0.0341936 -0.676803 -0.0660436
0.0651118 -0.72254 -0.0639639
0.080106 -0.75511 -0.0617071
0.0785999 -0.773264 -0.0593602
0.0606514 -0.776302 -0.0570132
0.0269503 -0.764109 -0.0547563
-0.0212084 -0.737153 -0.0526764
-0.081974 -0.696469 -0.0508532
-0.153011 -0.643622 -0.0493569
-0.231591 -0.580641 -0.048245
-0.314692 -0.509948 -0.0475602
-0.399123 -0.434259 -0.0473288
-0.481637 -0.356482 -0.0475597
-0.559065 -0.279607 -0.048244
-0.628431 -0.206587 -0.0493555
-0.687069 -0.140228 -0.0508514
-0.732727 -0.0830816 -0.0526742
-0.763648 -0.0373426 -0.0547539
-0.778646 -0.00476884 -0.0570106
-0.777144 0.0133878 -0.0593576
-0.759199 0.0164296 -0.0617046
-0.725501 0.00423966 -0.0639615
-0.677345 -0.0227135 -0.0660415
-0.616582 -0.0633943 -0.0678647
-0.545547 -0.116239 -0.0693611
-0.466969 -0.179218 -0.0704731
-0.383868 -0.249909 -0.071158
-0.299437 -0.325598 -0.0713895
-0.216922 -0.403374 -0.0711587
-0.139493 -0.48025 -0.0704745
-0.0701246 -0.553271 -0.0693631
-0.0114837 -0.619632 -0.0678673
0.0341766 -0.676781 -0.0660445
0.0651016 -0.722522 -0.0639648
0.080103 -0.755099 -0.0617082
0.0786042 -0.773259 -0.0593612
0.0606629 -0.776304 -0.0570142
0.0269685 -0.764118 -0.0547573
-0.0211842 -0.737168 -0.0526773
-0.0819447 -0.69649 -0.050854
-0.152978 -0.643647 -0.0493575
-0.231555 -0.580671 -0.0482454
-0.314655 -0.509981 -0.0475604
-0.399085 -0.434293 -0.0473288
-0.481602 -0.356516 -0.0475595
-0.559033 -0.27964 -0.0482436
-0.628403 -0.206618 -0.0493549
-0.687046 -0.140256 -0.0508506
-0.73271 -0.0831045 -0.0526733
-0.763638 -0.03736 -0.054753
-0.778643 -0.00478012 -0.0570096
-0.777148 0.0133831 -0.0593565
-0.75921 0.0164316 -0.0617036
-0.725519 0.00424836 -0.0639605
-0.677369 -0.0226985 -0.0660406
-0.616611 -0.0633735 -0.067864
-0.54558 -0.116213 -0.0693605
-0.467005 -0.179188 -0.0704727
-0.383905 -0.249877 -0.0711578
-0.299475 -0.325564 -0.0713895
-0.216958 -0.40334 -0.0711589
-0.139525 -0.480217 -0.0704749
-0.0701531 -0.55324 -0.0693637
-0.0115069 -0.619604 -0.067868
0.0341595 -0.676758 -0.0660454
0.0650914 -0.722505 -0.0639658
0.0801 -0.755088 -0.0617092
0.0786085 -0.773254 -0.0593623
0.0606744 -0.776306 -0.0570152
0.0269867 -0.764126 -0.0547583
-0.0211599 -0.737183 -0.0526781
-0.0819154 -0.696511 -0.0508547
-0.152945 -0.643673 -0.0493581
-0.231519 -0.580701 -0.0482458
-0.314618 -0.510013 -0.0475606
-0.399048 -0.434327 -0.0473288
-0.481566 -0.356551 -0.0475593
-0.559 -0.279673 -0.0482432
-0.628374 -0.206649 -0.0493543
-0.687023 -0.140283 -0.0508499
-0.732693 -0.0831274 -0.0526725
-0.763628 -0.0373774 -0.054752
-0.77864 -0.00479141 -0.0570086
-0.777152 0.0133784 -0.0593555
-0.759222 0.0164336 -0.0617025
-0.725537 0.00425706 -0.0639595
-0.677394 -0.0226835 -0.0660397
0.158515 -0.83737 -0.0405018
0.137401 -0.840935 -0.037742
0.0977647 -0.826589 -0.0350883
0.0411289 -0.794884 -0.0326427
-0.0303299 -0.747039 -0.030499
-0.113866 -0.684891 -0.0287397
-0.206269 -0.610829 -0.0274325
-0.303987 -0.527699 -0.0266274
-0.403267 -0.438696 -0.0263556
-0.500292 -0.34724 -0.0266273
-0.591335 -0.256845 -0.0274322
-0.672896 -0.170985 -0.0287394
-0.741841 -0.0929599 -0.0304986
-0.795521 -0.0257678 -0.0326422
-0.831873 0.0280093 -0.0350878
-0.8495 0.0663048 -0.0377414
-0.847725 0.0876471 -0.0405012
-0.826615 0.0912159 -0.0432609
-0.786983 0.0768742 -0.0459147
-0.730351 0.0451731 -0.0483604
-0.658895 -0.00266921 -0.0505042
-0.575361 -0.0648142 -0.0522635
-0.48296 -0.138874 -0.0535709
-0.385242 -0.222002 -0.054376
-0.285962 -0.311004 -0.054648
-0.188936 -0.40246 -0.0543764
-0.097892 -0.492856 -0.0535716
-0.0163286 -0.578717 -0.0522645
0.0526197 -0.656744 -0.0505055
0.106303 -0.723939 -0.0483619
0.142659 -0.777719 -0.0459164
0.160291 -0.816018 -0.0432628
0.15852 -0.837364 -0.040503
0.137415 -0.840937 -0.0377432
0.0977861 -0.826599 -0.0350895
0.0411574 -0.794902 -0.0326437
-0.0302955 -0.747063 -0.0304999
-0.113827 -0.684921 -0.0287404
-0.206226 -0.610864 -0.0274329
-0.303944 -0.527737 -0.0266277
-0.403223 -0.438736 -0.0263556
-0.500251 -0.34728 -0.0266271
-0.591296 -0.256884 -0.0274318
-0.672862 -0.171022 -0.0287387
-0.741814 -0.0929922 -0.0304977
-0.795501 -0.0257947 -0.0326411
-0.831861 0.0279889 -0.0350866
-0.849497 0.0662916 -0.0377402
-0.84773 0.0876415 -0.0405
-0.826629 0.0912183 -0.0432597
-0.787004 0.0768845 -0.0459136
-0.730379 0.0451908 -0.0483594
-0.658929 -0.00264475 -0.0505033
-0.5754 -0.0647839 -0.0522628
-0.483002 -0.138839 -0.0535704
-0.385286 -0.221964 -0.0543758
-0.286006 -0.310964 -0.054648
-0.188978 -0.40242 -0.0543766
-0.0979304 -0.492817 -0.0535721
-0.016362 -0.57868 -0.0522652
0.0525925 -0.656712 -0.0505063
0.106283 -0.723912 -0.048363
0.142647 -0.777699 -0.0459175
0.160287 -0.816005 -0.043264
0.158525 -0.837359 -0.0405043
0.137428 -0.84094 -0.0377444
0.0978076 -0.82661 -0.0350906
0.0411859 -0.79492 -0.0326447
-0.030261 -0.747088 -0.0305007
-0.113788 -0.684951 -0.0287411
-0.206184 -0.610899 -0.0274334
-0.3039 -0.527776 -0.0266279
-0.40318 -0.438776 -0.0263556
-0.500209 -0.347321 -0.0266268
-0.591258 -0.256923 -0.0274313
-0.672829 -0.171058 -0.028738
-0.741786 -0.0930245 -0.0304968
-0.795481 -0.0258216 -0.0326401
-0.831849 0.0279684 -0.0350855
-0.849493 0.0662783 -0.037739
-0.847735 0.087636 -0.0404987
-0.826642 0.0912207 -0.0432585
-0.787026 0.0768947 -0.0459124
-0.730408 0.0452085 -0.0483584
-0.658964 -0.00262029 -0.0505024
-0.57544 -0.0647536 -0.0522621
-0.483045 -0.138804 -0.05357
-0.38533 -0.221925 -0.0543756
-0.28605 -0.310924 -0.054648
-0.18902 -0.402379 -0.0543769
-0.0979688 -0.492777 -0.0535725
-0.0163955 -0.578644 -0.0522659
0.0525652 -0.656679 -0.0505072
0.106263 -0.723885 -0.048364
0.142635 -0.777678 -0.0459187
0.160284 -0.815992 -0.0432652
0.15853 -0.837353 -0.0405055
0.137442 -0.840942 -0.0377457
0.097829 -0.82662 -0.0350917
0.0412144 -0.794937 -0.0326457
-0.0302265 -0.747112 -0.0305016
-0.113748 -0.684982 -0.0287418
-0.206142 -0.610934 -0.0274339
-0.303856 -0.527814 -0.0266281
-0.403136 -0.438816 -0.0263556
-0.500167 -0.347361 -0.0266266
-0.59122 -0.256962 -0.0274308
-0.672795 -0.171094 -0.0287373
-0.741759 -0.0930568 -0.030496
-0.795461 -0.0258485 -0.0326391
-0.831837 0.0279479 -0.0350844
-0.849489 0.066265 -0.0377378
-0.84774 0.0876304 -0.0404975
-0.826656 0.0912231 -0.0432573
-0.787047 0.0769049 -0.0459113
-0.730436 0.0452262 -0.0483574
-0.658998 -0.00259584 -0.0505015
-0.575479 -0.0647234 -0.0522615
-0.483087 -0.138769 -0.0535695
-0.385373 -0.221887 -0.0543753
-0.286093 -0.310884 -0.054648
-0.189062 -0.402339 -0.0543771
-0.0980072 -0.492738 -0.053573
-0.016429 -0.578607 -0.0522666
0.0525379 -0.656647 -0.0505081
0.106243 -0.723858 -0.048365
0.142623 -0.777658 -0.0459198
0.16028 -0.815979 -0.0432664
0.158535 -0.837348 -0.0405067
0.137455 -0.840944 -0.0377469
0.0978504 -0.82663 -0.0350929
0.0412429 -0.794955 -0.0326467
-0.0301921 -0.747137 -0.0305025
-0.113709 -0.685012 -0.0287425
-0.2061 -0.610969 -0.0274343
-0.303812 -0.527852 -0.0266284
0.219757 -0.882983 -0.0189876
0.196297 -0.886944 -0.0159211
0.152255 -0.871004 -0.0129724
0.089325 -0.835775 -0.0102549
0.00992393 -0.782612 -0.00787302
-0.0828964 -0.713557 -0.00591822
-0.185569 -0.631263 -0.00446566
-0.294149 -0.538894 -0.00357115
-0.404463 -0.439999 -0.00326906
-0.512272 -0.338378 -0.00357101
-0.613433 -0.237936 -0.0044654
-0.704059 -0.142534 -0.00591785
-0.780667 -0.0558367 -0.00787254
-0.840313 0.0188234 -0.0102544
-0.880705 0.0785775 -0.0129718
-0.900291 0.121129 -0.0159204
-0.898319 0.144844 -0.0189869
-0.874863 0.148809 -0.0220534
-0.830826 0.132873 -0.0250021
-0.767899 0.0976489 -0.0277196
-0.688502 0.0444892 -0.0301016
-0.595684 -0.0245628 -0.0320565
-0.493013 -0.106854 -0.0335092
-0.384434 -0.199221 -0.0344038
-0.27412 -0.298115 -0.034706
-0.16631 -0.399736 -0.0344042
-0.0651472 -0.500178 -0.03351
0.0254814 -0.595582 -0.0320576
0.102093 -0.682281 -0.0301031
0.161743 -0.756945 -0.0277213
0.20214 -0.816702 -0.0250039
0.221731 -0.859258 -0.0220554
0.219763 -0.882977 -0.0189889
0.196312 -0.886947 -0.0159224
0.152279 -0.871015 -0.0129737
0.0893566 -0.835795 -0.0102561
0.00996223 -0.782639 -0.00787399
-0.0828529 -0.71359 -0.00591898
-0.185522 -0.631302 -0.00446618
-0.2941 -0.538937 -0.00357141
-0.404414 -0.440043 -0.00326906
-0.512225 -0.338423 -0.00357075
-0.61339 -0.23798 -0.00446488
-0.704021 -0.142574 -0.00591709
-0.780636 -0.0558726 -0.00787158
-0.840291 0.0187935 -0.0102532
-0.880692 0.0785547 -0.0129705
-0.900287 0.121115 -0.0159191
-0.898324 0.144837 -0.0189855
-0.874878 0.148812 -0.022052
-0.83085 0.132885 -0.0250008
-0.767931 0.0976685 -0.0277185
-0.68854 0.0445164 -0.0301006
-0.595727 -0.0245291 -0.0320557
-0.49306 -0.106815 -0.0335087
-0.384483 -0.199178 -0.0344036
-0.274169 -0.29807 -0.034706
-0.166357 -0.399691 -0.0344045
-0.0651898 -0.500135 -0.0335105
0.0254443 -0.595542 -0.0320584
0.102063 -0.682246 -0.030104
0.161721 -0.756915 -0.0277224
0.202127 -0.816679 -0.0250052
0.221727 -0.859243 -0.0220567
0.219769 -0.88297 -0.0189903
0.196327 -0.886949 -0.0159237
0.152303 -0.871027 -0.0129749
0.0893883 -0.835814 -0.0102572
0.0100005 -0.782666 -0.00787495
-0.0828095 -0.713624 -0.00591974
-0.185475 -0.631341 -0.0044667
-0.294051 -0.538979 -0.00357168
-0.404366 -0.440088 -0.00326906
-0.512179 -0.338468 -0.00357048
-0.613347 -0.238023 -0.00446436
-0.703984 -0.142615 -0.00591633
-0.780606 -0.0559085 -0.00787061
-0.840268 0.0187636 -0.0102521
-0.880678 0.078532 -0.0129693
-0.900283 0.1211 -0.0159177
-0.89833 0.144831 -0.0189841
-0.874893 0.148814 -0.0220507
-0.830873 0.132896 -0.0249995
-0.767963 0.0976882 -0.0277173
-0.688578 0.0445436 -0.0300997
-0.595771 -0.0244955 -0.032055
-0.493107 -0.106776 -0.0335081
-0.384532 -0.199136 -0.0344033
-0.274217 -0.298026 -0.034706
-0.166403 -0.399646 -0.0344048
-0.0652325 -0.500091 -0.033511
0.0254071 -0.595501 -0.0320592
0.102032 -0.68221 -0.030105
0.161699 -0.756885 -0.0277236
0.202113 -0.816657 -0.0250065
0.221723 -0.859229 -0.0220581
0.219774 -0.882964 -0.0189916
0.196342 -0.886952 -0.0159251
0.152327 -0.871038 -0.0129762
0.0894199 -0.835834 -0.0102583
0.0100388 -0.782693 -0.00787592
-0.082766 -0.713658 -0.0059205
-0.185428 -0.63138 -0.00446723
-0.294003 -0.539022 -0.00357195
-0.404317 -0.440133 -0.00326906
-0.512132 -0.338513 -0.00357022
-0.613305 -0.238067 -0.00446383
-0.703947 -0.142655 -0.00591557
-0.780576 -0.0559444 -0.00786965
-0.840246 0.0187337 -0.010251
-0.880665 0.0785092 -0.012968
-0.900279 0.121085 -0.0159164
-0.898336 0.144825 -0.0189828
-0.874908 0.148817 -0.0220494
-0.830897 0.132907 -0.0249983
-0.767994 0.0977078 -0.0277162
-0.688616 0.0445708 -0.0300987
-0.595814 -0.0244618 -0.0320542
-0.493154 -0.106737 -0.0335076
-0.38458 -0.199093 -0.034403
-0.274266 -0.297981 -0.034706
-0.16645 -0.399601 -0.034405
-0.0652751 -0.500047 -0.0335115
0.0253699 -0.595461 -0.0320599
0.102002 -0.682174 -0.0301059
0.161676 -0.756855 -0.0277247
0.2021 -0.816634 -0.0250077
0.221719 -0.859214 -0.0220594
0.21978 -0.882958 -0.018993
0.196357 -0.886954 -0.0159264
0.152351 -0.871049 -0.0129775
0.0894516 -0.835854 -0.0102595
0.0100771 -0.78272 -0.00787688
-0.0827225 -0.713691 -0.00592126
-0.185381 -0.631419 -0.00446775
-0.293954 -0.539064 -0.00357221
-0.404269 -0.440177 -0.00326906
-0.512086 -0.338558 -0.00356995
-0.613262 -0.23811 -0.00446331
-0.70391 -0.142696 -0.00591482
-0.780545 -0.0559803 -0.00786868
-0.840224 0.0187038 -0.0102498
-0.880652 0.0784864 -0.0129668
-0.900276 0.12107 -0.0159151
-0.898341 0.144819 -0.0189814
-0.874923 0.14882 -0.022048
-0.830921 0.132919 -0.024997
-0.768026 0.0977275 -0.0277151
-0.688655 0.0445979 -0.0300977
-0.595858 -0.0244282 -0.0320535
-0.493201 -0.106698 -0.0335071
0.25997 -0.908354 0.00435682
0.235065 -0.912559 0.00761219
0.18831 -0.895637 0.0107425
0.121503 -0.858238 0.0136273
0.0372114 -0.8018 0.016156
-0.0613264 -0.728491 0.0182312
-0.170324 -0.641129 0.0197732
-0.285591 -0.54307 0.0207228
-0.4027 -0.438083 0.0210435
-0.51715 -0.330203 0.020723
-0.624542 -0.223574 0.0197735
-0.720751 -0.122295 0.0182316
-0.802077 -0.0302577 0.0161565
-0.865398 0.0490013 0.0136279
-0.908278 0.112436 0.0107431
-0.929071 0.157609 0.0076129
-0.926977 0.182784 0.00435754
-0.902076 0.186994 0.00110215
-0.855326 0.170076 -0.00202816
-0.788524 0.132682 -0.00491311
-0.704235 0.076248 -0.00744183
-0.6057 0.00294261 -0.00951715
-0.496705 -0.0844171 -0.0110593
-0.381438 -0.182474 -0.0120091
-0.264329 -0.28746 -0.0123299
-0.149878 -0.39534 -0.0120095
-0.0424839 -0.501969 -0.0110601
0.0537272 -0.60325 -0.00951836
0.135058 -0.69529 -0.00744337
0.198382 -0.774552 -0.00491492
0.241267 -0.837991 -0.00203017
0.262065 -0.883168 0.00110002
0.259976 -0.908347 0.00435537
0.235081 -0.912562 0.00761077
0.188335 -0.895649 0.0107411
0.121537 -0.858259 0.0136261
0.0372521 -0.801829 0.016155
-0.0612803 -0.728527 0.0182304
-0.170274 -0.64117 0.0197727
-0.28554 -0.543115 0.0207226
-0.402649 -0.438131 0.0210435
-0.517101 -0.33025 0.0207233
-0.624497 -0.22362 0.0197741
-0.720711 -0.122338 0.0182324
-0.802045 -0.0302958 0.0161575
-0.865374 0.0489695 0.0136291
-0.908264 0.112412 0.0107445
-0.929067 0.157593 0.00761432
-0.926983 0.182777 0.00435899
-0.902092 0.186997 0.00110357
-0.855352 0.170088 -0.00202682
-0.788557 0.132703 -0.00491191
-0.704276 0.0762769 -0.00744081
-0.605746 0.00297834 -0.00951635
-0.496755 -0.0843758 -0.0110588
-0.38149 -0.182429 -0.0120088
-0.264381 -0.287412 -0.0123299
-0.149928 -0.395292 -0.0120098
-0.0425291 -0.501923 -0.0110607
0.0536878 -0.603207 -0.00951916
0.135026 -0.695252 -0.00744439
0.198359 -0.77452 -0.00491612
0.241253 -0.837967 -0.0020315
0.262061 -0.883152 0.0010986
0.259982 -0.908341 0.00435392
0.235096 -0.912565 0.00760935
0.188361 -0.895661 0.0107398
0.121571 -0.85828 0.0136249
0.0372927 -0.801858 0.0161539
-0.0612341 -0.728563 0.0182296
-0.170224 -0.641211 0.0197721
-0.285488 -0.543161 0.0207223
-0.402597 -0.438178 0.0210435
-0.517051 -0.330298 0.0207235
-0.624452 -0.223667 0.0197746
-0.720672 -0.122381 0.0182332
-0.802013 -0.0303339 0.0161585
-0.86535 0.0489378 0.0136304
-0.90825 0.112388 0.0107458
-0.929062 0.157578 0.00761574
-0.926989 0.182771 0.00436044
-0.902108 0.186999 0.001105
-0.855377 0.170101 -0.00202548
-0.788591 0.132724 -0.0049107
-0.704317 0.0763057 -0.00743978
-0.605793 0.00301407 -0.00951554
-0.496805 -0.0843346 -0.0110582
-0.381541 -0.182384 -0.0120085
-0.264432 -0.287365 -0.0123299
-0.149977 -0.395245 -0.0120101
-0.0425744 -0.501877 -0.0110613
0.0536483 -0.603164 -0.00951997
0.134993 -0.695214 -0.00744541
0.198335 -0.774489 -0.00491732
0.241239 -0.837942 -0.00203284
0.262057 -0.883136 0.00109718
0.259988 -0.908334 0.00435247
0.235112 -0.912567 0.00760793
0.188386 -0.895673 0.0107384
0.121604 -0.858301 0.0136237
0.0373334 -0.801887 0.0161529
-0.061188 -0.728599 0.0182288
-0.170174 -0.641253 0.0197716
-0.285436 -0.543206 0.020722
-0.402546 -0.438225 0.0210435
-0.517002 -0.330346 0.0207238
-0.624407 -0.223713 0.0197752
-0.720632 -0.122424 0.018234
-0.801981 -0.030372 0.0161596
-0.865327 0.048906 0.0136316
-0.908236 0.112364 0.0107471
-0.929058 0.157562 0.00761716
-0.926995 0.182764 0.00436188
-0.902124 0.187002 0.00110642
-0.855402 0.170113 -0.00202415
-0.788625 0.132745 -0.0049095
-0.704357 0.0763346 -0.00743876
-0.605839 0.00304979 -0.00951474
-0.496855 -0.0842934 -0.0110577
-0.381593 -0.182338 -0.0120082
-0.264484 -0.287318 -0.0123299
-0.150026 -0.395197 -0.0120103
-0.0426197 -0.501831 -0.0110618
0.0536088 -0.603121 -0.00952077
0.134961 -0.695176 -0.00744644
0.198311 -0.774457 -0.00491853
0.241225 -0.837918 -0.00203418
0.262053 -0.883121 0.00109576
0.259994 -0.908328 0.00435102
0.235128 -0.91257 0.00760651
0.188411 -0.895685 0.0107371
0.121638 -0.858322 0.0136225
0.037374 -0.801916 0.0161519
-0.0611418 -0.728634 0.018228
-0.170124 -0.641294 0.019771
-0.285385 -0.543251 0.0207217
-0.402494 -0.438273 0.0210435
-0.516953 -0.330394 0.0207241
-0.624361 -0.223759 0.0197757
-0.720593 -0.122467 0.0182348
-0.801949 -0.0304101 0.0161606
-0.865303 0.0488743 0.0136328
-0.908221 0.112339 0.0107485
-0.929054 0.157546 0.00761858
-0.927001 0.182758 0.00436333
-0.90214 0.187005 0.00110784
-0.855427 0.170125 -0.00202281
-0.788658 0.132766 -0.00490829
-0.704398 0.0763634 -0.00743773
-0.605885 0.00308552 -0.00951393
-0.496904 -0.0842521 -0.0110571
-0.381645 -0.182293 -0.0120079
-0.264535 -0.28727 -0.0123299
-0.150076 -0.395149 -0.0120106
-0.042665 -0.501785 -0.0110624
0.0535693 -0.603078 -0.00952157
0.134929 -0.695138 -0.00744746
0.198288 -0.774425 -0.00491973
0.241211 -0.837894 -0.00203552
0.262048 -0.883105 0.00109434
0.277607 -0.912508 0.0286342
0.252214 -0.916796 0.0319534
0.204543 -0.899542 0.035145
0.136428 -0.861411 0.0380864
0.0504839 -0.803867 0.0406646
-0.0499848 -0.729122 0.0427805
-0.161118 -0.640047 0.0443527
-0.278644 -0.540067 0.0453209
-0.398048 -0.433023 0.0456479
-0.51474 -0.323028 0.0453211
-0.624237 -0.21431 0.044353
-0.72233 -0.111047 0.0427809
-0.805251 -0.017206 0.0406651
-0.869812 0.0636061 0.038087
-0.913532 0.128284 0.0351457
-0.934733 0.174342 0.0319541
-0.932597 0.20001 0.028635
-0.907209 0.204302 0.0253158
-0.859543 0.187054 0.0221241
-0.791432 0.148927 0.0191827
-0.705492 0.0913868 0.0166044
-0.605026 0.0166449 0.0144884
-0.493895 -0.0724266 0.012916
-0.376369 -0.172405 0.0119477
-0.256965 -0.279448 0.0116205
-0.140272 -0.389442 0.0119472
-0.030773 -0.498161 0.0129152
0.0673234 -0.601426 0.0144872
0.150248 -0.695269 0.0166028
0.214813 -0.776085 0.0191808
0.258538 -0.840766 0.0221221
0.279744 -0.886829 0.0253136
0.277614 -0.912502 0.0286328
0.25223 -0.916799 0.0319519
0.204569 -0.899555 0.0351436
0.136462 -0.861432 0.0380852
0.0505254 -0.803896 0.0406636
-0.0499377 -0.729158 0.0427797
-0.161067 -0.640089 0.0443522
-0.278591 -0.540113 0.0453207
-0.397995 -0.433071 0.0456479
-0.51469 -0.323077 0.0453214
-0.624191 -0.214358 0.0443536
-0.72229 -0.111091 0.0427817
-0.805218 -0.0172448 0.0406662
-0.869788 0.0635737 0.0380883
-0.913518 0.128259 0.0351471
-0.934728 0.174326 0.0319556
-0.932603 0.200004 0.0286364
-0.907225 0.204305 0.0253172
-0.859569 0.187066 0.0221255
-0.791466 0.148948 0.0191839
-0.705533 0.0914162 0.0166054
-0.605073 0.0166813 0.0144892
-0.493945 -0.0723845 0.0129166
-0.376422 -0.172359 0.011948
-0.257018 -0.2794 0.0116205
-0.140322 -0.389394 0.0119469
-0.0308192 -0.498114 0.0129146
0.0672831 -0.601382 0.0144864
0.150215 -0.695231 0.0166018
0.214789 -0.776052 0.0191796
0.258524 -0.840742 0.0221207
0.279739 -0.886813 0.0253122
0.27762 -0.912495 0.0286313
0.252247 -0.916802 0.0319505
0.204595 -0.899567 0.0351423
0.136496 -0.861454 0.038084
0.0505668 -0.803926 0.0406625
-0.0498907 -0.729194 0.0427788
-0.161016 -0.640131 0.0443516
-0.278539 -0.540159 0.0453204
-0.397943 -0.433119 0.0456479
-0.51464 -0.323126 0.0453217
-0.624145 -0.214405 0.0443541
-0.72225 -0.111135 0.0427825
-0.805185 -0.0172837 0.0406672
-0.869764 0.0635414 0.0380895
-0.913504 0.128235 0.0351484
-0.934724 0.17431 0.031957
-0.93261 0.199997 0.0286379
-0.907242 0.204308 0.0253187
-0.859595 0.187078 0.0221269
-0.7915 0.148969 0.0191851
-0.705574 0.0914456 0.0166065
-0.60512 0.0167178 0.01449
-0.493996 -0.0723425 0.0129172
-0.376474 -0.172313 0.0119482
-0.25707 -0.279351 0.0116205
-0.140372 -0.389345 0.0119467
-0.0308653 -0.498067 0.012914
0.0672428 -0.601338 0.0144855
0.150182 -0.695192 0.0166007
0.214765 -0.77602 0.0191784
0.258509 -0.840717 0.0221194
0.279735 -0.886797 0.0253107
0.277626 -0.912488 0.0286298
0.252263 -0.916805 0.0319491
0.204621 -0.899579 0.0351409
0.13653 -0.861475 0.0380827
0.0506083 -0.803955 0.0406615
-0.0498436 -0.729231 0.042778
-0.160965 -0.640173 0.044351
-0.278486 -0.540205 0.0453201
-0.39789 -0.433168 0.0456479
-0.514589 -0.323174 0.045322
-0.624098 -0.214452 0.0443547
-0.72221 -0.111178 0.0427833
-0.805152 -0.0173225 0.0406683
-0.86974 0.063509 0.0380907
-0.913489 0.12821 0.0351498
-0.93472 0.174294 0.0319585
-0.932616 0.19999 0.0286394
-0.907258 0.204311 0.0253201
-0.85962 0.187091 0.0221282
-0.791534 0.148991 0.0191863
-0.705616 0.091475 0.0166075
-0.605167 0.0167542 0.0144909
-0.494047 -0.0723004 0.0129177
-0.376527 -0.172267 0.0119485
-0.257123 -0.279303 0.0116205
-0.140423 -0.389296 0.0119464
-0.0309115 -0.498019 0.0129135
0.0672026 -0.601295 0.0144847
0.150149 -0.695153 0.0165997
0.214741 -0.775988 0.0191771
0.258495 -0.840693 0.022118
0.279731 -0.886781 0.0253093
0.277632 -0.912482 0.0286283
0.252279 -0.916807 0.0319476
0.204646 -0.899592 0.0351395
0.136565 -0.861496 0.0380815
0.0506497 -0.803985 0.0406604
-0.0497966 -0.729267 0.0427772
-0.160914 -0.640215 0.0443505
-0.278433 -0.540251 0.0453198
-0.397838 -0.433216 0.0456479
-0.514539 -0.323223 0.0453222
-0.624052 -0.214499 0.0443553
-0.722169 -0.111222 0.0427842
-0.80512 -0.0173614 0.0406693
-0.869715 0.0634766 0.0380919
-0.913475 0.128185 0.0351511
-0.934716 0.174278 0.0319599
-0.932622 0.199984 0.0286409
-0.907274 0.204314 0.0253216
-0.859646 0.187103 0.0221296
-0.791569 0.149012 0.0191876
-0.705657 0.0915044 0.0166086
-0.605214 0.0167906 0.0144917
-0.494098 -0.0722584 0.0129183
-0.37658 -0.172221 0.0119488
-0.257175 -0.279255 0.0116205
-0.140473 -0.389248 0.0119461
-0.0309577 -0.497972 0.0129129
0.0671623 -0.601251 0.0144839
0.150116 -0.695114 0.0165987
0.214717 -0.775955 0.0191759
0.258481 -0.840668 0.0221166
0.279727 -0.886765 0.0253078
0.277638 -0.912475 0.0286269
0.252295 -0.91681 0.0319462
0.204672 -0.899604 0.0351382
0.271992 -0.895287 0.0529118
0.247086 -0.899492 0.0561672
0.200331 -0.88257 0.0592975
0.133524 -0.845171 0.0621824
0.0492314 -0.788732 0.064711
-0.0493073 -0.715423 0.0667862
-0.158305 -0.62806 0.0683283
-0.273574 -0.53 0.0692779
-0.390684 -0.425012 0.0695986
-0.505135 -0.317131 0.0692781
-0.612528 -0.210501 0.0683286
-0.708737 -0.109221 0.0667866
-0.790065 -0.017183 0.0647115
-0.853386 0.0620767 0.062183
-0.896266 0.125512 0.0592981
-0.917059 0.170685 0.0561679
-0.914965 0.19586 0.0529125
-0.890064 0.20007 0.0496571
-0.843314 0.183153 0.0465267
-0.776511 0.145758 0.0436417
-0.692222 0.0893237 0.041113
-0.593686 0.0160176 0.0390377
-0.48469 -0.0713428 0.0374955
-0.369422 -0.169401 0.0365457
-0.252312 -0.274387 0.0362249
-0.13786 -0.382269 0.0365453
-0.0304646 -0.488899 0.0374947
0.0657474 -0.59018 0.0390365
0.147079 -0.682221 0.0411115
0.210404 -0.761484 0.0436399
0.253289 -0.824923 0.0465247
0.274087 -0.8701 0.0496549
0.271998 -0.89528 0.0529103
0.247102 -0.899495 0.0561657
0.200357 -0.882582 0.0592961
0.133558 -0.845192 0.0621812
0.049272 -0.788761 0.06471
-0.0492612 -0.715458 0.0667854
-0.158255 -0.628101 0.0683277
-0.273522 -0.530045 0.0692776
-0.390633 -0.425059 0.0695986
-0.505085 -0.317178 0.0692783
-0.612483 -0.210547 0.0683291
-0.708698 -0.109264 0.0667875
-0.790033 -0.0172211 0.0647126
-0.853362 0.0620449 0.0621842
-0.896252 0.125488 0.0592995
-0.917055 0.17067 0.0561693
-0.914971 0.195854 0.0529139
-0.89008 0.200073 0.0496585
-0.843339 0.183165 0.0465281
-0.776545 0.145779 0.043643
-0.692262 0.0893525 0.041114
-0.593732 0.0160533 0.0390385
-0.48474 -0.0713016 0.037496
-0.369473 -0.169355 0.036546
-0.252363 -0.27434 0.0362249
-0.137909 -0.382221 0.036545
-0.0305099 -0.488853 0.0374941
0.0657079 -0.590137 0.0390357
0.147046 -0.682183 0.0411104
0.21038 -0.761452 0.0436387
0.253275 -0.824899 0.0465234
0.274083 -0.870085 0.0496535
0.272004 -0.895274 0.0529089
0.247118 -0.899498 0.0561643
0.200382 -0.882594 0.0592948
0.133591 -0.845213 0.06218
0.0493127 -0.78879 0.064709
-0.049215 -0.715494 0.0667846
-0.158206 -0.628142 0.0683272
-0.273471 -0.53009 0.0692774
-0.390581 -0.425107 0.0695986
-0.505036 -0.317226 0.0692786
-0.612438 -0.210594 0.0683297
-0.708658 -0.109307 0.0667883
-0.79 -0.0172592 0.0647136
-0.853338 0.0620132 0.0621854
-0.896238 0.125464 0.0593008
-0.917051 0.170654 0.0561707
-0.914977 0.195847 0.0529154
-0.890096 0.200076 0.0496599
-0.843365 0.183177 0.0465294
-0.776578 0.1458 0.0436442
-0.692303 0.0893814 0.0411151
-0.593778 0.0160891 0.0390393
-0.484789 -0.0712604 0.0374966
-0.369525 -0.16931 0.0365463
-0.252415 -0.274293 0.0362249
-0.137959 -0.382173 0.0365447
-0.0305552 -0.488806 0.0374936
0.0656684 -0.590094 0.0390349
0.147014 -0.682145 0.0411094
0.210356 -0.76142 0.0436375
0.253261 -0.824875 0.046522
0.274079 -0.870069 0.0496521
0.27201 -0.895267 0.0529074
0.247134 -0.8995 0.0561629
0.200407 -0.882606 0.0592934
0.133625 -0.845233 0.0621788
0.0493534 -0.788819 0.0647079
-0.0491689 -0.71553 0.0667838
-0.158156 -0.628183 0.0683266
-0.273419 -0.530135 0.0692771
-0.39053 -0.425154 0.0695986
-0.504987 -0.317274 0.0692789
-0.612392 -0.21064 0.0683302
-0.708619 -0.10935 0.0667891
-0.789968 -0.0172973 0.0647146
-0.853315 0.0619814 0.0621866
-0.896224 0.12544 0.0593021
-0.917047 0.170638 0.0561721
-0.914983 0.195841 0.0529168
-0.890112 0.200079 0.0496613
-0.84339 0.183189 0.0465307
-0.776612 0.145821 0.0436454
-0.692344 0.0894102 0.0411161
-0.593824 0.0161248 0.0390401
-0.484839 -0.0712191 0.0374972
-0.369577 -0.169265 0.0365466
-0.252466 -0.274245 0.0362249
-0.138008 -0.382125 0.0365445
-0.0306004 -0.48876 0.037493
0.0656289 -0.590051 0.039034
0.146982 -0.682107 0.0411084
0.210333 -0.761389 0.0436363
0.253247 -0.82485 0.0465207
0.274074 -0.870053 0.0496507
0.272016 -0.895261 0.052906
0.24715 -0.899503 0.0561615
0.200432 -0.882618 0.0592921
0.133658 -0.845254 0.0621775
0.049394 -0.788848 0.0647069
-0.0491227 -0.715566 0.066783
-0.158106 -0.628225 0.0683261
-0.273367 -0.530181 0.0692768
-0.390478 -0.425201 0.0695986
-0.504937 -0.317321 0.0692792
-0.612347 -0.210686 0.0683308
-0.708579 -0.109393 0.0667899
-0.789936 -0.0173354 0.0647156
-0.853291 0.0619497 0.0621878
-0.89621 0.125415 0.0593035
-0.917042 0.170623 0.0561735
-0.914989 0.195834 0.0529183
-0.890128 0.200082 0.0496627
-0.843415 0.183201 0.0465321
-0.776645 0.145842 0.0436466
-0.692384 0.0894391 0.0411171
-0.59387 0.0161605 0.0390409
-0.484889 -0.0711779 0.0374977
-0.369628 -0.16922 0.0365469
-0.252518 -0.274198 0.0362249
-0.138057 -0.382078 0.0365442
-0.0306457 -0.488714 0.0374924
0.0655894 -0.590008 0.0390332
0.14695 -0.682069 0.0411074
0.210309 -0.761357 0.0436351
0.253232 -0.824826 0.0465194
0.27407 -0.870038 0.0496493
0.243339 -0.857351 0.0762564
0.219878 -0.861312 0.079323
0.175836 -0.845371 0.0822717
0.112904 -0.810142 0.0849892
0.033502 -0.756978 0.0873712
-0.0593201 -0.687921 0.089326
-0.161995 -0.605627 0.0907786
-0.270576 -0.513256 0.0916731
-0.380892 -0.414359 0.0919752
-0.488703 -0.312736 0.0916733
-0.589866 -0.212293 0.0907789
-0.680493 -0.116888 0.0893264
-0.757103 -0.0301897 0.0873716
-0.81675 0.0444717 0.0849898
-0.857143 0.104227 0.0822723
-0.87673 0.146779 0.0793236
-0.874757 0.170494 0.0762571
-0.851301 0.17446 0.0731906
-0.807263 0.158524 0.0702418
-0.744335 0.123299 0.0675242
-0.664936 0.070138 0.0651422
-0.572117 0.00108478 0.0631872
-0.469444 -0.0812075 0.0617345
-0.360863 -0.173576 0.0608399
-0.250547 -0.272472 0.0605377
-0.142735 -0.374095 0.0608395
-0.0415705 -0.474539 0.0617338
0.0490598 -0.569945 0.0631861
0.125673 -0.656646 0.0651407
0.185324 -0.73131 0.0675225
0.225721 -0.791069 0.0702399
0.245313 -0.833625 0.0731886
0.243345 -0.857344 0.0762551
0.219893 -0.861314 0.0793216
0.17586 -0.845383 0.0822704
0.112936 -0.810162 0.0849881
0.0335403 -0.757005 0.0873702
-0.0592766 -0.687955 0.0893252
-0.161948 -0.605665 0.0907781
-0.270527 -0.513298 0.0916729
-0.380843 -0.414403 0.0919752
-0.488656 -0.312781 0.0916735
-0.589823 -0.212336 0.0907794
-0.680456 -0.116929 0.0893271
-0.757072 -0.0302256 0.0873726
-0.816728 0.0444418 0.0849909
-0.85713 0.104204 0.0822736
-0.876726 0.146765 0.079325
-0.874763 0.170488 0.0762585
-0.851316 0.174462 0.0731919
-0.807287 0.158535 0.0702431
-0.744367 0.123318 0.0675254
-0.664974 0.0701652 0.0651431
-0.57216 0.00111844 0.063188
-0.469491 -0.0811686 0.0617351
-0.360912 -0.173534 0.0608401
-0.250596 -0.272428 0.0605377
-0.142782 -0.37405 0.0608392
-0.0416131 -0.474496 0.0617332
0.0490226 -0.569904 0.0631854
0.125642 -0.65661 0.0651398
0.185302 -0.73128 0.0675214
0.225708 -0.791046 0.0702387
0.245309 -0.833611 0.0731872
0.24335 -0.857338 0.0762537
0.219908 -0.861317 0.0793203
0.175884 -0.845394 0.0822691
0.112968 -0.810182 0.0849869
0.0335786 -0.757032 0.0873692
-0.0592331 -0.687989 0.0893245
-0.161901 -0.605704 0.0907775
-0.270479 -0.513341 0.0916726
-0.380795 -0.414448 0.0919752
-0.48861 -0.312826 0.0916738
-0.589781 -0.21238 0.0907799
-0.680419 -0.116969 0.0893279
-0.757042 -0.0302615 0.0873736
-0.816706 0.0444119 0.084992
-0.857116 0.104181 0.0822748
-0.876722 0.14675 0.0793263
-0.874768 0.170482 0.0762598
-0.851331 0.174465 0.0731932
-0.80731 0.158546 0.0702443
-0.744399 0.123338 0.0675265
-0.665013 0.0701924 0.0651441
-0.572204 0.00115209 0.0631888
-0.469538 -0.0811298 0.0617356
-0.360961 -0.173491 0.0608404
-0.250644 -0.272383 0.0605377
-0.142828 -0.374005 0.060839
-0.0416558 -0.474452 0.0617327
0.0489854 -0.569864 0.0631846
0.125612 -0.656574 0.0651388
0.185279 -0.73125 0.0675203
0.225695 -0.791023 0.0702374
0.245305 -0.833596 0.0731859
0.243356 -0.857332 0.0762523
0.219923 -0.86132 0.079319
0.175907 -0.845406 0.0822679
0.112999 -0.810201 0.0849858
0.0336169 -0.757059 0.0873683
-0.0591896 -0.688022 0.0893237
-0.161854 -0.605743 0.090777
-0.27043 -0.513383 0.0916723
-0.380746 -0.414493 0.0919752
-0.488563 -0.312871 0.0916741
-0.589738 -0.212423 0.0907804
-0.680382 -0.11701 0.0893287
-0.757012 -0.0302974 0.0873745
-0.816683 0.044382 0.0849932
-0.857103 0.104159 0.0822761
-0.876718 0.146735 0.0793277
-0.874774 0.170476 0.0762612
-0.851346 0.174468 0.0731946
-0.807334 0.158558 0.0702456
-0.74443 0.123358 0.0675276
-0.665051 0.0702195 0.0651451
-0.572247 0.00118575 0.0631895
-0.469585 -0.0810909 0.0617361
-0.361009 -0.173449 0.0608407
-0.250693 -0.272339 0.0605377
-0.142875 -0.37396 0.0608387
-0.0416985 -0.474408 0.0617322
0.0489482 -0.569823 0.0631838
0.125582 -0.656538 0.0651378
0.185257 -0.731221 0.0675191
0.225681 -0.791001 0.0702362
0.245301 -0.833581 0.0731845
0.243362 -0.857326 0.076251
0.219938 -0.861322 0.0793176
0.175931 -0.845417 0.0822666
0.113031 -0.810221 0.0849847
0.0336551 -0.757087 0.0873673
-0.0591462 -0.688056 0.089323
-0.161807 -0.605782 0.0907765
-0.270381 -0.513426 0.0916721
-0.380698 -0.414537 0.0919752
-0.488517 -0.312916 0.0916743
-0.589695 -0.212467 0.0907809
-0.680345 -0.11705 0.0893294
-0.756981 -0.0303333 0.0873755
-0.816661 0.0443521 0.0849943
-0.85709 0.104136 0.0822773
-0.876714 0.14672 0.079329
-0.87478 0.170469 0.0762626
-0.851361 0.17447 0.0731959
-0.807358 0.158569 0.0702469
-0.744462 0.123377 0.0675288
-0.665089 0.0702467 0.065146
-0.572291 0.0012194 0.0631903
-0.469632 -0.0810521 0.0617366
0.19275 -0.800158 0.0977712
0.171636 -0.803723 0.100531
0.131998 -0.789377 0.103185
0.075361 -0.757671 0.105631
0.00390008 -0.709824 0.107774
-0.0796383 -0.647674 0.109534
-0.172044 -0.57361 0.110841
-0.269765 -0.490478 0.111646
-0.369048 -0.401472 0.111918
-0.466076 -0.310013 0.111646
-0.557121 -0.219616 0.110841
-0.638684 -0.133754 0.109534
-0.707632 -0.0557263 0.107775
-0.761313 0.0114679 0.105631
-0.797666 0.0652465 0.103185
-0.815294 0.103543 0.100532
-0.813518 0.124886 0.0977718
-0.792408 0.128455 0.0950119
-0.752775 0.114113 0.0923581
-0.696141 0.0824108 0.0899123
-0.624683 0.0345671 0.0877685
-0.541147 -0.0275797 0.0860091
-0.448743 -0.101641 0.0847017
-0.351022 -0.184772 0.0838965
-0.25174 -0.273777 0.0836245
-0.154711 -0.365236 0.0838962
-0.0636639 -0.455634 0.084701
0.0179019 -0.541497 0.0860081
0.0868522 -0.619527 0.0877672
0.140537 -0.686724 0.0899108
0.176894 -0.740505 0.0923564
0.194526 -0.778806 0.0950101
0.192755 -0.800152 0.0977699
0.171649 -0.803725 0.10053
0.13202 -0.789387 0.103184
0.0753895 -0.757689 0.10563
0.00393455 -0.709848 0.107773
-0.0795991 -0.647705 0.109533
-0.172001 -0.573645 0.11084
-0.269722 -0.490516 0.111646
-0.369004 -0.401512 0.111918
-0.466034 -0.310054 0.111646
-0.557083 -0.219655 0.110842
-0.638651 -0.13379 0.109535
-0.707604 -0.0557586 0.107776
-0.761293 0.0114409 0.105632
-0.797654 0.0652261 0.103186
-0.81529 0.10353 0.100533
-0.813524 0.12488 0.097773
-0.792422 0.128457 0.0950131
-0.752796 0.114123 0.0923593
-0.696169 0.0824285 0.0899133
-0.624718 0.0345916 0.0877694
-0.541186 -0.0275494 0.0860098
-0.448785 -0.101606 0.0847022
-0.351066 -0.184734 0.0838968
-0.251783 -0.273737 0.0836245
-0.154753 -0.365195 0.0838959
-0.0637023 -0.455594 0.0847005
0.0178684 -0.541461 0.0860074
0.0868249 -0.619494 0.0877664
0.140517 -0.686697 0.0899098
0.176882 -0.740485 0.0923553
0.194523 -0.778792 0.0950089
0.19276 -0.800147 0.0977687
0.171663 -0.803728 0.100529
0.132041 -0.789397 0.103183
0.075418 -0.757706 0.105628
0.00396902 -0.709873 0.107773
-0.07956 -0.647735 0.109532
-0.171959 -0.57368 0.11084
-0.269678 -0.490555 0.111645
-0.368961 -0.401553 0.111918
-0.465992 -0.310094 0.111647
-0.557044 -0.219694 0.110842
-0.638617 -0.133827 0.109535
-0.707577 -0.0557909 0.107776
-0.761273 0.011414 0.105633
-0.797642 0.0652056 0.103188
-0.815287 0.103517 0.100534
-0.813529 0.124875 0.0977742
-0.792435 0.12846 0.0950143
-0.752818 0.114133 0.0923604
-0.696198 0.0824462 0.0899144
-0.624752 0.034616 0.0877703
-0.541225 -0.0275191 0.0860105
-0.448828 -0.101572 0.0847026
-0.35111 -0.184695 0.083897
-0.251827 -0.273697 0.0836245
-0.154794 -0.365155 0.0838957
-0.0637407 -0.455555 0.0847001
0.0178349 -0.541424 0.0860067
0.0867976 -0.619462 0.0877655
0.140497 -0.68667 0.0899088
0.17687 -0.740464 0.0923542
0.194519 -0.778779 0.0950077
0.192765 -0.800141 0.0977675
0.171676 -0.80373 0.100527
0.132063 -0.789408 0.103181
0.0754465 -0.757724 0.105627
0.00400348 -0.709897 0.107772
-0.0795209 -0.647765 0.109532
-0.171917 -0.573715 0.110839
-0.269634 -0.490593 0.111645
-0.368917 -0.401593 0.111918
-0.46595 -0.310135 0.111647
-0.557006 -0.219733 0.110843
-0.638584 -0.133863 0.109536
-0.70755 -0.0558232 0.107777
-0.761253 0.0113871 0.105634
-0.79763 0.0651851 0.103189
-0.815283 0.103503 0.100535
-0.813534 0.124869 0.0977755
-0.792449 0.128462 0.0950156
-0.752839 0.114144 0.0923615
-0.696226 0.0824639 0.0899154
-0.624786 0.0346405 0.0877711
-0.541264 -0.0274888 0.0860112
-0.44887 -0.101537 0.0847031
-0.351154 -0.184657 0.0838972
-0.251871 -0.273656 0.0836245
-0.154836 -0.365114 0.0838954
-0.0637791 -0.455516 0.0846996
0.0178014 -0.541388 0.086006
0.0867703 -0.61943 0.0877646
0.140477 -0.686643 0.0899077
0.176858 -0.740444 0.092353
0.194516 -0.778766 0.0950065
0.19277 -0.800136 0.0977663
0.17169 -0.803732 0.100526
0.132084 -0.789418 0.10318
0.075475 -0.757742 0.105626
0.00403795 -0.709922 0.107771
-0.0794818 -0.647795 0.109531
-0.171875 -0.57375 0.110839
-0.26959 -0.490631 0.111645
0.122169 -0.725906 0.116629
0.104213 -0.728938 0.118976
0.0705034 -0.716738 0.121233
0.0223366 -0.689774 0.123313
-0.0384367 -0.649083 0.125136
-0.109481 -0.596228 0.126632
-0.188066 -0.533241 0.127744
-0.271173 -0.462542 0.128429
-0.355607 -0.386848 0.12866
-0.438123 -0.309067 0.128429
-0.515552 -0.23219 0.127744
-0.584917 -0.159169 0.126633
-0.643552 -0.0928113 0.125137
-0.689205 -0.0356667 0.123314
-0.720121 0.0100689 0.121234
-0.735113 0.0426379 0.118977
-0.733603 0.0607887 0.11663
-0.71565 0.0638239 0.114283
-0.681944 0.0516268 0.112026
-0.63378 0.0246661 0.109946
-0.573009 -0.0160222 0.108123
-0.501967 -0.0688744 0.106626
-0.423383 -0.131859 0.105514
-0.340277 -0.202557 0.10483
-0.255843 -0.27825 0.104598
-0.173326 -0.356031 0.104829
-0.0958959 -0.432909 0.105514
-0.026529 -0.505931 0.106625
0.0321092 -0.57229 0.108121
0.0777653 -0.629437 0.109944
0.108685 -0.675175 0.112024
0.12368 -0.707748 0.114281
0.122173 -0.725902 0.116628
0.104224 -0.72894 0.118975
0.0705216 -0.716746 0.121232
0.0223609 -0.689789 0.123312
-0.0384074 -0.649104 0.125135
-0.109448 -0.596254 0.126632
-0.188031 -0.533271 0.127744
-0.271136 -0.462575 0.128429
-0.35557 -0.386882 0.12866
-0.438088 -0.309102 0.128429
-0.515519 -0.232223 0.127745
-0.584888 -0.1592 0.126633
-0.643529 -0.0928388 0.125137
-0.689188 -0.0356896 0.123314
-0.720111 0.0100515 0.121235
-0.73511 0.0426266 0.118978
-0.733607 0.060784 0.116631
-0.715661 0.0638259 0.114284
-0.681962 0.0516355 0.112027
-0.633804 0.0246811 0.109947
-0.573039 -0.0160014 0.108123
-0.502 -0.0688486 0.106627
-0.423419 -0.13183 0.105515
-0.340314 -0.202525 0.10483
-0.25588 -0.278216 0.104598
-0.173361 -0.355996 0.104829
-0.0959285 -0.432876 0.105513
-0.0265575 -0.5059 0.106625
0.032086 -0.572263 0.108121
0.0777482 -0.629414 0.109944
0.108675 -0.675158 0.112023
0.123677 -0.707736 0.11428
0.122178 -0.725897 0.116627
0.104236 -0.728942 0.118974
0.0705398 -0.716755 0.121231
0.0223851 -0.689804 0.123311
-0.0383781 -0.649124 0.125135
-0.109415 -0.59628 0.126631
-0.187995 -0.5333 0.127743
-0.271098 -0.462607 0.128428
-0.355533 -0.386916 0.12866
-0.438052 -0.309136 0.128429
-0.515487 -0.232256 0.127745
-0.58486 -0.159231 0.126634
-0.643506 -0.0928663 0.125138
-0.689171 -0.0357125 0.123315
-0.720101 0.010034 0.121236
-0.735107 0.0426153 0.118979
-0.733611 0.0607793 0.116632
-0.715673 0.063828 0.114285
-0.68198 0.0516442 0.112028
-0.633829 0.0246962 0.109947
-0.573068 -0.0159806 0.108124
-0.502034 -0.0688228 0.106627
-0.423455 -0.1318 0.105515
-0.340352 -0.202492 0.10483
-0.255917 -0.278182 0.104598
-0.173397 -0.355962 0.104829
-0.0959612 -0.432842 0.105513
-0.0265859 -0.505869 0.106624
0.0320628 -0.572235 0.10812
0.0777312 -0.629391 0.109943
0.108664 -0.675141 0.112022
0.123674 -0.707725 0.114279
0.122182 -0.725892 0.116626
0.104247 -0.728944 0.118973
0.070558 -0.716764 0.12123
0.0224093 -0.689819 0.123311
-0.0383487 -0.649145 0.125134
-0.109381 -0.596305 0.126631
-0.187959 -0.53333 0.127743
-0.271061 -0.46264 0.128428
-0.355495 -0.38695 0.12866
-0.438017 -0.309171 0.12843
-0.515454 -0.23229 0.127746
-0.584831 -0.159262 0.126634
-0.643483 -0.0928937 0.125139
-0.689154 -0.0357354 0.123316
-0.720091 0.0100166 0.121237
-0.735104 0.042604 0.11898
-0.733616 0.0607746 0.116633
-0.715684 0.06383 0.114286
-0.681999 0.0516529 0.112029
-0.633853 0.0247112 0.109948
0.0343083 -0.637449 0.132106
0.0201998 -0.639832 0.13395
-0.00628599 -0.630246 0.135723
-0.0441312 -0.60906 0.137357
-0.0918814 -0.577088 0.13879
-0.147702 -0.53556 0.139965
-0.209447 -0.48607 0.140839
-0.274745 -0.430521 0.141377
-0.341085 -0.371047 0.141559
-0.40592 -0.309935 0.141377
-0.466756 -0.249531 0.140839
-0.521257 -0.192158 0.139966
-0.567327 -0.14002 0.13879
-0.603197 -0.0951206 0.137358
-0.627488 -0.0591857 0.135724
-0.639267 -0.0335959 0.13395
-0.638081 -0.0193346 0.132106
-0.623975 -0.0169498 0.130262
-0.597492 -0.0265332 0.128489
-0.559649 -0.0477165 0.126855
-0.511901 -0.0796857 0.125422
-0.456082 -0.121212 0.124246
-0.394338 -0.1707 0.123373
-0.329041 -0.226248 0.122835
-0.2627 -0.285721 0.122653
-0.197865 -0.346834 0.122835
-0.137028 -0.407238 0.123372
-0.0825254 -0.464612 0.124246
-0.0364528 -0.516752 0.125421
-0.00058028 -0.561653 0.126854
0.0237135 -0.59759 0.128488
0.0354951 -0.623182 0.130261
0.0343117 -0.637446 0.132105
0.0202088 -0.639833 0.133949
-0.00627168 -0.630252 0.135722
-0.0441121 -0.609072 0.137357
-0.0918584 -0.577105 0.138789
-0.147676 -0.53558 0.139965
-0.209419 -0.486094 0.140839
-0.274716 -0.430547 0.141377
-0.341056 -0.371074 0.141559
-0.405892 -0.309962 0.141377
-0.46673 -0.249557 0.140839
-0.521234 -0.192182 0.139966
-0.567309 -0.140041 0.138791
-0.603184 -0.0951386 0.137358
-0.62748 -0.0591994 0.135724
-0.639265 -0.0336047 0.133951
-0.638084 -0.0193383 0.132107
-0.623984 -0.0169482 0.130263
-0.597506 -0.0265264 0.12849
-0.559668 -0.0477047 0.126855
-0.511924 -0.0796694 0.125423
-0.456108 -0.121192 0.124247
-0.394366 -0.170677 0.123373
-0.32907 -0.226223 0.122835
-0.262729 -0.285694 0.122653
-0.197893 -0.346807 0.122834
-0.137053 -0.407212 0.123372
-0.0825478 -0.464588 0.124245
-0.036471 -0.51673 0.125421
-0.000593662 -0.561635 0.126853
0.0237055 -0.597576 0.128487
0.0354928 -0.623173 0.13026
0.0343151 -0.637442 0.132104
0.0202178 -0.639835 0.133948
-0.00625738 -0.630259 0.135722
-0.0440931 -0.609083 0.137356
-0.0918353 -0.577121 0.138789
-0.147649 -0.5356 0.139965
-0.209391 -0.486117 0.140838
-0.274686 -0.430572 0.141377
-0.341027 -0.371101 0.141559
-0.405864 -0.309989 0.141377
-0.466705 -0.249583 0.14084
-0.521212 -0.192206 0.139967
-0.567291 -0.140063 0.138791
-0.603171 -0.0951566 0.137359
-0.627472 -0.0592131 0.135725
-0.639262 -0.0336136 0.133952
-0.638088 -0.019342 0.132108
-0.623993 -0.0169466 0.130264
-0.597521 -0.0265195 0.12849
-0.559687 -0.0476929 0.126856
-0.511947 -0.079653 0.125423
-0.456134 -0.121172 0.124247
-0.394394 -0.170654 0.123373
-0.329099 -0.226197 0.122835
-0.262758 -0.285668 0.122653
-0.197921 -0.34678 0.122834
-0.137079 -0.407186 0.123372
-0.0674559 -0.538186 0.143606
-0.0771744 -0.539827 0.144877
-0.0954189 -0.533224 0.146098
-0.121488 -0.51863 0.147224
-0.15438 -0.496607 0.148211
-0.192832 -0.468001 0.14902
-0.235364 -0.43391 0.149622
-0.280344 -0.395646 0.149993
-0.326042 -0.354678 0.150118
-0.370702 -0.312581 0.149993
-0.412608 -0.270973 0.149622
-0.450151 -0.231452 0.14902
-0.481886 -0.195537 0.148211
-0.506595 -0.164609 0.147224
-0.523327 -0.139856 0.146098
-0.531441 -0.122229 0.144877
-0.530624 -0.112405 0.143607
-0.520907 -0.110762 0.142336
-0.502665 -0.117364 0.141115
-0.476597 -0.131955 0.139989
-0.443706 -0.153977 0.139002
-0.405256 -0.182582 0.138192
-0.362724 -0.216671 0.137591
-0.317745 -0.254935 0.13722
-0.272047 -0.295902 0.137095
-0.227386 -0.337999 0.13722
-0.185479 -0.379608 0.13759
-0.147936 -0.419129 0.138192
-0.116199 -0.455045 0.139002
-0.0914885 -0.485974 0.139988
-0.074754 -0.510729 0.141114
-0.0666384 -0.528358 0.142335
-0.0674536 -0.538184 0.143606
-0.0771682 -0.539828 0.144876
-0.095409 -0.533229 0.146098
-0.121475 -0.518639 0.147223
-0.154364 -0.496618 0.14821
-0.192814 -0.468015 0.14902
-0.235345 -0.433926 0.149622
-0.280324 -0.395664 0.149993
-0.326022 -0.354697 0.150118
-0.370683 -0.3126 0.149993
-0.412591 -0.270991 0.149622
-0.450135 -0.231469 0.149021
-0.481873 -0.195552 0.148211
-0.506585 -0.164622 0.147225
-0.523322 -0.139865 0.146099
-0.531439 -0.122235 0.144877
-0.530626 -0.112407 0.143607
-0.520913 -0.110761 0.142337
-0.502674 -0.117359 0.141115
-0.47661 -0.131947 0.139989
-0.443722 -0.153966 0.139003
-0.405274 -0.182568 0.138193
-0.362743 -0.216655 0.137591
-0.317765 -0.254917 0.13722
-0.272067 -0.295884 0.137095
-0.227405 -0.337981 0.13722
-0.185496 -0.37959 0.13759
-0.147951 -0.419113 0.138192
-0.116211 -0.45503 0.139001
-0.0914978 -0.485962 0.139988
-0.0747595 -0.51072 0.141113
-0.179213 -0.431932 0.150689
-0.184168 -0.432768 0.151336
-0.19347 -0.429402 0.151959
-0.206761 -0.421961 0.152533
-0.223532 -0.410732 0.153036
-0.243136 -0.396147 0.153449
-0.264821 -0.378766 0.153756
-0.287754 -0.359257 0.153945
-0.311054 -0.338369 0.154009
-0.333824 -0.316906 0.153945
-0.35519 -0.295692 0.153756
-0.374331 -0.275542 0.153449
-0.390511 -0.257231 0.153036
-0.403109 -0.241462 0.152533
-0.41164 -0.228842 0.151959
-0.415777 -0.219854 0.151337
-0.41536 -0.214846 0.150689
-0.410406 -0.214008 0.150041
-0.401105 -0.217374 0.149418
-0.387815 -0.224813 0.148844
-0.371045 -0.236041 0.148341
-0.351441 -0.250626 0.147928
-0.329756 -0.268006 0.147622
-0.306824 -0.287515 0.147433
-0.283524 -0.308402 0.147369
-0.260754 -0.329866 0.147433
-0.239387 -0.35108 0.147621
-0.220246 -0.37123 0.147928
-0.204065 -0.389542 0.148341
-0.191466 -0.405311 0.148844
-0.182934 -0.417933 0.149418
-0.178796 -0.426921 0.150041
-0.296668 -0.322768 0.153081
