-0.883918 0.295883 0.00214443
-0.887054 0.286584 0.00211661
-0.887037 0.286777 0.00212365
-0.886901 0.287321 0.00213041
-0.886651 0.288193 0.00213665
-0.886296 0.289362 0.00214211
-0.885852 0.290781 0.00214659
-0.885333 0.292397 0.00214993
-0.884761 0.294147 0.00215198
-0.884158 0.295963 0.00215267
-0.883546 0.297778 0.00215198
-0.882949 0.299519 0.00214993
-0.88239 0.301121 0.0021466
-0.881891 0.302522 0.00214211
-0.881471 0.303669 0.00213665
-0.881145 0.304516 0.00213041
-0.880927 0.305032 0.00212365
-0.880824 0.305197 0.00211662
-0.880841 0.305004 0.00210958
-0.880978 0.30446 0.00210282
-0.881228 0.303588 0.00209658
-0.881582 0.30242 0.00209112
-0.882027 0.301 0.00208663
-0.882545 0.299385 0.0020833
-0.883117 0.297635 0.00208125
-0.883721 0.295818 0.00208056
-0.884332 0.294004 0.00208125
-0.884929 0.292262 0.0020833
-0.885488 0.29066 0.00208663
-0.885987 0.289259 0.00209112
-0.886408 0.288113 0.00209658
-0.886734 0.287265 0.00210281
-0.886952 0.286749 0.00210958
-0.890113 0.277657 0.00203422
-0.890079 0.278036 0.00204802
-0.889812 0.279101 0.00206129
-0.889321 0.280813 0.00207352
-0.888626 0.283105 0.00208424
-0.887753 0.285889 0.00209303
-0.886737 0.289058 0.00209957
-0.885615 0.292491 0.00210359
-0.884431 0.296055 0.00210495
-0.883231 0.299613 0.00210359
-0.88206 0.303029 0.00209957
-0.880964 0.306172 0.00209303
-0.879985 0.308921 0.00208424
-0.87916 0.311169 0.00207352
-0.878521 0.312831 0.00206129
-0.878093 0.313843 0.00204802
-0.877892 0.314166 0.00203423
-0.877925 0.313788 0.00202043
-0.878193 0.312722 0.00200716
-0.878683 0.311011 0.00199493
-0.879378 0.308719 0.00198421
-0.880251 0.305935 0.00197542
-0.881268 0.302766 0.00196888
-0.882389 0.299333 0.00196485
-0.883573 0.295769 0.00196349
-0.884774 0.292211 0.00196485
-0.885944 0.288795 0.00196888
-0.88704 0.285652 0.00197541
-0.88802 0.282903 0.00198421
-0.888845 0.280655 0.00199492
-0.889483 0.278992 0.00200715
-0.889912 0.27798 0.00202042
-0.890113 0.277657 0.00203422
-0.890079 0.278035 0.00204802
-0.889812 0.279101 0.00206128
-0.889321 0.280812 0.00207351
-0.888626 0.283104 0.00208423
-0.887754 0.285888 0.00209303
-0.886737 0.289057 0.00209957
-0.885615 0.292489 0.00210359
-0.884431 0.296053 0.00210495
-0.883231 0.299612 0.0021036
-0.88206 0.303028 0.00209957
-0.880964 0.306171 0.00209304
-0.879985 0.308919 0.00208424
-0.87916 0.311168 0.00207353
-0.878521 0.312831 0.0020613
-0.878093 0.313843 0.00204803
-0.877892 0.314166 0.00203423
-0.877925 0.313788 0.00202043
-0.878193 0.312723 0.00200717
-0.878683 0.311011 0.00199494
-0.879378 0.30872 0.00198422
-0.88025 0.305936 0.00197542
-0.881267 0.302767 0.00196888
-0.882389 0.299335 0.00196486
-0.883573 0.295771 0.00196349
-0.884773 0.292212 0.00196485
-0.885944 0.288796 0.00196887
-0.88704 0.285653 0.00197541
-0.888019 0.282904 0.0019842
-0.888844 0.280655 0.00199492
-0.889483 0.278993 0.00200715
-0.892976 0.269444 0.00190043
-0.892927 0.269994 0.00192046
-0.892538 0.271541 0.00193972
-0.891826 0.274026 0.00195748
-0.890817 0.277353 0.00197304
-0.88955 0.281395 0.00198581
-0.888074 0.285996 0.00199529
-0.886446 0.290979 0.00200114
-0.884727 0.296154 0.00200311
-0.882984 0.30132 0.00200114
-0.881285 0.306279 0.0019953
-0.879693 0.310842 0.00198581
-0.878272 0.314832 0.00197304
-0.877074 0.318096 0.00195748
-0.876147 0.320509 0.00193973
-0.875525 0.321979 0.00192047
-0.875233 0.322447 0.00190043
-0.875282 0.321898 0.0018804
-0.87567 0.320351 0.00186114
-0.876383 0.317866 0.00184339
-0.877391 0.314539 0.00182782
-0.878658 0.310497 0.00181505
-0.880134 0.305897 0.00180556
-0.881763 0.300913 0.00179972
-0.883482 0.295739 0.00179775
-0.885224 0.290573 0.00179972
-0.886924 0.285613 0.00180556
-0.888515 0.281051 0.00181505
-0.889937 0.277061 0.00182782
-0.891135 0.273796 0.00184337
-0.892062 0.271383 0.00186113
-0.892684 0.269913 0.00188039
-0.892976 0.269444 0.00190042
-0.892927 0.269994 0.00192045
-0.892539 0.27154 0.00193971
-0.891827 0.274025 0.00195747
-0.890818 0.277352 0.00197303
-0.889551 0.281393 0.0019858
-0.888075 0.285994 0.00199529
-0.886446 0.290977 0.00200114
-0.884728 0.296151 0.00200311
-0.882985 0.301317 0.00200114
-0.881285 0.306277 0.0019953
-0.879694 0.31084 0.00198581
-0.878272 0.31483 0.00197305
-0.877075 0.318095 0.00195749
-0.876147 0.320509 0.00193974
-0.875525 0.321978 0.00192047
-0.875233 0.322447 0.00190044
-0.875282 0.321898 0.00188041
-0.87567 0.320352 0.00186115
-0.876382 0.317867 0.00184339
-0.877391 0.314541 0.00182783
-0.878658 0.310499 0.00181506
-0.880134 0.305899 0.00180557
-0.881762 0.300916 0.00179972
-0.883481 0.295742 0.00179775
-0.885224 0.290575 0.00179972
-0.886923 0.285616 0.00180556
-0.888515 0.281053 0.00181504
-0.889936 0.277062 0.00182781
-0.891134 0.273797 0.00184337
-0.892062 0.271384 0.00186112
-0.892683 0.269914 0.00188038
-0.892976 0.269444 0.00190041
-0.892927 0.269993 0.00192044
-0.892539 0.271539 0.00193971
-0.891827 0.274024 0.00195746
-0.890818 0.27735 0.00197302
-0.889552 0.281391 0.0019858
-0.888076 0.285992 0.00199529
-0.886447 0.290975 0.00200113
-0.884728 0.296149 0.00200311
-0.882986 0.301315 0.00200114
-0.881286 0.306275 0.0019953
-0.879695 0.310838 0.00198582
-0.878273 0.314829 0.00197305
-0.877075 0.318094 0.00195749
-0.876148 0.320508 0.00193974
-0.875526 0.321978 0.00192048
-0.875233 0.322447 0.00190045
-0.875282 0.321899 0.00188042
-0.87567 0.320353 0.00186115
-0.876382 0.317869 0.0018434
-0.87739 0.314542 0.00182784
-0.878657 0.310501 0.00181506
-0.880133 0.305901 0.00180557
-0.881762 0.300918 0.00179972
-0.88348 0.295744 0.00179775
-0.885223 0.290578 0.00179971
-0.886923 0.285618 0.00180555
-0.895533 0.262262 0.00172037
-0.895471 0.262962 0.00174587
-0.894977 0.264931 0.00177038
-0.89407 0.268093 0.00179298
-0.892786 0.272328 0.00181278
-0.891174 0.277472 0.00182904
-0.889295 0.283328 0.00184111
-0.887222 0.289671 0.00184855
-0.885034 0.296256 0.00185106
-0.882816 0.302832 0.00184855
-0.880653 0.309144 0.00184111
-0.878628 0.314951 0.00182904
-0.876819 0.320029 0.00181279
-0.875294 0.324184 0.00179298
-0.874114 0.327255 0.00177039
-0.873323 0.329125 0.00174587
-0.872951 0.329722 0.00172038
-0.873014 0.329023 0.00169488
-0.873508 0.327054 0.00167036
-0.874414 0.323891 0.00164777
-0.875698 0.319657 0.00162796
-0.87731 0.314513 0.00161171
-0.879189 0.308657 0.00159963
-0.881262 0.302314 0.00159219
-0.88345 0.295729 0.00158968
-0.885668 0.289154 0.00159219
-0.887831 0.282841 0.00159963
-0.889856 0.277034 0.0016117
-0.891665 0.271955 0.00162795
-0.89319 0.267801 0.00164775
-0.89437 0.264729 0.00167035
-0.895161 0.262859 0.00169486
-0.895533 0.262262 0.00172036
-0.895471 0.262961 0.00174586
-0.894977 0.26493 0.00177037
-0.894071 0.268092 0.00179297
-0.892787 0.272326 0.00181277
-0.891174 0.27747 0.00182903
-0.889296 0.283326 0.00184111
-0.887223 0.289668 0.00184855
-0.885035 0.296253 0.00185106
-0.882817 0.302829 0.00184855
-0.880654 0.309141 0.00184112
-0.878629 0.314949 0.00182904
-0.876819 0.320027 0.00181279
-0.875295 0.324183 0.00179299
-0.874114 0.327254 0.0017704
-0.873323 0.329125 0.00174588
-0.872951 0.329722 0.00172039
-0.873014 0.329023 0.00169489
-0.873507 0.327055 0.00167037
-0.874413 0.323893 0.00164778
-0.875697 0.319659 0.00162797
-0.87731 0.314515 0.00161172
-0.879188 0.30866 0.00159964
-0.881261 0.302317 0.0015922
-0.883449 0.295732 0.00158968
-0.885667 0.289157 0.00159219
-0.88783 0.282844 0.00159962
-0.889855 0.277037 0.00161169
-0.891665 0.271958 0.00162794
-0.893189 0.267802 0.00164775
-0.89437 0.26473 0.00167034
-0.895161 0.262859 0.00169485
-0.895533 0.262262 0.00172035
-0.895471 0.26296 0.00174584
-0.894977 0.264928 0.00177036
-0.894071 0.26809 0.00179296
-0.892787 0.272324 0.00181277
-0.891175 0.277468 0.00182902
-0.889296 0.283323 0.0018411
-0.887224 0.289665 0.00184855
-0.885036 0.29625 0.00185106
-0.882818 0.302826 0.00184856
-0.880655 0.309139 0.00184112
-0.87863 0.314946 0.00182905
-0.87682 0.320025 0.0018128
-0.875296 0.324181 0.001793
-0.874115 0.327253 0.00177041
-0.873323 0.329124 0.00174589
-0.872951 0.329722 0.0017204
-0.873013 0.329024 0.0016949
-0.873507 0.327056 0.00167038
-0.874413 0.323895 0.00164779
-0.875697 0.319661 0.00162798
-0.877309 0.314517 0.00161172
-0.879187 0.308662 0.00159964
-0.88126 0.30232 0.0015922
-0.883448 0.295735 0.00158968
-0.885666 0.289159 0.00159219
-0.887829 0.282847 0.00159962
-0.889854 0.277039 0.00161169
-0.891664 0.27196 0.00162794
-0.893188 0.267804 0.00164774
-0.894369 0.264731 0.00167033
-0.895161 0.26286 0.00169484
-0.895533 0.262262 0.00172034
-0.895471 0.26296 0.00174583
-0.894978 0.264927 0.00177035
-0.894072 0.268088 0.00179295
-0.892788 0.272322 0.00181276
-0.891176 0.277465 0.00182902
-0.889297 0.28332 0.0018411
-0.887225 0.289662 0.00184854
-0.885037 0.296247 0.00185106
-0.882819 0.302823 0.00184856
-0.880656 0.309136 0.00184113
-0.878631 0.314944 0.00182906
-0.876821 0.320023 0.00181281
-0.875296 0.324179 0.00179301
-0.874115 0.327252 0.00177042
-0.873324 0.329124 0.00174591
-0.872952 0.329722 0.00172041
-0.873013 0.329024 0.00169491
-0.873507 0.327057 0.0016704
-0.874412 0.323896 0.0016478
-0.897687 0.256386 0.00150097
-0.897613 0.257208 0.00153095
-0.897032 0.259524 0.00155978
-0.895966 0.263243 0.00158635
-0.894456 0.268222 0.00160963
-0.89256 0.274271 0.00162875
-0.890351 0.281157 0.00164295
-0.887914 0.288615 0.00165169
-0.885341 0.296359 0.00165465
-0.882733 0.304091 0.00165169
-0.88019 0.311513 0.00164295
-0.877808 0.318342 0.00162875
-0.875681 0.324313 0.00160964
-0.873888 0.329199 0.00158635
-0.8725 0.33281 0.00155978
-0.87157 0.335009 0.00153096
-0.871133 0.335711 0.00150098
-0.871207 0.334888 0.001471
-0.871787 0.332573 0.00144217
-0.872853 0.328854 0.0014156
-0.874363 0.323875 0.00139231
-0.876259 0.317826 0.0013732
-0.878468 0.31094 0.00135899
-0.880906 0.303483 0.00135025
-0.883478 0.295739 0.00134729
-0.886086 0.288007 0.00135024
-0.88863 0.280584 0.00135899
-0.891011 0.273756 0.00137319
-0.893139 0.267784 0.0013923
-0.894931 0.262898 0.00141558
-0.896319 0.259287 0.00144215
-0.89725 0.257087 0.00147098
-0.897686 0.256385 0.00150096
-0.897613 0.257208 0.00153094
-0.897033 0.259523 0.00155977
-0.895967 0.263241 0.00158634
-0.894457 0.26822 0.00160962
-0.892561 0.274269 0.00162874
-0.890352 0.281154 0.00164294
-0.887915 0.288612 0.00165169
-0.885342 0.296355 0.00165465
-0.882734 0.304087 0.0016517
-0.880191 0.31151 0.00164295
-0.877809 0.318339 0.00162876
-0.875681 0.324311 0.00160965
-0.873889 0.329197 0.00158636
-0.872501 0.332809 0.0015598
-0.87157 0.335008 0.00153097
-0.871133 0.335711 0.00150099
-0.871206 0.334889 0.00147101
-0.871787 0.332574 0.00144218
-0.872853 0.328856 0.00141561
-0.874362 0.323877 0.00139232
-0.876258 0.317829 0.0013732
-0.878467 0.310944 0.001359
-0.880905 0.303486 0.00135025
-0.883477 0.295742 0.00134729
-0.886085 0.288011 0.00135024
-0.888628 0.280588 0.00135898
-0.89101 0.273759 0.00137318
-0.893138 0.267787 0.00139229
-0.89493 0.2629 0.00141557
-0.896319 0.259288 0.00144214
-0.897249 0.257088 0.00147096
-0.897686 0.256385 0.00150094
-0.897613 0.257207 0.00153092
-0.897033 0.259521 0.00155975
-0.895968 0.263239 0.00158632
-0.894458 0.268218 0.00160961
-0.892562 0.274266 0.00162873
-0.890353 0.281151 0.00164294
-0.887916 0.288608 0.00165169
-0.885344 0.296352 0.00165465
-0.882736 0.304084 0.0016517
-0.880192 0.311507 0.00164296
-0.87781 0.318336 0.00162876
-0.875682 0.324308 0.00160966
-0.87389 0.329195 0.00158637
-0.872501 0.332808 0.00155981
-0.871571 0.335008 0.00153098
-0.871133 0.335711 0.001501
-0.871206 0.334889 0.00147102
-0.871787 0.332576 0.00144219
-0.872852 0.328858 0.00141562
-0.874361 0.32388 0.00139233
-0.876257 0.317832 0.00137321
-0.878466 0.310947 0.00135901
-0.880903 0.303489 0.00135025
-0.883476 0.295746 0.00134729
-0.886084 0.288014 0.00135024
-0.888627 0.280591 0.00135898
-0.891009 0.273762 0.00137317
-0.893137 0.267789 0.00139228
-0.89493 0.262902 0.00141556
-0.896318 0.259289 0.00144212
-0.897249 0.257089 0.00147095
-0.897686 0.256385 0.00150093
-0.897614 0.257206 0.00153091
-0.897033 0.25952 0.00155974
-0.895968 0.263237 0.00158631
-0.894459 0.268215 0.00160961
-0.892563 0.274263 0.00162872
-0.890354 0.281148 0.00164293
-0.887917 0.288605 0.00165168
-0.885345 0.296349 0.00165465
-0.882737 0.30408 0.0016517
-0.880193 0.311504 0.00164296
-0.877811 0.318333 0.00162877
-0.875683 0.324306 0.00160967
-0.87389 0.329193 0.00158639
-0.872502 0.332806 0.00155982
-0.871571 0.335007 0.001531
-0.871134 0.335711 0.00150102
-0.871206 0.33489 0.00147103
-0.871786 0.332577 0.0014422
-0.872851 0.32886 0.00141563
-0.874361 0.323882 0.00139234
-0.876256 0.317835 0.00137322
-0.878465 0.31095 0.00135901
-0.880902 0.303493 0.00135026
-0.883474 0.295749 0.00134729
-0.886082 0.288017 0.00135024
-0.888626 0.280594 0.00135897
-0.891008 0.273765 0.00137316
-0.893136 0.267791 0.00139227
-0.894929 0.262904 0.00141555
-0.896318 0.25929 0.00144211
-0.897249 0.257089 0.00147094
-0.897686 0.256385 0.00150092
-0.897614 0.257206 0.0015309
-0.897034 0.259518 0.00155973
-0.895969 0.263235 0.0015863
-0.894459 0.268213 0.0016096
-0.892564 0.27426 0.00162872
-0.890355 0.281144 0.00164293
-0.887918 0.288602 0.00165168
-0.899354 0.252041 0.00125066
-0.899272 0.252956 0.00128397
-0.898627 0.255528 0.001316
-0.897442 0.259661 0.00134552
-0.895764 0.265194 0.0013714
-0.893658 0.271915 0.00139263
-0.891203 0.279566 0.00140841
-0.888494 0.287853 0.00141813
-0.885636 0.296457 0.00142141
-0.882738 0.305049 0.00141813
-0.879912 0.313296 0.00140842
-0.877266 0.320883 0.00139264
-0.874902 0.327519 0.0013714
-0.87291 0.332947 0.00134553
-0.871368 0.33696 0.00131601
-0.870334 0.339403 0.00128398
-0.869849 0.340183 0.00125066
-0.869931 0.339269 0.00121735
-0.870576 0.336696 0.00118532
-0.87176 0.332564 0.0011558
-0.873438 0.327032 0.00112992
-0.875544 0.320311 0.00110868
-0.877999 0.31266 0.0010929
-0.880708 0.304373 0.00108318
-0.883566 0.295769 0.0010799
-0.886464 0.287178 0.00108318
-0.88929 0.27893 0.00109289
-0.891936 0.271342 0.00110867
-0.8943 0.264707 0.0011299
-0.896292 0.259278 0.00115578
-0.897834 0.255265 0.0011853
-0.898868 0.252821 0.00121733
-0.899353 0.252041 0.00125064
-0.899272 0.252955 0.00128395
-0.898627 0.255527 0.00131599
-0.897443 0.259659 0.00134551
-0.895765 0.265191 0.00137139
-0.893659 0.271912 0.00139262
-0.891204 0.279563 0.00140841
-0.888496 0.287849 0.00141813
-0.885637 0.296454 0.00142141
-0.88274 0.305045 0.00141813
-0.879913 0.313293 0.00140842
-0.877267 0.32088 0.00139265
-0.874903 0.327516 0.00137141
-0.872911 0.332945 0.00134554
-0.871369 0.336959 0.00131602
-0.870335 0.339403 0.00128399
-0.869849 0.340183 0.00125068
-0.86993 0.33927 0.00121737
-0.870575 0.336698 0.00118533
-0.871759 0.332567 0.00115581
-0.873437 0.327034 0.00112993
-0.875543 0.320314 0.00110869
-0.877998 0.312663 0.00109291
-0.880706 0.304377 0.00108319
-0.883564 0.295772 0.0010799
-0.886462 0.287181 0.00108318
-0.889289 0.278933 0.00109289
-0.891935 0.271346 0.00110866
-0.894299 0.26471 0.00112989
-0.896291 0.25928 0.00115577
-0.897834 0.255266 0.00118528
-0.898868 0.252822 0.00121731
-0.899353 0.252041 0.00125063
-0.899272 0.252954 0.00128394
-0.898627 0.255526 0.00131597
-0.897443 0.259657 0.0013455
-0.895766 0.265188 0.00137138
-0.89366 0.271909 0.00139262
-0.891205 0.279559 0.0014084
-0.888497 0.287846 0.00141812
-0.885639 0.29645 0.00142141
-0.882741 0.305041 0.00141814
-0.879914 0.313289 0.00140843
-0.877268 0.320877 0.00139265
-0.874904 0.327513 0.00137142
-0.872912 0.332943 0.00134555
-0.871369 0.336957 0.00131603
-0.870335 0.339402 0.001284
-0.869849 0.340183 0.00125069
-0.86993 0.33927 0.00121738
-0.870575 0.336699 0.00118535
-0.871759 0.332569 0.00115582
-0.873436 0.327037 0.00112994
-0.875542 0.320317 0.0011087
-0.877997 0.312667 0.00109291
-0.880705 0.30438 0.00108319
-0.883563 0.295776 0.0010799
-0.886461 0.287185 0.00108317
-0.889287 0.278937 0.00109288
-0.891934 0.271349 0.00110865
-0.894298 0.264712 0.00112988
-0.89629 0.259282 0.00115575
-0.897833 0.255268 0.00118527
-0.898867 0.252823 0.0012173
-0.899353 0.252041 0.00125061
-0.899272 0.252953 0.00128392
-0.898628 0.255524 0.00131596
-0.897444 0.259654 0.00134548
-0.895767 0.265186 0.00137137
-0.893661 0.271906 0.00139261
-0.891206 0.279556 0.0014084
-0.888498 0.287842 0.00141812
-0.88564 0.296446 0.00142141
-0.882742 0.305037 0.00141814
-0.879916 0.313286 0.00140843
-0.877269 0.320874 0.00139266
-0.874905 0.327511 0.00137143
-0.872913 0.332941 0.00134556
-0.87137 0.336956 0.00131605
-0.870335 0.339401 0.00128402
-0.869849 0.340183 0.00125071
-0.86993 0.339271 0.00121739
-0.870575 0.336701 0.00118536
-0.871758 0.332571 0.00115583
-0.873435 0.32704 0.00112995
-0.875541 0.32032 0.00110871
-0.877996 0.31267 0.00109292
-0.880704 0.304384 0.00108319
-0.883562 0.29578 0.0010799
-0.88646 0.287189 0.00108317
-0.889286 0.27894 0.00109288
-0.891933 0.271352 0.00110865
-0.894297 0.264715 0.00112987
-0.896289 0.259284 0.00115574
-0.897832 0.255269 0.00118526
-0.898867 0.252823 0.00121729
-0.899353 0.252041 0.0012506
-0.899273 0.252953 0.00128391
-0.898628 0.255523 0.00131595
-0.897445 0.259652 0.00134547
-0.895768 0.265183 0.00137136
-0.893662 0.271902 0.0013926
-0.891207 0.279552 0.00140839
-0.888499 0.287838 0.00141812
-0.885641 0.296442 0.00142141
-0.882743 0.305034 0.00141814
-0.879917 0.313282 0.00140844
-0.87727 0.320871 0.00139267
-0.874906 0.327508 0.00137144
-0.872913 0.332939 0.00134558
-0.87137 0.336954 0.00131606
-0.870336 0.3394 0.00128403
-0.869849 0.340183 0.00125072
-0.86993 0.339272 0.00121741
-0.870574 0.336702 0.00118537
-0.871757 0.332573 0.00115585
-0.873434 0.327043 0.00112996
-0.87554 0.320323 0.00110872
-0.877995 0.312674 0.00109292
-0.90047 0.249396 0.000979049
-0.900383 0.250367 0.00101441
-0.899698 0.253098 0.00104842
-0.898441 0.257485 0.00107976
-0.89666 0.263359 0.00110723
-0.894423 0.270494 0.00112977
-0.891817 0.278617 0.00114652
-0.888942 0.287414 0.00115684
-0.885908 0.296548 0.00116032
-0.882831 0.305668 0.00115684
-0.879831 0.314424 0.00114653
-0.877022 0.322479 0.00112978
-0.874512 0.329523 0.00110723
-0.872398 0.335286 0.00107976
-0.870761 0.339546 0.00104843
-0.869663 0.342139 0.00101442
-0.869148 0.342967 0.000979056
-0.869234 0.341997 0.000943692
-0.869919 0.339266 0.000909686
-0.871177 0.334879 0.000878346
-0.872958 0.329006 0.000850875
-0.875194 0.321871 0.00082833
-0.8778 0.313749 0.000811577
-0.880675 0.304951 0.00080126
-0.88371 0.295817 0.000797774
-0.886786 0.286697 0.000801255
-0.889786 0.277941 0.000811568
-0.892595 0.269886 0.000828317
-0.895105 0.262842 0.000850859
-0.89722 0.257079 0.000878326
-0.898857 0.252818 0.000909664
-0.899954 0.250224 0.000943669
-0.90047 0.249396 0.000979033
-0.900383 0.250366 0.0010144
-0.899699 0.253097 0.0010484
-0.898441 0.257483 0.00107974
-0.896661 0.263356 0.00110722
-0.894424 0.270491 0.00112976
-0.891818 0.278613 0.00114652
-0.888943 0.28741 0.00115684
-0.885909 0.296544 0.00116032
-0.882833 0.305664 0.00115684
-0.879832 0.31442 0.00114653
-0.877023 0.322475 0.00112978
-0.874513 0.32952 0.00110724
-0.872399 0.335283 0.00107978
-0.870761 0.339544 0.00104844
-0.869664 0.342139 0.00101444
-0.869148 0.342967 0.000979072
-0.869234 0.341998 0.000943707
-0.869919 0.339267 0.000909701
-0.871176 0.334882 0.000878359
-0.872957 0.329009 0.000850886
-0.875193 0.321874 0.000828339
-0.877799 0.313752 0.000811583
-0.880674 0.304955 0.000801263
-0.883708 0.295821 0.000797774
-0.886785 0.286701 0.000801252
-0.889785 0.277945 0.000811562
-0.892594 0.26989 0.000828309
-0.895104 0.262845 0.000850848
-0.897219 0.257081 0.000878313
-0.898856 0.25282 0.00090965
-0.899954 0.250225 0.000943653
-0.90047 0.249396 0.000979017
-0.900384 0.250365 0.00101438
-0.899699 0.253095 0.00104839
-0.898442 0.25748 0.00107973
-0.896661 0.263353 0.00110721
-0.894425 0.270487 0.00112975
-0.891819 0.278609 0.00114651
-0.888944 0.287406 0.00115683
-0.88591 0.29654 0.00116032
-0.882834 0.305661 0.00115685
-0.879833 0.314417 0.00114654
-0.877024 0.322472 0.00112979
-0.874514 0.329517 0.00110726
-0.872399 0.335281 0.00107979
-0.870762 0.339543 0.00104845
-0.869664 0.342138 0.00101445
-0.869148 0.342967 0.000979088
-0.869234 0.341998 0.000943723
-0.869919 0.339269 0.000909715
-0.871175 0.334884 0.000878372
-0.872956 0.329012 0.000850898
-0.875192 0.321878 0.000828348
-0.877798 0.313756 0.000811589
-0.880673 0.304959 0.000801266
-0.883707 0.295825 0.000797774
-0.886783 0.286705 0.000801249
-0.889784 0.277948 0.000811556
-0.892593 0.269893 0.0008283
-0.895103 0.262848 0.000850836
-0.897218 0.257083 0.0008783
-0.898856 0.252821 0.000909635
-0.899954 0.250226 0.000943638
-0.90047 0.249396 0.000979001
-0.900384 0.250364 0.00101437
-0.899699 0.253093 0.00104837
-0.898443 0.257478 0.00107972
-0.896662 0.26335 0.00110719
-0.894426 0.270484 0.00112975
-0.891821 0.278605 0.0011465
-0.888946 0.287402 0.00115683
-0.885912 0.296536 0.00116032
-0.882835 0.305657 0.00115685
-0.879835 0.314413 0.00114654
-0.877025 0.322469 0.0011298
-0.874515 0.329514 0.00110727
-0.8724 0.335279 0.0010798
-0.870762 0.339541 0.00104847
-0.869664 0.342137 0.00101447
-0.869148 0.342967 0.000979104
-0.869234 0.341999 0.000943738
-0.869918 0.339271 0.00090973
-0.871175 0.334886 0.000878385
-0.872955 0.329014 0.000850909
-0.875191 0.321881 0.000828357
-0.877796 0.31376 0.000811595
-0.880671 0.304963 0.000801269
-0.883705 0.295829 0.000797774
-0.886782 0.286709 0.000801246
-0.889782 0.277952 0.00081155
-0.892592 0.269896 0.000828291
-0.895102 0.26285 0.000850825
-0.897217 0.257085 0.000878287
-0.898855 0.252823 0.000909621
-0.899953 0.250226 0.000943623
-0.900469 0.249396 0.000978986
-0.900384 0.250364 0.00101435
-0.8997 0.253092 0.00104836
-0.898443 0.257476 0.00107971
-0.896663 0.263347 0.00110718
-0.894427 0.270481 0.00112974
-0.891822 0.278602 0.0011465
-0.888947 0.287398 0.00115683
-0.885913 0.296532 0.00116032
-0.882837 0.305653 0.00115685
-0.879836 0.314409 0.00114655
-0.877026 0.322465 0.00112981
-0.874516 0.329511 0.00110728
-0.872401 0.335277 0.00107982
-0.870763 0.33954 0.00104848
-0.869665 0.342136 0.00101448
-0.869148 0.342967 0.000979119
-0.869234 0.342 0.000943754
-0.869918 0.339272 0.000909744
-0.871174 0.334888 0.000878398
-0.872954 0.329017 0.00085092
-0.87519 0.321884 0.000828365
-0.877795 0.313764 0.000811601
-0.88067 0.304967 0.000801272
-0.883704 0.295833 0.000797774
-0.886781 0.286713 0.000801243
-0.889781 0.277956 0.000811544
-0.892591 0.2699 0.000828282
-0.895101 0.262853 0.000850814
-0.897216 0.257088 0.000878274
-0.898854 0.252824 0.000909606
-0.899953 0.250227 0.000943607
-0.900993 0.248552 0.000696586
-0.900904 0.249541 0.000732643
-0.900206 0.252326 0.000767315
-0.898924 0.256799 0.000799269
-0.897108 0.262788 0.000827276
-0.894827 0.270063 0.000850262
-0.89217 0.278345 0.000867342
-0.889239 0.287314 0.00087786
-0.886145 0.296628 0.000881412
-0.883008 0.305927 0.000877862
-0.879949 0.314854 0.000867345
-0.877085 0.323066 0.000850266
-0.874526 0.330248 0.000827282
-0.872371 0.336124 0.000799275
-0.870701 0.340468 0.000767322
-0.869582 0.343112 0.000732651
-0.869057 0.343956 0.000696594
-0.869145 0.342967 0.000660536
-0.869844 0.340182 0.000625864
-0.871125 0.33571 0.00059391
-0.872941 0.329721 0.000565901
-0.875222 0.322446 0.000542914
-0.877879 0.314165 0.000525833
-0.88081 0.305195 0.000515313
-0.883904 0.295882 0.00051176
-0.887041 0.286583 0.000515308
-0.8901 0.277656 0.000525824
-0.892964 0.269443 0.000542901
-0.895523 0.262261 0.000565884
-0.897679 0.256385 0.00059389
-0.899348 0.252041 0.000625842
-0.900467 0.249396 0.000660513
-0.900993 0.248552 0.00069657
-0.900905 0.249541 0.000732627
-0.900206 0.252325 0.0007673
-0.898925 0.256797 0.000799255
-0.897109 0.262785 0.000827265
-0.894828 0.27006 0.000850253
-0.892172 0.278341 0.000867336
-0.88924 0.28731 0.000877857
-0.886146 0.296624 0.000881412
-0.88301 0.305923 0.000877865
-0.879951 0.31485 0.000867351
-0.877086 0.323063 0.000850275
-0.874527 0.330245 0.000827293
-0.872371 0.336122 0.000799289
-0.870702 0.340466 0.000767337
-0.869583 0.343111 0.000732667
-0.869057 0.343956 0.00069661
-0.869145 0.342968 0.000660552
-0.869843 0.340184 0.000625879
-0.871125 0.335712 0.000593923
-0.872941 0.329724 0.000565912
-0.875221 0.32245 0.000542923
-0.877877 0.314169 0.000525839
-0.880809 0.305199 0.000515316
-0.883903 0.295886 0.00051176
-0.887039 0.286587 0.000515305
-0.890098 0.27766 0.000525817
-0.892963 0.269447 0.000542892
-0.895522 0.262264 0.000565873
-0.897678 0.256387 0.000593876
-0.899347 0.252042 0.000625827
-0.900467 0.249397 0.000660497
-0.900992 0.248552 0.000696554
-0.900905 0.24954 0.000732612
-0.900207 0.252323 0.000767285
-0.898925 0.256794 0.000799242
-0.89711 0.262782 0.000827254
-0.89483 0.270056 0.000850244
-0.892173 0.278337 0.00086733
-0.889241 0.287306 0.000877854
-0.886148 0.296619 0.000881412
-0.883011 0.305919 0.000877868
-0.879952 0.314846 0.000867357
-0.877088 0.323059 0.000850284
-0.874528 0.330243 0.000827305
-0.872372 0.33612 0.000799302
-0.870703 0.340465 0.000767352
-0.869583 0.343111 0.000732682
-0.869057 0.343956 0.000696626
-0.869145 0.342968 0.000660568
-0.869843 0.340186 0.000625894
-0.871124 0.335715 0.000593936
-0.87294 0.329727 0.000565924
-0.87522 0.322453 0.000542932
-0.877876 0.314173 0.000525845
-0.880808 0.305204 0.000515319
-0.883901 0.29589 0.00051176
-0.887038 0.286591 0.000515302
-0.890097 0.277663 0.000525811
-0.892962 0.26945 0.000542883
-0.895521 0.262267 0.000565861
-0.897677 0.256389 0.000593863
-0.899347 0.252044 0.000625812
-0.900466 0.249398 0.000660481
-0.900992 0.248552 0.000696538
-0.900905 0.249539 0.000732596
-0.900207 0.252321 0.00076727
-0.898926 0.256792 0.000799229
-0.897111 0.262779 0.000827242
-0.894831 0.270053 0.000850235
-0.892174 0.278333 0.000867323
-0.889243 0.287302 0.000877851
-0.886149 0.296615 0.000881412
-0.883013 0.305914 0.000877871
-0.879953 0.314842 0.000867363
-0.877089 0.323056 0.000850293
-0.874529 0.33024 0.000827316
-0.872373 0.336117 0.000799315
-0.870703 0.340463 0.000767367
-0.869584 0.34311 0.000732698
-0.869057 0.343956 0.000696642
-0.869145 0.342969 0.000660584
-0.869842 0.340187 0.000625909
-0.871123 0.335717 0.00059395
-0.872939 0.32973 0.000565935
-0.875218 0.322457 0.000542941
-0.877875 0.314177 0.000525851
-0.880806 0.305208 0.000515323
-0.8839 0.295895 0.00051176
-0.887036 0.286595 0.000515299
-0.890096 0.277667 0.000525805
-0.89296 0.269453 0.000542874
-0.89552 0.26227 0.00056585
-0.897676 0.256392 0.00059385
-0.899346 0.252046 0.000625798
-0.900466 0.249398 0.000660466
-0.900992 0.248552 0.000696522
-0.900905 0.249538 0.00073258
-0.900208 0.25232 0.000767256
-0.898927 0.25679 0.000799215
-0.897111 0.262776 0.000827231
-0.894832 0.270049 0.000850226
-0.892175 0.278329 0.000867317
-0.889244 0.287298 0.000877847
-0.886151 0.296611 0.000881412
-0.883014 0.30591 0.000877874
-0.879954 0.314839 0.000867369
-0.87709 0.323053 0.000850302
-0.87453 0.330237 0.000827327
-0.872374 0.336115 0.000799329
-0.870704 0.340462 0.000767382
-0.869584 0.343109 0.000732714
-0.869057 0.343956 0.000696658
-0.869145 0.34297 0.000660599
-0.869842 0.340189 0.000625923
-0.871123 0.335719 0.000593963
-0.872938 0.329733 0.000565946
-0.875217 0.32246 0.00054295
-0.877874 0.31418 0.000525857
-0.880805 0.305212 0.000515326
-0.883898 0.295899 0.00051176
-0.887035 0.286599 0.000515296
-0.890095 0.277671 0.000525799
-0.892959 0.269457 0.000542865
-0.895519 0.262272 0.000565839
-0.897675 0.256394 0.000593836
-0.899346 0.252047 0.000625783
-0.900466 0.249399 0.00066045
-0.900992 0.248552 0.000696506
-0.900905 0.249537 0.000732564
-0.900208 0.252318 0.000767241
-0.900902 0.24954 0.000414122
-0.900815 0.250511 0.000449486
-0.90013 0.253242 0.000483492
-0.898873 0.257629 0.000514832
-0.897092 0.263503 0.000542302
-0.894855 0.270639 0.000564846
-0.892249 0.278761 0.000581598
-0.889374 0.287558 0.000591914
-0.886339 0.296693 0.000595398
-0.883263 0.305813 0.000591915
-0.880263 0.314569 0.000581601
-0.877454 0.322624 0.00056485
-0.874944 0.329668 0.000542307
-0.87283 0.335431 0.000514839
-0.871192 0.339691 0.000483499
-0.870095 0.342284 0.000449494
-0.86958 0.343112 0.00041413
-0.869666 0.342142 0.000378765
-0.870351 0.339411 0.000344759
-0.871608 0.335024 0.000313418
-0.873389 0.329151 0.000285947
-0.875626 0.322016 0.000263402
-0.878232 0.313893 0.000246649
-0.881107 0.305096 0.000236331
-0.884141 0.295962 0.000232846
-0.887218 0.286841 0.000236327
-0.890218 0.278085 0.00024664
-0.893027 0.270031 0.000263389
-0.895537 0.262986 0.000285931
-0.897652 0.257223 0.000313399
-0.899289 0.252962 0.000344737
-0.900386 0.250368 0.000378742
-0.900902 0.24954 0.000414106
-0.900815 0.25051 0.000449471
-0.900131 0.253241 0.000483478
-0.898873 0.257627 0.000514819
-0.897093 0.2635 0.000542291
-0.894856 0.270635 0.000564837
-0.89225 0.278757 0.000581592
-0.889375 0.287554 0.000591911
-0.886341 0.296689 0.000595398
-0.883264 0.305809 0.000591918
-0.880264 0.314565 0.000581607
-0.877455 0.32262 0.000564859
-0.874945 0.329665 0.000542318
-0.87283 0.335428 0.000514852
-0.871193 0.339689 0.000483514
-0.870095 0.342284 0.00044951
-0.86958 0.343112 0.000414145
-0.869666 0.342143 0.00037878
-0.870351 0.339412 0.000344773
-0.871608 0.335027 0.000313431
-0.873389 0.329153 0.000285959
-0.875625 0.322019 0.000263411
-0.878231 0.313897 0.000246655
-0.881106 0.3051 0.000236334
-0.88414 0.295966 0.000232846
-0.887216 0.286845 0.000236324
-0.890217 0.278089 0.000246634
-0.893026 0.270034 0.00026338
-0.895536 0.262989 0.00028592
-0.897651 0.257225 0.000313385
-0.899288 0.252964 0.000344722
-0.900386 0.250369 0.000378726
-0.900902 0.24954 0.00041409
-0.900816 0.250509 0.000449456
-0.900131 0.253239 0.000483463
-0.898874 0.257625 0.000514806
-0.897093 0.263497 0.000542279
-0.894857 0.270632 0.000564828
-0.892251 0.278753 0.000581586
-0.889376 0.28755 0.000591908
-0.886342 0.296685 0.000595398
-0.883266 0.305805 0.000591921
-0.880265 0.314561 0.000581613
-0.877456 0.322617 0.000564868
-0.874946 0.329662 0.00054233
-0.872831 0.335426 0.000514865
-0.871194 0.339688 0.000483528
-0.870096 0.342283 0.000449525
-0.86958 0.343112 0.000414161
-0.869666 0.342143 0.000378796
-0.87035 0.339414 0.000344788
-0.871607 0.335029 0.000313444
-0.873388 0.329156 0.00028597
-0.875624 0.322022 0.00026342
-0.87823 0.313901 0.000246661
-0.881105 0.305104 0.000236338
-0.884139 0.29597 0.000232846
-0.887215 0.286849 0.000236321
-0.890216 0.278093 0.000246628
-0.893025 0.270037 0.000263372
-0.895535 0.262992 0.000285908
-0.89765 0.257227 0.000313372
-0.899288 0.252966 0.000344708
-0.900386 0.25037 0.000378711
-0.900902 0.24954 0.000414075
-0.900816 0.250509 0.00044944
-0.900131 0.253238 0.000483449
-0.898875 0.257622 0.000514793
-0.897094 0.263495 0.000542268
-0.894858 0.270628 0.000564819
-0.892253 0.27875 0.00058158
-0.889378 0.287546 0.000591905
-0.886344 0.296681 0.000595398
-0.883267 0.305801 0.000591924
-0.880267 0.314558 0.000581619
-0.877457 0.322613 0.000564876
-0.874947 0.329659 0.000542341
-0.872832 0.335424 0.000514878
-0.871194 0.339686 0.000483543
-0.870096 0.342282 0.00044954
-0.86958 0.343112 0.000414177
-0.869666 0.342144 0.000378811
-0.87035 0.339416 0.000344802
-0.871606 0.335031 0.000313457
-0.873387 0.329159 0.000285981
-0.875623 0.322026 0.000263428
-0.878228 0.313905 0.000246667
-0.881103 0.305108 0.000236341
-0.884137 0.295974 0.000232846
-0.887214 0.286853 0.000236318
-0.890214 0.278097 0.000246622
-0.893024 0.270041 0.000263363
-0.895534 0.262995 0.000285897
-0.897649 0.25723 0.000313359
-0.899287 0.252967 0.000344693
-0.900385 0.250371 0.000378695
-0.900902 0.24954 0.000414059
-0.900816 0.250508 0.000449425
-0.900132 0.253236 0.000483434
-0.898875 0.25762 0.00051478
-0.897095 0.263492 0.000542257
-0.894859 0.270625 0.000564811
-0.892254 0.278746 0.000581574
-0.889379 0.287543 0.000591901
-0.886345 0.296677 0.000595398
-0.883268 0.305797 0.000591928
-0.880268 0.314554 0.000581625
-0.877458 0.32261 0.000564885
-0.874948 0.329656 0.000542352
-0.872833 0.335422 0.000514891
-0.871195 0.339685 0.000483558
-0.870096 0.342281 0.000449556
-0.86958 0.343112 0.000414193
-0.869666 0.342145 0.000378827
-0.87035 0.339417 0.000344817
-0.871606 0.335033 0.00031347
-0.873386 0.329162 0.000285992
-0.875622 0.322029 0.000263437
-0.878227 0.313908 0.000246673
-0.881102 0.305112 0.000236344
-0.884136 0.295978 0.000232846
-0.887212 0.286857 0.000236315
-0.890213 0.2781 0.000246616
-0.893023 0.270044 0.000263354
-0.895533 0.262998 0.000285886
-0.897648 0.257232 0.000313346
-0.899286 0.252969 0.000344679
-0.900385 0.250371 0.00037868
-0.900201 0.252324 0.000142511
-0.900119 0.253239 0.000175824
-0.899474 0.255811 0.000207857
-0.89829 0.259944 0.000237379
-0.896612 0.265477 0.000263255
-0.894505 0.272198 0.000284491
-0.89205 0.27985 0.000300271
-0.889342 0.288137 0.000309989
-0.886483 0.296741 0.00031327
-0.883585 0.305332 0.00030999
-0.880759 0.31358 0.000300274
-0.878113 0.321167 0.000284495
-0.875749 0.327803 0.00026326
-0.873757 0.333231 0.000237385
-0.872215 0.337244 0.000207864
-0.871181 0.339688 0.000175831
-0.870696 0.340467 0.000142519
-0.870777 0.339553 0.000109205
-0.871423 0.336981 7.71722e-05
-0.872607 0.332849 4.76498e-05
-0.874285 0.327316 2.17728e-05
-0.876391 0.320595 5.35574e-07
-0.878846 0.312944 -1.52458e-05
-0.881555 0.304657 -2.49648e-05
-0.884413 0.296052 -2.82479e-05
-0.887311 0.287461 -2.49691e-05
-0.890137 0.279213 -1.52543e-05
-0.892783 0.271626 5.23225e-07
-0.895148 0.26499 2.17571e-05
-0.897139 0.259561 4.76313e-05
-0.898682 0.255548 7.71517e-05
-0.899715 0.253104 0.000109184
-0.900201 0.252324 0.000142496
-0.90012 0.253238 0.00017581
-0.899474 0.25581 0.000207843
-0.89829 0.259942 0.000237366
-0.896613 0.265474 0.000263244
-0.894506 0.272195 0.000284483
-0.892051 0.279846 0.000300265
-0.889343 0.288133 0.000309986
-0.886485 0.296737 0.00031327
-0.883587 0.305329 0.000309993
-0.88076 0.313576 0.00030028
-0.878114 0.321164 0.000284503
-0.87575 0.3278 0.000263271
-0.873758 0.333229 0.000237397
-0.872216 0.337243 0.000207878
-0.871182 0.339687 0.000175846
-0.870696 0.340467 0.000142533
-0.870777 0.339554 0.00010922
-0.871422 0.336982 7.71859e-05
-0.872606 0.332851 4.76621e-05
-0.874284 0.327319 2.17833e-05
-0.87639 0.320598 5.43808e-07
-0.878845 0.312947 -1.52401e-05
-0.881553 0.30466 -2.49619e-05
-0.884412 0.296056 -2.82479e-05
-0.887309 0.287465 -2.4972e-05
-0.890136 0.279217 -1.52599e-05
-0.892782 0.271629 5.14995e-07
-0.895147 0.264993 2.17466e-05
-0.897138 0.259563 4.7619e-05
-0.898681 0.255549 7.7138e-05
-0.899715 0.253105 0.000109169
-0.900201 0.252324 0.000142482
-0.90012 0.253237 0.000175795
-0.899475 0.255808 0.00020783
-0.898291 0.259939 0.000237354
-0.896613 0.265472 0.000263234
-0.894507 0.272192 0.000284474
-0.892052 0.279842 0.00030026
-0.889344 0.288129 0.000309983
-0.886486 0.296733 0.00031327
-0.883588 0.305325 0.000309996
-0.880762 0.313573 0.000300285
-0.878115 0.321161 0.000284512
-0.875751 0.327797 0.000263281
-0.873759 0.333227 0.00023741
-0.872216 0.337242 0.000207891
-0.871182 0.339686 0.000175861
-0.870696 0.340467 0.000142548
-0.870777 0.339555 0.000109235
-0.871422 0.336984 7.71996e-05
-0.872606 0.332853 4.76745e-05
-0.874283 0.327321 2.17938e-05
-0.876389 0.320601 5.52042e-07
-0.878844 0.312951 -1.52344e-05
-0.881552 0.304664 -2.4959e-05
-0.88441 0.29606 -2.82479e-05
-0.887308 0.287469 -2.49749e-05
-0.890135 0.27922 -1.52656e-05
-0.892781 0.271632 5.06765e-07
-0.895146 0.264995 2.17361e-05
-0.897138 0.259565 4.76067e-05
-0.89868 0.255551 7.71243e-05
-0.899715 0.253106 0.000109155
-0.900201 0.252324 0.000142467
-0.90012 0.253236 0.000175781
-0.899475 0.255807 0.000207816
-0.898291 0.259937 0.000237342
-0.896614 0.265469 0.000263223
-0.894508 0.272189 0.000284466
-0.892054 0.279839 0.000300254
-0.889345 0.288125 0.00030998
-0.886487 0.29673 0.00031327
-0.883589 0.305321 0.000309999
-0.880763 0.313569 0.000300291
-0.878116 0.321158 0.00028452
-0.875752 0.327795 0.000263291
-0.87376 0.333225 0.000237422
-0.872217 0.33724 0.000207905
-0.871182 0.339685 0.000175875
-0.870696 0.340467 0.000142563
-0.870777 0.339556 0.000109249
-0.871421 0.336985 7.72133e-05
-0.872605 0.332855 4.76868e-05
-0.874282 0.327324 2.18042e-05
-0.876388 0.320604 5.60278e-07
-0.878843 0.312954 -1.52287e-05
-0.881551 0.304668 -2.49561e-05
-0.884409 0.296064 -2.82479e-05
-0.887307 0.287472 -2.49778e-05
-0.890133 0.279224 -1.52713e-05
-0.89278 0.271635 4.98536e-07
-0.895145 0.264998 2.17257e-05
-0.897137 0.259567 4.75944e-05
-0.89868 0.255552 7.71106e-05
-0.899714 0.253106 0.00010914
-0.900201 0.252324 0.000142452
-0.90012 0.253235 0.000175766
-0.899476 0.255805 0.000207802
-0.898292 0.259935 0.000237329
-0.896615 0.265466 0.000263213
-0.894509 0.272186 0.000284458
-0.892055 0.279835 0.000300248
-0.889346 0.288122 0.000309977
-0.886488 0.296726 0.00031327
-0.883591 0.305317 0.000310002
-0.880764 0.313566 0.000300297
-0.878117 0.321155 0.000284528
-0.875753 0.327792 0.000263302
-0.87376 0.333223 0.000237434
-0.872217 0.337239 0.000207919
-0.871183 0.339685 0.00017589
-0.870696 0.340467 0.000142578
-0.870777 0.339556 0.000109264
-0.871421 0.336987 7.7227e-05
-0.872604 0.332857 4.76991e-05
-0.874281 0.327327 2.18147e-05
-0.876387 0.320607 5.68515e-07
-0.878842 0.312958 -1.52231e-05
-0.898917 0.256796 -0.000107808
-0.898843 0.257619 -7.78272e-05
-0.898263 0.259934 -4.89982e-05
-0.897197 0.263654 -2.24291e-05
-0.895687 0.268633 8.58932e-07
-0.89379 0.274683 1.99711e-05
-0.891581 0.281568 3.41729e-05
-0.889144 0.289027 4.29186e-05
-0.886571 0.296771 4.58721e-05
-0.883963 0.304503 4.29199e-05
-0.881419 0.311925 3.41754e-05
-0.879038 0.318754 1.99748e-05
-0.87691 0.324726 8.63647e-07
-0.875118 0.329611 -2.24236e-05
-0.87373 0.333223 -4.8992e-05
-0.8728 0.335422 -7.78207e-05
-0.872363 0.336123 -0.000107802
-0.872436 0.335301 -0.000137783
-0.873017 0.332986 -0.000166612
-0.874083 0.329267 -0.000193182
-0.875593 0.324287 -0.000216471
-0.877489 0.318238 -0.000235584
-0.879698 0.311353 -0.000249787
-0.882136 0.303894 -0.000258534
-0.884708 0.296151 -0.000261489
-0.887316 0.288419 -0.000258538
-0.88986 0.280996 -0.000249795
-0.892241 0.274167 -0.000235595
-0.894369 0.268195 -0.000216485
-0.896161 0.263309 -0.000193199
-0.897549 0.259697 -0.000166631
-0.89848 0.257498 -0.000137803
-0.898917 0.256796 -0.000107822
-0.898844 0.257618 -7.78403e-05
-0.898263 0.259933 -4.90105e-05
-0.897197 0.263652 -2.24402e-05
-0.895687 0.268631 8.49502e-07
-0.893791 0.27468 1.99637e-05
-0.891582 0.281565 3.41678e-05
-0.889145 0.289023 4.2916e-05
-0.886572 0.296767 4.58721e-05
-0.883964 0.304499 4.29225e-05
-0.881421 0.311922 3.41806e-05
-0.879039 0.318751 1.99822e-05
-0.876911 0.324723 8.73076e-07
-0.875119 0.329609 -2.24125e-05
-0.87373 0.333222 -4.89797e-05
-0.8728 0.335421 -7.78076e-05
-0.872363 0.336123 -0.000107788
-0.872436 0.335302 -0.00013777
-0.873016 0.332987 -0.0001666
-0.874082 0.329269 -0.000193171
-0.875592 0.32429 -0.000216462
-0.877488 0.318241 -0.000235577
-0.879697 0.311356 -0.000249782
-0.882134 0.303898 -0.000258532
-0.884707 0.296154 -0.000261489
-0.887315 0.288422 -0.000258541
-0.889858 0.280999 -0.0002498
-0.89224 0.27417 -0.000235603
-0.894368 0.268197 -0.000216495
-0.896161 0.263311 -0.00019321
-0.897549 0.259699 -0.000166643
-0.898479 0.257499 -0.000137816
-0.898917 0.256796 -0.000107835
-0.898844 0.257618 -7.78534e-05
-0.898263 0.259932 -4.90228e-05
-0.897198 0.26365 -2.24513e-05
-0.895688 0.268628 8.4007e-07
-0.893792 0.274677 1.99563e-05
-0.891583 0.281562 3.41627e-05
-0.889146 0.28902 4.29134e-05
-0.886574 0.296764 4.58721e-05
-0.883965 0.304496 4.29251e-05
-0.881422 0.311919 3.41857e-05
-0.87904 0.318748 1.99896e-05
-0.876912 0.324721 8.82504e-07
-0.875119 0.329608 -2.24014e-05
-0.873731 0.33322 -4.89674e-05
-0.8728 0.335421 -7.77945e-05
-0.872363 0.336124 -0.000107775
-0.872436 0.335302 -0.000137757
-0.873016 0.332988 -0.000166588
-0.874082 0.329271 -0.00019316
-0.875591 0.324292 -0.000216452
-0.877487 0.318244 -0.000235569
-0.879696 0.311359 -0.000249777
-0.882133 0.303901 -0.000258529
-0.884705 0.296158 -0.000261489
-0.887314 0.288425 -0.000258543
-0.889857 0.281002 -0.000249805
-0.892239 0.274173 -0.00023561
-0.894367 0.2682 -0.000216504
-0.89616 0.263313 -0.000193221
-0.897548 0.2597 -0.000166656
-0.898479 0.257499 -0.000137829
-0.898917 0.256796 -0.000107848
-0.898844 0.257617 -7.78665e-05
-0.898264 0.25993 -4.90352e-05
-0.897198 0.263648 -2.24624e-05
-0.895689 0.268626 8.30638e-07
-0.893793 0.274674 1.99489e-05
-0.891584 0.281559 3.41576e-05
-0.889147 0.289017 4.29108e-05
-0.886575 0.29676 4.58721e-05
-0.883967 0.304492 4.29277e-05
-0.881423 0.311916 3.41908e-05
-0.879041 0.318745 1.9997e-05
-0.876913 0.324718 8.91932e-07
-0.87512 0.329606 -2.23903e-05
-0.873732 0.333219 -4.89551e-05
-0.872801 0.33542 -7.77815e-05
-0.872363 0.336124 -0.000107762
-0.872436 0.335303 -0.000137744
-0.873016 0.33299 -0.000166575
-0.874081 0.329273 -0.000193149
-0.87559 0.324295 -0.000216443
-0.877486 0.318247 -0.000235562
-0.879695 0.311362 -0.000249772
-0.882132 0.303905 -0.000258526
-0.884704 0.296161 -0.000261489
-0.887312 0.288429 -0.000258546
-0.889856 0.281005 -0.00024981
-0.892238 0.274176 -0.000235618
-0.894366 0.268202 -0.000216513
-0.896159 0.263315 -0.000193232
-0.897548 0.259701 -0.000166668
-0.898479 0.2575 -0.000137842
-0.898917 0.256796 -0.000107862
-0.898844 0.257616 -7.78796e-05
-0.898264 0.259929 -4.90475e-05
-0.897199 0.263646 -2.24735e-05
-0.89569 0.268624 8.21206e-07
-0.893794 0.274671 1.99415e-05
-0.891585 0.281556 3.41525e-05
-0.889148 0.289013 4.29082e-05
-0.897099 0.262784 -0.000327218
-0.897036 0.263484 -0.00030172
-0.896542 0.265453 -0.000277203
-0.895636 0.268616 -0.000254608
-0.894352 0.272851 -0.000234803
-0.892739 0.277996 -0.000218549
-0.89086 0.283852 -0.000206471
-0.888787 0.290195 -0.000199033
-0.8866 0.29678 -0.000196521
-0.884382 0.303356 -0.000199032
-0.882218 0.309668 -0.000206469
-0.880193 0.315476 -0.000218546
-0.878384 0.320554 -0.000234799
-0.876859 0.324709 -0.000254603
-0.875679 0.327781 -0.000277198
-0.874888 0.329651 -0.000301715
-0.874516 0.330248 -0.000327212
-0.874579 0.329548 -0.000352709
-0.875072 0.327579 -0.000377227
-0.875979 0.324416 -0.000399823
-0.877263 0.320182 -0.000419629
-0.878875 0.315037 -0.000435883
-0.880754 0.309181 -0.000447962
-0.882827 0.302839 -0.000455401
-0.885015 0.296253 -0.000457914
-0.887233 0.289677 -0.000455404
-0.889396 0.283365 -0.000447969
-0.891422 0.277557 -0.000435893
-0.893231 0.272478 -0.000419641
-0.894755 0.268323 -0.000399837
-0.895936 0.265252 -0.000377243
-0.896727 0.263381 -0.000352726
-0.897099 0.262784 -0.000327229
-0.897037 0.263484 -0.000301732
-0.896543 0.265452 -0.000277214
-0.895636 0.268615 -0.000254617
-0.894352 0.272849 -0.000234811
-0.89274 0.277993 -0.000218555
-0.890861 0.283849 -0.000206475
-0.888788 0.290192 -0.000199035
-0.886601 0.296777 -0.000196521
-0.884383 0.303353 -0.00019903
-0.882219 0.309666 -0.000206464
-0.880194 0.315473 -0.000218539
-0.878384 0.320552 -0.00023479
-0.87686 0.324708 -0.000254593
-0.875679 0.32778 -0.000277187
-0.874888 0.32965 -0.000301704
-0.874516 0.330248 -0.000327201
-0.874578 0.329549 -0.000352698
-0.875072 0.32758 -0.000377217
-0.875978 0.324418 -0.000399814
-0.877262 0.320184 -0.000419621
-0.878875 0.31504 -0.000435877
-0.880753 0.309184 -0.000447958
-0.882826 0.302842 -0.000455399
-0.885014 0.296256 -0.000457914
-0.887232 0.28968 -0.000455406
-0.889395 0.283367 -0.000447973
-0.891421 0.27756 -0.000435899
-0.89323 0.27248 -0.000419649
-0.894755 0.268325 -0.000399847
-0.895935 0.265253 -0.000377253
-0.896727 0.263382 -0.000352737
-0.897099 0.262784 -0.00032724
-0.897037 0.263483 -0.000301743
-0.896543 0.265451 -0.000277224
-0.895637 0.268613 -0.000254627
-0.894353 0.272847 -0.000234819
-0.892741 0.277991 -0.000218561
-0.890862 0.283846 -0.00020648
-0.888789 0.290189 -0.000199038
-0.886602 0.296774 -0.000196521
-0.884384 0.30335 -0.000199028
-0.88222 0.309663 -0.00020646
-0.880195 0.315471 -0.000218533
-0.878385 0.32055 -0.000234782
-0.876861 0.324706 -0.000254584
-0.87568 0.327779 -0.000277177
-0.874888 0.32965 -0.000301693
-0.874516 0.330248 -0.000327189
-0.874578 0.329549 -0.000352687
-0.875072 0.327581 -0.000377206
-0.875978 0.32442 -0.000399804
-0.877262 0.320186 -0.000419613
-0.878874 0.315042 -0.000435871
-0.880753 0.309187 -0.000447954
-0.882825 0.302844 -0.000455397
-0.885013 0.296259 -0.000457914
-0.887231 0.289683 -0.000455409
-0.889394 0.28337 -0.000447977
-0.89142 0.277562 -0.000435905
-0.89323 0.272483 -0.000419657
-0.894754 0.268326 -0.000399856
-0.895935 0.265254 -0.000377264
-0.896727 0.263382 -0.000352748
-0.897099 0.262784 -0.000327252
-0.897037 0.263482 -0.000301754
-0.896543 0.26545 -0.000277234
-0.895637 0.268611 -0.000254636
-0.894354 0.272845 -0.000234827
-0.892742 0.277988 -0.000218568
-0.890863 0.283844 -0.000206484
-0.88879 0.290186 -0.00019904
-0.886603 0.296771 -0.000196521
-0.884385 0.303347 -0.000199026
-0.882221 0.30966 -0.000206456
-0.880196 0.315468 -0.000218527
-0.878386 0.320548 -0.000234774
-0.876861 0.324705 -0.000254575
-0.87568 0.327778 -0.000277166
-0.874889 0.329649 -0.000301682
-0.874516 0.330248 -0.000327178
-0.874578 0.32955 -0.000352676
-0.875072 0.327582 -0.000377196
-0.875977 0.324421 -0.000399795
-0.894817 0.270059 -0.000507285
-0.894768 0.270609 -0.000487252
-0.89438 0.272156 -0.000467988
-0.893667 0.274641 -0.000450235
-0.892658 0.277968 -0.000434673
-0.891391 0.28201 -0.000421903
-0.889915 0.286612 -0.000412413
-0.888286 0.291595 -0.000406569
-0.886568 0.29677 -0.000404596
-0.884825 0.301936 -0.000406568
-0.883125 0.306896 -0.000412411
-0.881534 0.311459 -0.0004219
-0.880112 0.315449 -0.00043467
-0.878914 0.318714 -0.000450231
-0.877987 0.321127 -0.000467984
-0.877365 0.322596 -0.000487247
-0.877073 0.323065 -0.000507281
-0.877122 0.322516 -0.000527314
-0.877511 0.320969 -0.000546578
-0.878223 0.318484 -0.000564332
-0.879232 0.315156 -0.000579893
-0.880499 0.311115 -0.000592665
-0.881975 0.306513 -0.000602155
-0.883604 0.30153 -0.000608
-0.885322 0.296355 -0.000609974
-0.887065 0.291189 -0.000608003
-0.888765 0.286229 -0.00060216
-0.890356 0.281666 -0.000592672
-0.891778 0.277675 -0.000579903
-0.892976 0.274411 -0.000564343
-0.893903 0.271997 -0.00054659
-0.894525 0.270528 -0.000527327
-0.894817 0.270059 -0.000507294
-0.894768 0.270608 -0.00048726
-0.89438 0.272155 -0.000467996
-0.893668 0.27464 -0.000450242
-0.892659 0.277967 -0.00043468
-0.891392 0.282008 -0.000421908
-0.889916 0.286609 -0.000412416
-0.888287 0.291593 -0.000406571
-0.886568 0.296767 -0.000404596
-0.884826 0.301934 -0.000406567
-0.883126 0.306894 -0.000412408
-0.881535 0.311457 -0.000421895
-0.880113 0.315448 -0.000434664
-0.878915 0.318713 -0.000450223
-0.877987 0.321126 -0.000467976
-0.877366 0.322596 -0.000487238
-0.877074 0.323065 -0.000507272
-0.877122 0.322516 -0.000527305
-0.87751 0.32097 -0.00054657
-0.878222 0.318485 -0.000564324
-0.879231 0.315158 -0.000579887
-0.880498 0.311116 -0.00059266
-0.881974 0.306516 -0.000602152
-0.883603 0.301532 -0.000607998
-0.885322 0.296358 -0.000609974
-0.887064 0.291191 -0.000608004
-0.888764 0.286231 -0.000602164
-0.890355 0.281668 -0.000592677
-0.891777 0.277677 -0.000579909
-0.892975 0.274412 -0.00056435
-0.893903 0.271998 -0.000546598
-0.894525 0.270528 -0.000527336
-0.894817 0.270059 -0.000507303
-0.894768 0.270608 -0.000487269
-0.89438 0.272154 -0.000468004
-0.893668 0.274638 -0.000450249
-0.892659 0.277965 -0.000434686
-0.891393 0.282007 -0.000421913
-0.889917 0.286607 -0.00041242
-0.888288 0.291591 -0.000406573
-0.886569 0.296765 -0.000404596
-0.884826 0.301932 -0.000406565
-0.883127 0.306892 -0.000412404
-0.881535 0.311455 -0.00042189
-0.880113 0.315446 -0.000434658
-0.878915 0.318711 -0.000450216
-0.877988 0.321125 -0.000467967
-0.877366 0.322596 -0.00048723
-0.877074 0.323065 -0.000507263
-0.877122 0.322517 -0.000527297
-0.87751 0.32097 -0.000546561
-0.878222 0.318486 -0.000564317
-0.879231 0.31516 -0.000579881
-0.880497 0.311118 -0.000592655
-0.881973 0.306518 -0.000602148
-0.883602 0.301534 -0.000607997
-0.885321 0.29636 -0.000609974
-0.887064 0.291193 -0.000608006
-0.888763 0.286233 -0.000602167
-0.892159 0.27834 -0.000641091
-0.892125 0.278718 -0.000627291
-0.891858 0.279784 -0.000614021
-0.891367 0.281496 -0.000601792
-0.890672 0.283788 -0.000591073
-0.889799 0.286573 -0.000582276
-0.888782 0.289742 -0.000575739
-0.88766 0.293175 -0.000571714
-0.886476 0.296739 -0.000570354
-0.885276 0.300298 -0.000571713
-0.884105 0.303715 -0.000575738
-0.883009 0.306858 -0.000582274
-0.882029 0.309607 -0.000591071
-0.881204 0.311855 -0.00060179
-0.880566 0.313518 -0.000614019
-0.880137 0.31453 -0.000627288
-0.879936 0.314853 -0.000641088
-0.87997 0.314474 -0.000654888
-0.880237 0.313408 -0.000668157
-0.880728 0.311697 -0.000680387
-0.881423 0.309405 -0.000691106
-0.882296 0.306621 -0.000699904
-0.883313 0.303451 -0.000706441
-0.884435 0.300018 -0.000710467
-0.885618 0.296454 -0.000711827
-0.886819 0.292895 -0.000710469
-0.88799 0.289478 -0.000706445
-0.889086 0.286335 -0.000699909
-0.890065 0.283586 -0.000691113
-0.89089 0.281338 -0.000680394
-0.891529 0.279675 -0.000668166
-0.891958 0.278663 -0.000654897
-0.892159 0.27834 -0.000641097
-0.892125 0.278718 -0.000627297
-0.891858 0.279784 -0.000614027
-0.891367 0.281495 -0.000601797
-0.890672 0.283787 -0.000591077
-0.8898 0.286571 -0.000582279
-0.888783 0.289741 -0.000575742
-0.887661 0.293173 -0.000571715
-0.886477 0.296738 -0.000570354
-0.885276 0.300297 -0.000571712
-0.884105 0.303713 -0.000575736
-0.883009 0.306857 -0.000582271
-0.88203 0.309605 -0.000591067
-0.881205 0.311854 -0.000601785
-0.880566 0.313517 -0.000614013
-0.880138 0.314529 -0.000627282
-0.879936 0.314853 -0.000641082
-0.87997 0.314474 -0.000654882
-0.880237 0.313409 -0.000668152
-0.880728 0.311698 -0.000680382
-0.881423 0.309406 -0.000691102
-0.882295 0.306622 -0.0006999
-0.883312 0.303453 -0.000706439
-0.884434 0.30002 -0.000710466
-0.885618 0.296456 -0.000711827
-0.886818 0.292897 -0.00071047
-0.887989 0.28948 -0.000706447
-0.889085 0.286337 -0.000699912
-0.890065 0.283588 -0.000691117
-0.89089 0.281338 -0.0006804
-0.891529 0.279676 -0.000668171
-0.889226 0.287309 -0.000723493
-0.889209 0.287502 -0.000716457
-0.889073 0.288046 -0.000709692
-0.888823 0.288918 -0.000703456
-0.888468 0.290087 -0.000697991
-0.888023 0.291507 -0.000693506
-0.887505 0.293123 -0.000690173
-0.886933 0.294873 -0.000688121
-0.886329 0.29669 -0.000687428
-0.885717 0.298505 -0.000688121
-0.88512 0.300247 -0.000690173
-0.884561 0.301849 -0.000693505
-0.884062 0.303251 -0.00069799
-0.883641 0.304397 -0.000703455
-0.883316 0.305245 -0.00070969
-0.883097 0.305761 -0.000716456
-0.882995 0.305925 -0.000723491
-0.883012 0.305732 -0.000730527
-0.883148 0.305189 -0.000737293
-0.883398 0.304316 -0.000743528
-0.883753 0.303148 -0.000748994
-0.884198 0.301728 -0.000753479
-0.884716 0.300112 -0.000756812
-0.885288 0.298362 -0.000758865
-0.885892 0.296545 -0.000759558
-0.886504 0.29473 -0.000758866
-0.887101 0.292988 -0.000756814
-0.88766 0.291386 -0.000753482
-0.888159 0.289984 -0.000748997
-0.88858 0.288838 -0.000743532
-0.888905 0.28799 -0.000737297
-0.889124 0.287474 -0.000730532
-0.886132 0.296622 -0.000751325
