-0.727249 -0.616964 -1.02574e-12
-0.694621 -0.655329 -1.00026e-12
-0.695104 -0.654469 -1.11205e-12
-0.696819 -0.652166 -1.21952e-12
-0.699703 -0.648509 -1.31872e-12
-0.703643 -0.643639 -1.40538e-12
-0.708488 -0.637741 -1.4766e-12
-0.714053 -0.631044 -1.52933e-12
-0.720122 -0.623804 -1.56214e-12
-0.726464 -0.6163 -1.57319e-12
-0.732835 -0.60882 -1.56208e-12
-0.738988 -0.601651 -1.52972e-12
-0.744689 -0.595069 -1.4766e-12
-0.749718 -0.589327 -1.40538e-12
-0.753882 -0.584646 -1.3185e-12
-0.75702 -0.581205 -1.21952e-12
-0.759012 -0.579136 -1.112e-12
-0.759782 -0.57852 -1.00026e-12
-0.7593 -0.57938 -8.88067e-13
-0.757585 -0.581682 -7.8082e-13
-0.754702 -0.585339 -6.82066e-13
-0.750762 -0.590209 -5.9508e-13
-0.745917 -0.596106 -5.2397e-13
-0.740352 -0.602803 -4.70624e-13
-0.734283 -0.610043 -4.37927e-13
-0.727941 -0.617547 -4.2738e-13
-0.721571 -0.625027 -4.38316e-13
-0.715417 -0.632196 -4.70957e-13
-0.709716 -0.638778 -5.23803e-13
-0.704687 -0.64452 -5.94913e-13
-0.700523 -0.649202 -6.81843e-13
-0.697385 -0.652644 -7.80875e-13
-0.695392 -0.654712 -8.88012e-13
-0.663154 -0.69214 -9.24816e-13
-0.6641 -0.690453 -1.1442e-12
-0.667466 -0.685936 -1.35497e-12
-0.673121 -0.678763 -1.54937e-12
-0.68085 -0.669209 -1.71974e-12
-0.690355 -0.657641 -1.85923e-12
-0.70127 -0.644504 -1.96287e-12
-0.713176 -0.630302 -2.0271e-12
-0.725616 -0.615582 -2.04853e-12
-0.738112 -0.600909 -2.02688e-12
-0.750183 -0.586847 -1.96315e-12
-0.761366 -0.573936 -1.85896e-12
-0.77123 -0.562673 -1.71918e-12
-0.779397 -0.55349 -1.54904e-12
-0.785553 -0.54674 -1.35492e-12
-0.789461 -0.542683 -1.14425e-12
-0.790972 -0.541474 -9.24594e-13
-0.790027 -0.54316 -7.05269e-13
-0.786662 -0.547676 -4.94382e-13
-0.781006 -0.554849 -3.00093e-13
-0.773278 -0.564402 -1.29841e-13
-0.763774 -0.57597 1.0103e-14
-0.752859 -0.589107 1.13853e-13
-0.740953 -0.603308 1.77802e-13
-0.728513 -0.618028 1.99507e-13
-0.716017 -0.632701 1.77802e-13
-0.703946 -0.646763 1.1402e-13
-0.692763 -0.659674 1.00475e-14
-0.682898 -0.670938 -1.29896e-13
-0.674731 -0.680122 -3.00315e-13
-0.668574 -0.686872 -4.94271e-13
-0.664665 -0.69093 -7.0538e-13
-0.663154 -0.69214 -9.24705e-13
-0.664099 -0.690454 -1.1442e-12
-0.667464 -0.685939 -1.35486e-12
-0.673118 -0.678767 -1.54921e-12
-0.680846 -0.669213 -1.7194e-12
-0.69035 -0.657646 -1.85912e-12
-0.701265 -0.64451 -1.96304e-12
-0.713171 -0.630309 -2.02699e-12
-0.725611 -0.615589 -2.04853e-12
-0.738106 -0.600915 -2.02688e-12
-0.750178 -0.586853 -1.96315e-12
-0.761361 -0.573942 -1.85929e-12
-0.771226 -0.562677 -1.71974e-12
-0.779394 -0.553493 -1.54909e-12
-0.785551 -0.546742 -1.35481e-12
-0.78946 -0.542684 -1.14408e-12
-0.790972 -0.541474 -9.2476e-13
-0.790027 -0.543158 -7.05658e-13
-0.786664 -0.547673 -4.94438e-13
-0.781009 -0.554845 -3.00315e-13
-0.773282 -0.564398 -1.29952e-13
-0.763778 -0.575964 9.88098e-15
-0.752864 -0.589101 1.14075e-13
-0.740958 -0.603302 1.7758e-13
-0.728518 -0.618021 1.99452e-13
-0.716022 -0.632695 1.77691e-13
-0.703951 -0.646757 1.14131e-13
-0.692768 -0.659669 9.88098e-15
-0.682902 -0.670934 -1.29785e-13
-0.674734 -0.680118 -3.00371e-13
-0.668576 -0.68687 -4.94604e-13
-0.634056 -0.725982 -8.02136e-13
-0.635429 -0.723533 -1.12027e-12
-0.640315 -0.716976 -1.42675e-12
-0.648526 -0.706562 -1.70858e-12
-0.659747 -0.692691 -1.95577e-12
-0.673545 -0.675897 -2.15872e-12
-0.689391 -0.656825 -2.30954e-12
-0.706677 -0.636208 -2.40241e-12
-0.724737 -0.614838 -2.43394e-12
-0.742878 -0.593536 -2.40258e-12
-0.760402 -0.573121 -2.3096e-12
-0.776637 -0.554377 -2.15861e-12
-0.790958 -0.538025 -1.95588e-12
-0.802815 -0.524693 -1.70847e-12
-0.811752 -0.514894 -1.42669e-12
-0.817426 -0.509004 -1.1201e-12
-0.819619 -0.507249 -8.02081e-13
-0.818246 -0.509696 -4.8328e-13
-0.813361 -0.516253 -1.7758e-13
-0.805151 -0.526666 1.04861e-13
-0.793931 -0.540536 3.52107e-13
-0.780133 -0.557329 5.55223e-13
-0.764287 -0.576401 7.05658e-13
-0.747002 -0.597018 7.98972e-13
-0.728942 -0.618388 8.29947e-13
-0.710801 -0.63969 7.98694e-13
-0.693276 -0.660106 7.05769e-13
-0.677041 -0.67885 5.55112e-13
-0.66272 -0.695202 3.52274e-13
-0.650862 -0.708535 1.05138e-13
-0.641925 -0.718335 -1.77247e-13
-0.63625 -0.724226 -4.83336e-13
-0.634056 -0.725982 -8.02136e-13
-0.635428 -0.723535 -1.12016e-12
-0.640312 -0.71698 -1.42614e-12
-0.648522 -0.706567 -1.70863e-12
-0.659741 -0.692698 -1.95577e-12
-0.673538 -0.675905 -2.15894e-12
-0.689384 -0.656834 -2.30965e-12
-0.706669 -0.636217 -2.40236e-12
-0.724729 -0.614847 -2.43383e-12
-0.74287 -0.593545 -2.40241e-12
-0.760395 -0.573129 -2.30965e-12
-0.77663 -0.554385 -2.15888e-12
-0.790952 -0.538032 -1.95577e-12
-0.80281 -0.524699 -1.7083e-12
-0.811749 -0.514898 -1.42658e-12
-0.817424 -0.509005 -1.1201e-12
-0.819619 -0.507249 -8.02136e-13
-0.818248 -0.509694 -4.83613e-13
-0.813364 -0.516249 -1.77636e-13
-0.805155 -0.526661 1.04694e-13
-0.793937 -0.540529 3.52274e-13
-0.78014 -0.557321 5.54723e-13
-0.764295 -0.576392 7.05602e-13
-0.74701 -0.597009 7.98583e-13
-0.72895 -0.618379 8.29947e-13
-0.710809 -0.639681 7.98528e-13
-0.693284 -0.660097 7.05602e-13
-0.677048 -0.678842 5.55167e-13
-0.662726 -0.695196 3.52163e-13
-0.650867 -0.70853 1.04861e-13
-0.641928 -0.718331 -1.77136e-13
-0.636252 -0.724224 -4.83336e-13
-0.634056 -0.725982 -8.02081e-13
-0.635427 -0.723537 -1.1196e-12
-0.64031 -0.716983 -1.42591e-12
-0.648518 -0.706573 -1.70813e-12
-0.659735 -0.692705 -1.9556e-12
-0.673532 -0.675913 -2.15855e-12
-0.689377 -0.656843 -2.30965e-12
-0.706661 -0.636226 -2.40274e-12
-0.724721 -0.614856 -2.43389e-12
-0.742862 -0.593554 -2.40252e-12
-0.760387 -0.573138 -2.30982e-12
-0.776624 -0.554393 -2.15877e-12
-0.790946 -0.538038 -1.95588e-12
-0.802806 -0.524704 -1.70847e-12
-0.811746 -0.514901 -1.42686e-12
-0.817423 -0.509007 -1.12044e-12
-0.819619 -0.507248 -8.02025e-13
-0.818249 -0.509692 -4.83558e-13
-0.813367 -0.516245 -1.7758e-13
-0.80516 -0.526655 1.0475e-13
-0.793942 -0.540522 3.51885e-13
-0.780146 -0.557314 5.54945e-13
-0.764302 -0.576384 7.05491e-13
-0.747018 -0.597 7.98306e-13
-0.728958 -0.618369 8.29781e-13
-0.710817 -0.639672 7.9875e-13
-0.693291 -0.660088 7.05769e-13
-0.608445 -0.755555 -6.36713e-13
-0.610193 -0.752439 -1.04194e-12
-0.616412 -0.744093 -1.43169e-12
-0.626863 -0.730838 -1.79085e-12
-0.641143 -0.713184 -2.10532e-12
-0.658705 -0.691809 -2.36366e-12
-0.678874 -0.667535 -2.5554e-12
-0.700874 -0.641294 -2.67364e-12
-0.723861 -0.614095 -2.71344e-12
-0.74695 -0.586983 -2.67375e-12
-0.769254 -0.560999 -2.55557e-12
-0.789917 -0.537143 -2.36322e-12
-0.808144 -0.516331 -2.10526e-12
-0.823235 -0.499363 -1.79079e-12
-0.83461 -0.486891 -1.43158e-12
-0.841832 -0.479394 -1.04211e-12
-0.844623 -0.47716 -6.36879e-13
-0.842876 -0.480276 -2.31704e-13
-0.836658 -0.488621 1.58096e-13
-0.826208 -0.501874 5.16975e-13
-0.811928 -0.519527 8.31557e-13
-0.794367 -0.540901 1.09013e-12
-0.774199 -0.565175 1.28209e-12
-0.752199 -0.591415 1.39999e-12
-0.729212 -0.618615 1.44007e-12
-0.706123 -0.645727 1.40038e-12
-0.683819 -0.671711 1.28214e-12
-0.663155 -0.695567 1.09018e-12
-0.644928 -0.71638 8.31557e-13
-0.629836 -0.733349 5.17086e-13
-0.61846 -0.745822 1.58151e-13
-0.611238 -0.753321 -2.31426e-13
-0.608446 -0.755556 -6.36713e-13
-0.610192 -0.752441 -1.04194e-12
-0.616408 -0.744098 -1.43136e-12
-0.626857 -0.730845 -1.79051e-12
-0.641136 -0.713193 -2.10504e-12
-0.658697 -0.69182 -2.36344e-12
-0.678865 -0.667546 -2.55568e-12
-0.700864 -0.641306 -2.67353e-12
-0.72385 -0.614107 -2.71377e-12
-0.74694 -0.586995 -2.67386e-12
-0.769245 -0.561011 -2.55568e-12
-0.789908 -0.537153 -2.36361e-12
-0.808137 -0.51634 -2.10543e-12
-0.823229 -0.49937 -1.7909e-12
-0.834606 -0.486896 -1.43191e-12
-0.841829 -0.479396 -1.04206e-12
-0.844622 -0.47716 -6.36713e-13
-0.842877 -0.480273 -2.31815e-13
-0.836662 -0.488616 1.5804e-13
-0.826214 -0.501867 5.1692e-13
-0.811935 -0.519518 8.31557e-13
-0.794375 -0.540891 1.09007e-12
-0.774208 -0.565164 1.28214e-12
-0.752209 -0.591404 1.40032e-12
-0.729223 -0.618602 1.44001e-12
-0.706134 -0.645715 1.40032e-12
-0.683828 -0.6717 1.28231e-12
-0.663164 -0.695557 1.09035e-12
-0.644935 -0.716372 8.32168e-13
-0.629842 -0.733343 5.17253e-13
-0.618464 -0.745818 1.58318e-13
-0.61124 -0.753318 -2.31426e-13
-0.608446 -0.755556 -6.36713e-13
-0.61019 -0.752444 -1.0415e-12
-0.616405 -0.744102 -1.43141e-12
-0.626852 -0.730852 -1.79073e-12
-0.641129 -0.713202 -2.10498e-12
-0.658689 -0.69183 -2.36339e-12
-0.678855 -0.667558 -2.55551e-12
-0.700854 -0.641318 -2.67342e-12
-0.72384 -0.614119 -2.71372e-12
-0.746929 -0.587007 -2.67375e-12
-0.769235 -0.561022 -2.55557e-12
-0.7899 -0.537163 -2.36372e-12
-0.808129 -0.516348 -2.10537e-12
-0.823223 -0.499376 -1.79107e-12
-0.834602 -0.4869 -1.43185e-12
-0.841827 -0.479398 -1.04211e-12
-0.844622 -0.47716 -6.36713e-13
-0.842879 -0.480271 -2.31926e-13
-0.836665 -0.488611 1.58096e-13
-0.826219 -0.50186 5.16864e-13
-0.811942 -0.51951 8.31502e-13
-0.794384 -0.540881 1.09002e-12
-0.774217 -0.565152 1.28203e-12
-0.752219 -0.591392 1.40027e-12
-0.729233 -0.61859 1.44001e-12
-0.706144 -0.645703 1.40016e-12
-0.683838 -0.671689 1.28231e-12
-0.663173 -0.695547 1.09013e-12
-0.644943 -0.716363 8.32168e-13
-0.629848 -0.733336 5.17641e-13
-0.618469 -0.745814 1.58262e-13
-0.611242 -0.753316 -2.31093e-13
-0.608446 -0.755556 -6.36324e-13
-0.610188 -0.752446 -1.04139e-12
-0.616401 -0.744107 -1.4313e-12
-0.626846 -0.730859 -1.79018e-12
-0.641122 -0.71321 -2.10482e-12
-0.65868 -0.69184 -2.36333e-12
-0.678846 -0.667569 -2.55518e-12
-0.700844 -0.64133 -2.67375e-12
-0.72383 -0.614131 -2.71383e-12
-0.746919 -0.587018 -2.67386e-12
-0.769225 -0.561033 -2.55579e-12
-0.789891 -0.537173 -2.364e-12
-0.808122 -0.516357 -2.1057e-12
-0.823217 -0.499383 -1.79112e-12
-0.834597 -0.486904 -1.43213e-12
-0.841825 -0.479401 -1.04222e-12
-0.844622 -0.47716 -6.37324e-13
-0.842881 -0.480268 -2.32259e-13
-0.836669 -0.488606 1.5743e-13
-0.826225 -0.501854 5.16809e-13
-0.587306 -0.779723 -4.35596e-13
-0.589362 -0.776059 -9.1227e-13
-0.596674 -0.766245 -1.37013e-12
-0.608963 -0.750659 -1.79251e-12
-0.625755 -0.7299 -2.16283e-12
-0.646406 -0.704766 -2.46625e-12
-0.670122 -0.676222 -2.69174e-12
-0.695992 -0.645366 -2.8309e-12
-0.723021 -0.613383 -2.87786e-12
-0.750171 -0.581503 -2.83107e-12
-0.776398 -0.550949 -2.69196e-12
-0.800695 -0.522898 -2.46625e-12
-0.822128 -0.498425 -2.1626e-12
-0.839873 -0.478473 -1.79246e-12
-0.853248 -0.463807 -1.37007e-12
-0.86174 -0.454991 -9.12048e-13
-0.865022 -0.452365 -4.35207e-13
-0.862968 -0.456028 4.08562e-14
-0.855656 -0.465841 4.99045e-13
-0.843369 -0.481425 9.21374e-13
-0.826577 -0.502183 1.29119e-12
-0.805927 -0.527316 1.59472e-12
-0.782212 -0.555859 1.82104e-12
-0.756343 -0.586715 1.95977e-12
-0.729314 -0.618698 2.00645e-12
-0.702164 -0.650579 1.95954e-12
-0.675936 -0.681132 1.82104e-12
-0.651639 -0.709185 1.59511e-12
-0.630205 -0.733658 1.29108e-12
-0.612459 -0.753612 9.21319e-13
-0.599083 -0.768279 4.99212e-13
-0.59059 -0.777096 4.08007e-14
-0.587307 -0.779724 -4.35374e-13
-0.58936 -0.776062 -9.11826e-13
-0.59667 -0.76625 -1.37013e-12
-0.608956 -0.750667 -1.79196e-12
-0.625747 -0.72991 -2.16255e-12
-0.646396 -0.704778 -2.46608e-12
-0.670111 -0.676236 -2.69162e-12
-0.69598 -0.64538 -2.83101e-12
-0.723009 -0.613398 -2.87781e-12
-0.750159 -0.581517 -2.83068e-12
-0.776387 -0.550962 -2.69174e-12
-0.800685 -0.522909 -2.46625e-12
-0.822119 -0.498435 -2.1626e-12
-0.839866 -0.478481 -1.79257e-12
-0.853243 -0.463812 -1.37029e-12
-0.861737 -0.454994 -9.12104e-13
-0.865022 -0.452365 -4.35818e-13
-0.86297 -0.456025 4.06342e-14
-0.855661 -0.465835 4.9899e-13
-0.843375 -0.481417 9.21097e-13
-0.826586 -0.502173 1.29102e-12
-0.805937 -0.527304 1.595e-12
-0.782223 -0.555846 1.82082e-12
-0.756354 -0.586701 1.95971e-12
-0.729326 -0.618684 2.00662e-12
-0.702176 -0.650565 1.95988e-12
-0.675947 -0.681119 1.82077e-12
-0.651649 -0.709173 1.595e-12
-0.630214 -0.733648 1.2913e-12
-0.612466 -0.753604 9.21707e-13
-0.599088 -0.768273 4.99212e-13
-0.590592 -0.777093 4.13003e-14
-0.587307 -0.779724 -4.34874e-13
-0.589358 -0.776065 -9.11937e-13
-0.596665 -0.766256 -1.36985e-12
-0.60895 -0.750675 -1.79196e-12
-0.625739 -0.729921 -2.16244e-12
-0.646386 -0.70479 -2.46608e-12
-0.6701 -0.676249 -2.69157e-12
-0.695968 -0.645394 -2.83085e-12
-0.722997 -0.613412 -2.87792e-12
-0.750147 -0.581531 -2.83096e-12
-0.776375 -0.550976 -2.69207e-12
-0.800674 -0.522921 -2.46653e-12
-0.82211 -0.498445 -2.16283e-12
-0.839859 -0.478488 -1.79284e-12
-0.853238 -0.463817 -1.37063e-12
-0.861735 -0.454997 -9.1227e-13
-0.865021 -0.452364 -4.3604e-13
-0.862972 -0.456022 4.05231e-14
-0.855665 -0.465829 4.98712e-13
-0.843382 -0.481409 9.21097e-13
-0.826594 -0.502163 1.2908e-12
-0.805947 -0.527292 1.59472e-12
-0.782234 -0.555833 1.82071e-12
-0.756366 -0.586687 1.95982e-12
-0.729338 -0.618669 2.00651e-12
-0.702188 -0.650551 1.9601e-12
-0.675959 -0.681106 1.8211e-12
-0.651659 -0.709161 1.59545e-12
-0.630223 -0.733638 1.29174e-12
-0.612473 -0.753596 9.21541e-13
-0.599092 -0.768268 4.99434e-13
-0.590595 -0.77709 4.11893e-14
-0.587307 -0.779724 -4.34819e-13
-0.589355 -0.776068 -9.11493e-13
-0.596661 -0.766262 -1.36985e-12
-0.608943 -0.750683 -1.79223e-12
-0.62573 -0.729931 -2.16205e-12
-0.646377 -0.704802 -2.46603e-12
-0.670089 -0.676262 -2.69174e-12
-0.695956 -0.645408 -2.83068e-12
-0.722985 -0.613426 -2.87786e-12
-0.750135 -0.581544 -2.8309e-12
-0.776364 -0.550989 -2.69201e-12
-0.800664 -0.522933 -2.4663e-12
-0.822101 -0.498455 -2.16288e-12
-0.839852 -0.478496 -1.79307e-12
-0.853234 -0.463823 -1.37085e-12
-0.861732 -0.454999 -9.12492e-13
-0.865021 -0.452364 -4.36262e-13
-0.862974 -0.456019 4.03566e-14
-0.855669 -0.465824 4.98435e-13
-0.843388 -0.481401 9.20874e-13
-0.826602 -0.502152 1.29069e-12
-0.805957 -0.52728 1.59484e-12
-0.782245 -0.55582 1.82054e-12
-0.756378 -0.586673 1.95977e-12
-0.72935 -0.618655 2.00673e-12
-0.702199 -0.650537 1.96015e-12
-0.67597 -0.681093 1.82093e-12
-0.651669 -0.70915 1.5955e-12
-0.630231 -0.733628 1.29152e-12
-0.61248 -0.753588 9.22096e-13
-0.599097 -0.768263 4.99822e-13
-0.590598 -0.777088 4.17444e-14
-0.587307 -0.779724 -4.34819e-13
-0.589353 -0.776071 -9.11216e-13
-0.596657 -0.766267 -1.36979e-12
-0.608937 -0.750691 -1.7919e-12
-0.625722 -0.729941 -2.16183e-12
-0.646367 -0.704814 -2.46575e-12
-0.670078 -0.676275 -2.69151e-12
-0.695945 -0.645422 -2.83079e-12
-0.571451 -0.797557 -2.0639e-13
-0.573735 -0.793485 -7.35412e-13
-0.58186 -0.782581 -1.24467e-12
-0.595515 -0.765263 -1.71368e-12
-0.614173 -0.742197 -2.12474e-12
-0.63712 -0.714269 -2.46247e-12
-0.663471 -0.682553 -2.71283e-12
-0.692216 -0.648267 -2.86732e-12
-0.722249 -0.61273 -2.91972e-12
-0.752417 -0.577306 -2.86743e-12
-0.781559 -0.543357 -2.71322e-12
-0.808556 -0.512187 -2.46253e-12
-0.832371 -0.484995 -2.12474e-12
-0.852089 -0.462825 -1.71357e-12
-0.866951 -0.446529 -1.24417e-12
-0.876386 -0.436734 -7.35134e-13
-0.880033 -0.433815 -2.06002e-13
-0.877751 -0.437886 3.23575e-13
-0.869627 -0.448789 8.32612e-13
-0.855973 -0.466105 1.30174e-12
-0.837316 -0.48917 1.71313e-12
-0.81437 -0.517097 2.05064e-12
-0.788019 -0.548812 2.30116e-12
-0.759275 -0.583097 2.4552e-12
-0.729242 -0.618635 2.50788e-12
-0.699074 -0.654059 2.45542e-12
-0.669932 -0.688008 2.30127e-12
-0.642934 -0.719179 2.05064e-12
-0.619118 -0.746372 1.7128e-12
-0.5994 -0.768543 1.30185e-12
-0.584537 -0.784841 8.32889e-13
-0.5751 -0.794637 3.23852e-13
-0.571452 -0.797557 -2.05835e-13
-0.573733 -0.793488 -7.35134e-13
-0.581856 -0.782587 -1.2445e-12
-0.595508 -0.765272 -1.7138e-12
-0.614164 -0.742208 -2.12458e-12
-0.637109 -0.714282 -2.46214e-12
-0.663459 -0.682568 -2.71311e-12
-0.692203 -0.648283 -2.86715e-12
-0.722236 -0.612746 -2.91983e-12
-0.752404 -0.577321 -2.86732e-12
-0.781547 -0.543371 -2.71283e-12
-0.808545 -0.5122 -2.46236e-12
-0.832362 -0.485006 -2.12491e-12
-0.852081 -0.462833 -1.71363e-12
-0.866945 -0.446535 -1.24456e-12
-0.876383 -0.436736 -7.35079e-13
-0.880033 -0.433815 -2.06224e-13
-0.877753 -0.437882 3.23463e-13
-0.869631 -0.448782 8.3239e-13
-0.855981 -0.466096 1.30179e-12
-0.837325 -0.489159 1.71263e-12
-0.814381 -0.517084 2.05036e-12
-0.788031 -0.548797 2.30099e-12
-0.759288 -0.583082 2.45559e-12
-0.729255 -0.618619 2.50794e-12
-0.699088 -0.654043 2.45565e-12
-0.669944 -0.687994 2.30133e-12
-0.642945 -0.719166 2.05064e-12
-0.619128 -0.746361 1.7133e-12
-0.599407 -0.768535 1.30218e-12
-0.584542 -0.784835 8.32723e-13
-0.575103 -0.794635 3.23963e-13
-0.571452 -0.797558 -2.0578e-13
-0.573731 -0.793492 -7.35023e-13
-0.581851 -0.782593 -1.24373e-12
-0.5955 -0.76528 -1.71335e-12
-0.614155 -0.742219 -2.1248e-12
-0.637098 -0.714295 -2.4622e-12
-0.663447 -0.682582 -2.71283e-12
-0.69219 -0.648298 -2.86748e-12
-0.722223 -0.612761 -2.9195e-12
-0.75239 -0.577337 -2.86732e-12
-0.781534 -0.543386 -2.713e-12
-0.808534 -0.512213 -2.46242e-12
-0.832352 -0.485017 -2.12497e-12
-0.852073 -0.462842 -1.71396e-12
-0.86694 -0.446541 -1.24484e-12
-0.876381 -0.436739 -7.35578e-13
-0.880032 -0.433815 -2.06446e-13
-0.877755 -0.437879 3.23186e-13
-0.869636 -0.448776 8.31835e-13
-0.855988 -0.466087 1.30124e-12
-0.837334 -0.489148 1.71274e-12
-0.814392 -0.51707 2.05014e-12
-0.788044 -0.548783 2.30121e-12
-0.759301 -0.583066 2.45548e-12
-0.729269 -0.618603 2.50777e-12
-0.699101 -0.654028 2.45554e-12
-0.669957 -0.687979 2.30133e-12
-0.642956 -0.719153 2.05091e-12
-0.619137 -0.74635 1.7133e-12
-0.599415 -0.768526 1.30224e-12
-0.584547 -0.784829 8.33056e-13
-0.575105 -0.794632 3.23963e-13
-0.571452 -0.797558 -2.05502e-13
-0.573728 -0.793495 -7.3469e-13
-0.581846 -0.782599 -1.24362e-12
-0.595493 -0.765289 -1.71307e-12
-0.614146 -0.742231 -2.12463e-12
-0.637087 -0.714309 -2.4622e-12
-0.663435 -0.682597 -2.71277e-12
-0.692177 -0.648314 -2.8671e-12
-0.722209 -0.612777 -2.91961e-12
-0.752377 -0.577352 -2.8676e-12
-0.781522 -0.5434 -2.71322e-12
-0.808522 -0.512226 -2.46259e-12
-0.832342 -0.485028 -2.12536e-12
-0.852066 -0.46285 -1.71396e-12
-0.866935 -0.446546 -1.24489e-12
-0.876378 -0.436742 -7.36022e-13
-0.880032 -0.433814 -2.06613e-13
-0.877757 -0.437876 3.23019e-13
-0.869641 -0.44877 8.31835e-13
-0.855995 -0.466078 1.30118e-12
-0.837343 -0.489136 1.71235e-12
-0.814403 -0.517057 2.0503e-12
-0.788056 -0.548768 2.30099e-12
-0.759314 -0.583051 2.45515e-12
-0.729282 -0.618587 2.50788e-12
-0.699114 -0.654013 2.45559e-12
-0.669969 -0.687965 2.30144e-12
-0.642968 -0.71914 2.05103e-12
-0.619147 -0.746339 1.71363e-12
-0.599423 -0.768518 1.30213e-12
-0.584553 -0.784823 8.33056e-13
-0.575108 -0.794629 3.24296e-13
-0.571453 -0.797558 -2.05058e-13
-0.573726 -0.793498 -7.34524e-13
-0.581841 -0.782606 -1.24351e-12
-0.595486 -0.765298 -1.71302e-12
-0.614136 -0.742242 -2.12419e-12
-0.637076 -0.714322 -2.46159e-12
-0.663422 -0.682612 -2.71239e-12
-0.692164 -0.648329 -2.86726e-12
-0.722196 -0.612793 -2.91966e-12
-0.752364 -0.577367 -2.86748e-12
-0.781509 -0.543415 -2.7135e-12
-0.808511 -0.512239 -2.46281e-12
-0.832333 -0.485039 -2.12513e-12
-0.852058 -0.462859 -1.7143e-12
-0.866929 -0.446552 -1.24517e-12
-0.876375 -0.436745 -7.36133e-13
-0.880032 -0.433814 -2.06835e-13
-0.87776 -0.437872 3.22797e-13
-0.869646 -0.448764 8.31779e-13
-0.856002 -0.466069 1.30079e-12
-0.837353 -0.489125 1.71257e-12
-0.814414 -0.517044 2.0498e-12
-0.788068 -0.548753 2.30066e-12
-0.56149 -0.808372 4.30211e-14
-0.563914 -0.804049 -5.19085e-13
-0.57254 -0.792472 -1.05926e-12
-0.587035 -0.774088 -1.55737e-12
-0.606843 -0.749601 -1.99368e-12
-0.631203 -0.719953 -2.35251e-12
-0.659178 -0.686283 -2.61824e-12
-0.689693 -0.649886 -2.78239e-12
-0.721576 -0.612159 -2.83767e-12
-0.753602 -0.574553 -2.78244e-12
-0.784539 -0.538513 -2.61807e-12
-0.8132 -0.505423 -2.35251e-12
-0.838482 -0.476556 -1.99363e-12
-0.859413 -0.45302 -1.55698e-12
-0.875191 -0.435721 -1.05954e-12
-0.885208 -0.425322 -5.18807e-13
-0.889079 -0.422224 4.33542e-14
-0.886656 -0.426545 6.05294e-13
-0.878032 -0.43812 1.14558e-12
-0.863538 -0.456503 1.64396e-12
-0.843731 -0.480989 2.08011e-12
-0.819372 -0.510636 2.43844e-12
-0.791397 -0.544304 2.705e-12
-0.760883 -0.580701 2.86887e-12
-0.729 -0.618428 2.92411e-12
-0.696974 -0.656034 2.86876e-12
-0.666036 -0.692075 2.70489e-12
-0.637375 -0.725165 2.43866e-12
-0.612092 -0.754034 2.08017e-12
-0.59116 -0.777571 1.64363e-12
-0.575381 -0.794872 1.14603e-12
-0.565363 -0.805272 6.05183e-13
-0.56149 -0.808372 4.34097e-14
-0.563912 -0.804052 -5.18696e-13
-0.572535 -0.792479 -1.05932e-12
-0.587028 -0.774097 -1.55692e-12
-0.606833 -0.749613 -1.99368e-12
-0.631191 -0.719967 -2.35229e-12
-0.659165 -0.686299 -2.61796e-12
-0.689679 -0.649902 -2.78244e-12
-0.721562 -0.612176 -2.83762e-12
-0.753588 -0.57457 -2.78244e-12
-0.784526 -0.538528 -2.61846e-12
-0.813188 -0.505437 -2.3524e-12
-0.838471 -0.476568 -1.99407e-12
-0.859405 -0.45303 -1.55725e-12
-0.875185 -0.435727 -1.05954e-12
-0.885205 -0.425325 -5.19418e-13
-0.889079 -0.422224 4.30211e-14
-0.886659 -0.426542 6.04794e-13
-0.878037 -0.438113 1.14531e-12
-0.863545 -0.456494 1.64363e-12
-0.84374 -0.480977 2.08017e-12
-0.819383 -0.510622 2.43844e-12
-0.791411 -0.544289 2.70473e-12
-0.760896 -0.580685 2.86843e-12
-0.729014 -0.618411 2.92411e-12
-0.696988 -0.656018 2.86854e-12
-0.666049 -0.69206 2.70517e-12
-0.637387 -0.725152 2.43888e-12
-0.612103 -0.754022 2.08056e-12
-0.591168 -0.777561 1.64424e-12
-0.575387 -0.794865 1.14592e-12
-0.565366 -0.805269 6.05738e-13
-0.56149 -0.808372 4.37983e-14
-0.563909 -0.804056 -5.18641e-13
-0.572529 -0.792486 -1.05882e-12
-0.58702 -0.774107 -1.55703e-12
-0.606824 -0.749625 -1.99352e-12
-0.63118 -0.719981 -2.35195e-12
-0.659152 -0.686315 -2.61796e-12
-0.689666 -0.649919 -2.78239e-12
-0.721548 -0.612193 -2.83745e-12
-0.753574 -0.574586 -2.78222e-12
-0.784513 -0.538544 -2.61857e-12
-0.813176 -0.505451 -2.3524e-12
-0.838461 -0.476579 -1.99402e-12
-0.859397 -0.453039 -1.55764e-12
-0.87518 -0.435733 -1.05987e-12
-0.885202 -0.425328 -5.19307e-13
-0.889079 -0.422223 4.27436e-14
-0.886661 -0.426538 6.04794e-13
-0.878042 -0.438106 1.14531e-12
-0.863553 -0.456484 1.64369e-12
-0.84375 -0.480965 2.07989e-12
-0.819395 -0.510607 2.43849e-12
-0.791424 -0.544273 2.70467e-12
-0.76091 -0.580668 2.86843e-12
-0.729028 -0.618394 2.92405e-12
-0.697002 -0.656001 2.86876e-12
-0.666063 -0.692044 2.70511e-12
-0.637399 -0.725138 2.43905e-12
-0.612113 -0.75401 2.08061e-12
-0.591176 -0.777552 1.6443e-12
-0.575392 -0.794859 1.14642e-12
-0.565369 -0.805266 6.05793e-13
-0.561491 -0.808372 4.38538e-14
-0.563907 -0.804059 -5.18197e-13
-0.572524 -0.792492 -1.05854e-12
-0.587012 -0.774116 -1.55648e-12
-0.606814 -0.749637 -1.99324e-12
-0.631168 -0.719995 -2.35156e-12
-0.659139 -0.68633 -2.61813e-12
-0.689652 -0.649935 -2.78233e-12
-0.721534 -0.61221 -2.83762e-12
-0.75356 -0.574602 -2.7825e-12
-0.7845 -0.538559 -2.61868e-12
-0.813164 -0.505465 -2.35278e-12
-0.838451 -0.476591 -1.99424e-12
-0.859389 -0.453048 -1.55803e-12
-0.875174 -0.435739 -1.05982e-12
-0.885199 -0.425331 -5.19751e-13
-0.889078 -0.422223 4.25215e-14
-0.886663 -0.426535 6.04461e-13
-0.878047 -0.4381 1.14514e-12
-0.86356 -0.456475 1.6433e-12
-0.84376 -0.480953 2.07967e-12
-0.819407 -0.510593 2.43816e-12
-0.791437 -0.544258 2.70445e-12
-0.760924 -0.580652 2.86865e-12
-0.729042 -0.618378 2.92411e-12
-0.697016 -0.655985 2.86898e-12
-0.666076 -0.692029 2.70489e-12
-0.637411 -0.725124 2.4391e-12
-0.612123 -0.753999 2.08078e-12
-0.591184 -0.777543 1.64457e-12
-0.575398 -0.794853 1.14658e-12
-0.565372 -0.805263 6.06182e-13
-0.561491 -0.808373 4.38538e-14
-0.563904 -0.804063 -5.18252e-13
-0.572519 -0.792499 -1.05843e-12
-0.587005 -0.774126 -1.55675e-12
-0.606804 -0.749649 -1.99324e-12
-0.631156 -0.720009 -2.35167e-12
-0.659126 -0.686346 -2.61791e-12
-0.689638 -0.649952 -2.78211e-12
-0.72152 -0.612226 -2.83762e-12
-0.753546 -0.574619 -2.78261e-12
-0.784486 -0.538574 -2.61857e-12
-0.813152 -0.505479 -2.3524e-12
-0.83844 -0.476603 -1.99457e-12
-0.859381 -0.453057 -1.5582e-12
-0.875168 -0.435746 -1.06026e-12
-0.885196 -0.425334 -5.19695e-13
-0.889078 -0.422223 4.2244e-14
-0.886666 -0.426531 6.04183e-13
-0.878052 -0.438093 1.14486e-12
-0.863568 -0.456465 1.64269e-12
-0.84377 -0.480941 2.07973e-12
-0.819418 -0.510579 2.43816e-12
-0.79145 -0.544242 2.70445e-12
-0.760938 -0.580636 2.86859e-12
-0.729056 -0.618361 2.92416e-12
-0.69703 -0.655969 2.86909e-12
-0.666089 -0.692013 2.70556e-12
-0.637423 -0.72511 2.4391e-12
-0.612134 -0.753987 2.08089e-12
-0.591192 -0.777534 1.64457e-12
-0.575404 -0.794847 1.14664e-12
-0.565375 -0.80526 6.06348e-13
-0.557804 -0.811751 3.02147e-13
-0.560276 -0.807343 -2.71061e-13
-0.569071 -0.79554 -8.22065e-13
-0.58385 -0.776795 -1.32988e-12
-0.604046 -0.751829 -1.77497e-12
-0.628883 -0.7216 -2.14012e-12
-0.657406 -0.68727 -2.41163e-12
-0.68852 -0.65016 -2.57883e-12
-0.721028 -0.611694 -2.63523e-12
-0.753681 -0.573351 -2.57849e-12
-0.785224 -0.536604 -2.41157e-12
-0.814446 -0.502867 -2.14001e-12
-0.840224 -0.473434 -1.77469e-12
-0.861566 -0.449437 -1.32966e-12
-0.877652 -0.431798 -8.21676e-13
-0.887865 -0.421196 -2.7095e-13
-0.891813 -0.418037 3.02314e-13
-0.889342 -0.422443 8.75022e-13
-0.880549 -0.434244 1.42669e-12
-0.865771 -0.452988 1.93423e-12
-0.845575 -0.477953 2.3791e-12
-0.820739 -0.508181 2.74425e-12
-0.792217 -0.542509 3.01614e-12
-0.761104 -0.57962 3.18334e-12
-0.728596 -0.618085 3.23946e-12
-0.695943 -0.656428 3.18306e-12
-0.664399 -0.693175 3.0162e-12
-0.635177 -0.726914 2.74464e-12
-0.609398 -0.756348 2.37943e-12
-0.588055 -0.780346 1.93412e-12
-0.571967 -0.797986 1.4263e-12
-0.561753 -0.808591 8.753e-13
-0.557804 -0.811751 3.02314e-13
-0.560273 -0.807347 -2.70728e-13
-0.569065 -0.795547 -8.21787e-13
-0.583842 -0.776805 -1.32971e-12
-0.604036 -0.751841 -1.77502e-12
-0.628871 -0.721614 -2.14012e-12
-0.657393 -0.687286 -2.41135e-12
-0.688506 -0.650177 -2.5786e-12
-0.721013 -0.611711 -2.63517e-12
-0.753666 -0.573368 -2.57888e-12
-0.785211 -0.53662 -2.41129e-12
-0.814434 -0.502881 -2.14012e-12
-0.840213 -0.473445 -1.77502e-12
-0.861557 -0.449446 -1.33016e-12
-0.877646 -0.431804 -8.21843e-13
-0.887862 -0.421199 -2.70894e-13
-0.891812 -0.418036 3.02203e-13
-0.889345 -0.422439 8.75022e-13
-0.880554 -0.434237 1.42614e-12
-0.865778 -0.452978 1.93384e-12
-0.845585 -0.477941 2.37915e-12
-0.820751 -0.508166 2.74442e-12
-0.79223 -0.542494 3.01598e-12
-0.761118 -0.579603 3.18329e-12
-0.728611 -0.618068 3.23941e-12
-0.695957 -0.656412 3.18306e-12
-0.664413 -0.69316 3.01614e-12
-0.635189 -0.7269 2.74453e-12
-0.609409 -0.756336 2.37921e-12
-0.588064 -0.780337 1.93429e-12
-0.571973 -0.79798 1.42669e-12
-0.561756 -0.808587 8.75522e-13
-0.557805 -0.811751 3.02758e-13
-0.560271 -0.807351 -2.7045e-13
-0.56906 -0.795554 -8.21232e-13
-0.583835 -0.776815 -1.32949e-12
-0.604026 -0.751853 -1.77458e-12
-0.62886 -0.721628 -2.14007e-12
-0.65738 -0.687302 -2.41129e-12
-0.688491 -0.650193 -2.57855e-12
-0.720999 -0.611728 -2.63506e-12
-0.753652 -0.573384 -2.57872e-12
-0.785197 -0.536636 -2.41168e-12
-0.814422 -0.502895 -2.14029e-12
-0.840203 -0.473457 -1.77525e-12
-0.861549 -0.449455 -1.33027e-12
-0.877641 -0.431811 -8.22065e-13
-0.887859 -0.421202 -2.71061e-13
-0.891812 -0.418036 3.02092e-13
-0.889347 -0.422435 8.74856e-13
-0.880559 -0.434231 1.42586e-12
-0.865786 -0.452968 1.93368e-12
-0.845595 -0.477928 2.37893e-12
-0.820763 -0.508152 2.74408e-12
-0.792243 -0.542478 3.01575e-12
-0.761132 -0.579586 3.18318e-12
-0.728625 -0.618051 3.23952e-12
-0.695972 -0.656395 3.18306e-12
-0.664426 -0.693144 3.0162e-12
-0.635201 -0.726886 2.74475e-12
-0.609419 -0.756324 2.37971e-12
-0.588072 -0.780328 1.93462e-12
-0.571979 -0.797974 1.42691e-12
-0.561759 -0.808584 8.7591e-13
-0.557805 -0.811752 3.03257e-13
-0.560268 -0.807354 -2.70284e-13
-0.569055 -0.795561 -8.21343e-13
-0.583827 -0.776824 -1.32921e-12
-0.604016 -0.751865 -1.77436e-12
-0.628848 -0.721643 -2.13984e-12
-0.657367 -0.687318 -2.41135e-12
-0.688477 -0.65021 -2.57849e-12
-0.720984 -0.611745 -2.63478e-12
-0.753638 -0.573401 -2.57883e-12
-0.785184 -0.536651 -2.41157e-12
-0.81441 -0.502909 -2.14062e-12
-0.840192 -0.473469 -1.77519e-12
-0.861541 -0.449465 -1.33044e-12
-0.877635 -0.431817 -8.22564e-13
-0.887856 -0.421205 -2.71505e-13
-0.891812 -0.418036 3.01648e-13
-0.88935 -0.422432 8.74467e-13
-0.880564 -0.434224 1.42558e-12
-0.865794 -0.452959 1.93345e-12
-0.845605 -0.477916 2.37882e-12
-0.820775 -0.508138 2.74436e-12
-0.792257 -0.542462 3.01559e-12
-0.761146 -0.579569 3.18279e-12
-0.72864 -0.618034 3.23952e-12
-0.695986 -0.656378 3.18318e-12
-0.66444 -0.693128 3.01642e-12
-0.635213 -0.726872 2.7448e-12
-0.60943 -0.756313 2.37982e-12
-0.58808 -0.780319 1.93484e-12
-0.571985 -0.797968 1.4273e-12
-0.561762 -0.808581 8.76521e-13
-0.557805 -0.811752 3.03257e-13
-0.560266 -0.807358 -2.69784e-13
-0.56905 -0.795567 -8.2101e-13
-0.583819 -0.776834 -1.32927e-12
-0.604006 -0.751878 -1.77408e-12
-0.628836 -0.721657 -2.13957e-12
-0.657353 -0.687334 -2.41107e-12
-0.688463 -0.650227 -2.57877e-12
-0.72097 -0.611762 -2.63489e-12
-0.753624 -0.573418 -2.57872e-12
-0.78517 -0.536667 -2.41174e-12
-0.814397 -0.502923 -2.14084e-12
-0.840182 -0.473481 -1.77575e-12
-0.861532 -0.449474 -1.33055e-12
-0.877629 -0.431823 -8.22842e-13
-0.887853 -0.421208 -2.71616e-13
-0.891811 -0.418036 3.0137e-13
-0.889352 -0.422428 8.74356e-13
-0.88057 -0.434217 1.42536e-12
-0.865802 -0.452949 1.93323e-12
-0.845615 -0.477904 2.37832e-12
-0.820787 -0.508123 2.74392e-12
-0.79227 -0.542446 3.01564e-12
-0.761161 -0.579552 3.18306e-12
-0.728654 -0.618017 3.23969e-12
-0.696 -0.656362 3.18318e-12
-0.664453 -0.693113 3.01648e-12
-0.635225 -0.726858 2.74525e-12
-0.60944 -0.756301 2.38015e-12
-0.588089 -0.780309 1.93473e-12
-0.571991 -0.797961 1.42752e-12
-0.561765 -0.808578 8.7641e-13
-0.557806 -0.811752 3.03535e-13
-0.560263 -0.807361 -2.70062e-13
-0.569044 -0.795574 -8.2101e-13
-0.560536 -0.807565 5.61495e-13
-0.56296 -0.803243 -8.32667e-16
-0.571586 -0.791666 -5.41456e-13
-0.586082 -0.773281 -1.03917e-12
-0.60589 -0.748794 -1.47582e-12
-0.63025 -0.719146 -1.83431e-12
-0.658225 -0.685476 -2.10038e-12
-0.688741 -0.649078 -2.26447e-12
-0.720624 -0.611351 -2.31964e-12
-0.75265 -0.573745 -2.26419e-12
-0.783588 -0.537704 -2.1001e-12
-0.812248 -0.504615 -1.83403e-12
-0.83753 -0.475747 -1.47582e-12
-0.858462 -0.452211 -1.03889e-12
-0.87424 -0.434912 -5.41234e-13
-0.884257 -0.424513 -6.66134e-16
-0.888128 -0.421414 5.61384e-13
-0.885705 -0.425736 1.12338e-12
-0.877081 -0.43731 1.66384e-12
-0.862587 -0.455694 2.16205e-12
-0.842779 -0.48018 2.59859e-12
-0.81842 -0.509827 2.95691e-12
-0.790446 -0.543496 3.22309e-12
-0.759931 -0.579893 3.38712e-12
-0.728047 -0.61762 3.44247e-12
-0.696021 -0.655227 3.38718e-12
-0.665083 -0.691268 3.22298e-12
-0.636422 -0.724358 2.95691e-12
-0.611139 -0.753227 2.59848e-12
-0.590206 -0.776764 2.16199e-12
-0.574427 -0.794065 1.66372e-12
-0.564409 -0.804466 1.12355e-12
-0.560536 -0.807566 5.61329e-13
-0.562958 -0.803246 -6.10623e-16
-0.571581 -0.791673 -5.41067e-13
-0.586074 -0.773291 -1.03906e-12
-0.60588 -0.748806 -1.4756e-12
-0.630238 -0.71916 -1.83431e-12
-0.658212 -0.685492 -2.10026e-12
-0.688727 -0.649095 -2.26419e-12
-0.72061 -0.611368 -2.31948e-12
-0.752636 -0.573761 -2.2643e-12
-0.783574 -0.53772 -2.10038e-12
-0.812236 -0.504628 -1.83448e-12
-0.83752 -0.475759 -1.47621e-12
-0.858454 -0.45222 -1.03967e-12
-0.874234 -0.434918 -5.41511e-13
-0.884254 -0.424516 -8.32667e-16
-0.888128 -0.421414 5.61218e-13
-0.885708 -0.425732 1.12316e-12
-0.877086 -0.437304 1.66361e-12
-0.862594 -0.455684 2.16149e-12
-0.842789 -0.480168 2.59831e-12
-0.818432 -0.509813 2.95686e-12
-0.790459 -0.54348 3.22298e-12
-0.759944 -0.579877 3.3869e-12
-0.728062 -0.617603 3.44236e-12
-0.696035 -0.65521 3.38712e-12
-0.665097 -0.691252 3.22325e-12
-0.636434 -0.724345 2.95686e-12
-0.61115 -0.753215 2.59853e-12
-0.590214 -0.776755 2.16227e-12
-0.574433 -0.794059 1.66422e-12
-0.564412 -0.804463 1.1236e-12
-0.560537 -0.807566 5.61606e-13
-0.562956 -0.80325 -3.88578e-16
-0.571576 -0.791679 -5.40956e-13
-0.586067 -0.7733 -1.03856e-12
-0.60587 -0.748818 -1.47565e-12
-0.630227 -0.719174 -1.83376e-12
-0.658199 -0.685507 -2.10026e-12
-0.688713 -0.649111 -2.26452e-12
-0.720596 -0.611385 -2.31959e-12
-0.752622 -0.573778 -2.26413e-12
-0.783561 -0.537735 -2.1006e-12
-0.812224 -0.504642 -1.8342e-12
-0.83751 -0.47577 -1.47587e-12
-0.858446 -0.452229 -1.0395e-12
-0.874229 -0.434924 -5.41622e-13
-0.884251 -0.424519 -9.99201e-16
-0.888128 -0.421414 5.6094e-13
-0.88571 -0.425729 1.1231e-12
-0.877091 -0.437297 1.66328e-12
-0.862602 -0.455675 2.1616e-12
-0.842799 -0.480156 2.59825e-12
-0.818444 -0.509799 2.95663e-12
-0.790472 -0.543465 3.22292e-12
-0.759958 -0.57986 3.38701e-12
-0.728076 -0.617587 3.44247e-12
-0.696049 -0.655194 3.38701e-12
-0.66511 -0.691237 3.22331e-12
-0.636446 -0.724331 2.95708e-12
-0.61116 -0.753204 2.59887e-12
-0.590222 -0.776746 2.16227e-12
-0.574439 -0.794053 1.66417e-12
-0.564415 -0.80446 1.12371e-12
-0.560537 -0.807566 5.61995e-13
-0.562953 -0.803253 -2.22045e-16
-0.571571 -0.791686 -5.40679e-13
-0.586059 -0.77331 -1.03856e-12
-0.605861 -0.74883 -1.47532e-12
-0.630215 -0.719188 -1.83381e-12
-0.658186 -0.685523 -2.09999e-12
-0.688699 -0.649128 -2.26452e-12
-0.720582 -0.611402 -2.31959e-12
-0.752608 -0.573794 -2.26441e-12
-0.783548 -0.537751 -2.10065e-12
-0.812212 -0.504656 -1.8347e-12
-0.837499 -0.475782 -1.47632e-12
-0.858438 -0.452239 -1.03945e-12
-0.874223 -0.43493 -5.41789e-13
-0.884248 -0.424522 -1.4988e-15
-0.888127 -0.421414 5.60885e-13
-0.885713 -0.425725 1.12255e-12
-0.877096 -0.43729 1.6635e-12
-0.862609 -0.455665 2.16138e-12
-0.842809 -0.480144 2.59798e-12
-0.818455 -0.509785 2.95669e-12
-0.790485 -0.543449 3.22276e-12
-0.759972 -0.579844 3.38668e-12
-0.72809 -0.61757 3.44258e-12
-0.696063 -0.655178 3.38696e-12
-0.665123 -0.691222 3.22342e-12
-0.636458 -0.724317 2.95736e-12
-0.61117 -0.753192 2.59931e-12
-0.590231 -0.776737 2.16266e-12
-0.574444 -0.794047 1.66461e-12
-0.564418 -0.804457 1.12405e-12
-0.560537 -0.807566 5.62328e-13
-0.562951 -0.803257 5.55112e-17
-0.571566 -0.791693 -5.40068e-13
-0.586051 -0.773319 -1.03828e-12
-0.605851 -0.748842 -1.47482e-12
-0.630203 -0.719202 -1.83376e-12
-0.658173 -0.685538 -2.09999e-12
-0.688685 -0.649144 -2.26397e-12
-0.720567 -0.611418 -2.31981e-12
-0.752594 -0.573811 -2.26441e-12
-0.783535 -0.537766 -2.10082e-12
-0.8122 -0.50467 -1.83448e-12
-0.837489 -0.475794 -1.47643e-12
-0.85843 -0.452248 -1.03983e-12
-0.874217 -0.434936 -5.42011e-13
-0.884245 -0.424525 -1.44329e-15
-0.888127 -0.421413 5.6033e-13
-0.885715 -0.425722 1.12244e-12
-0.877101 -0.437284 1.66284e-12
-0.862617 -0.455656 2.16088e-12
-0.842819 -0.480132 2.59781e-12
-0.818467 -0.509771 2.95636e-12
-0.790498 -0.543434 3.22237e-12
-0.759986 -0.579827 3.3869e-12
-0.728104 -0.617553 3.4423e-12
-0.696077 -0.655161 3.38729e-12
-0.665136 -0.691206 3.22342e-12
-0.63647 -0.724303 2.95747e-12
-0.61118 -0.75318 2.59925e-12
-0.590239 -0.776728 2.16294e-12
-0.57445 -0.794041 1.66456e-12
-0.564421 -0.804454 1.12449e-12
-0.569581 -0.795976 8.10296e-13
-0.571865 -0.791904 2.80942e-13
-0.57999 -0.780999 -2.28206e-13
-0.593644 -0.763681 -6.97387e-13
-0.612304 -0.740614 -1.1085e-12
-0.63525 -0.712686 -1.44595e-12
-0.661602 -0.68097 -1.6967e-12
-0.690348 -0.646683 -1.85113e-12
-0.720381 -0.611145 -1.90309e-12
-0.750549 -0.57572 -1.85119e-12
-0.779692 -0.541771 -1.6967e-12
-0.80669 -0.510601 -1.44623e-12
-0.830505 -0.483408 -1.10822e-12
-0.850223 -0.461237 -6.97054e-13
-0.865085 -0.444941 -2.28206e-13
-0.874521 -0.435146 2.81275e-13
-0.878168 -0.432227 8.10518e-13
-0.875885 -0.436298 1.34004e-12
-0.867761 -0.447201 1.84897e-12
-0.854108 -0.464518 2.31809e-12
-0.83545 -0.487583 2.72959e-12
-0.812504 -0.51551 3.06699e-12
-0.786152 -0.547226 3.31768e-12
-0.757408 -0.581512 3.47256e-12
-0.727374 -0.61705 3.5244e-12
-0.697206 -0.652475 3.472e-12
-0.668063 -0.686425 3.31768e-12
-0.641064 -0.717596 3.06688e-12
-0.617248 -0.74479 2.72965e-12
-0.59753 -0.766961 2.31798e-12
-0.582666 -0.783259 1.84897e-12
-0.573229 -0.793056 1.34004e-12
-0.569581 -0.795976 8.10518e-13
-0.571862 -0.791907 2.81164e-13
-0.579985 -0.781005 -2.2804e-13
-0.593637 -0.76369 -6.96943e-13
-0.612294 -0.740626 -1.10822e-12
-0.635239 -0.712699 -1.44595e-12
-0.66159 -0.680984 -1.69664e-12
-0.690335 -0.646699 -1.85102e-12
-0.720368 -0.611161 -1.90303e-12
-0.750536 -0.575736 -1.8513e-12
-0.77968 -0.541785 -1.69675e-12
-0.806679 -0.510614 -1.44612e-12
-0.830496 -0.483419 -1.10845e-12
-0.850215 -0.461246 -6.97498e-13
-0.86508 -0.444947 -2.28206e-13
-0.874518 -0.435149 2.80609e-13
-0.878168 -0.432227 8.10241e-13
-0.875888 -0.436294 1.33965e-12
-0.867766 -0.447195 1.84874e-12
-0.854115 -0.464509 2.31787e-12
-0.835459 -0.487572 2.72948e-12
-0.812515 -0.515497 3.06705e-12
-0.786165 -0.547212 3.31762e-12
-0.757421 -0.581497 3.47233e-12
-0.727387 -0.617034 3.52429e-12
-0.697219 -0.65246 3.47217e-12
-0.668075 -0.686411 3.31807e-12
-0.641076 -0.717583 3.06705e-12
-0.617258 -0.744779 2.72954e-12
-0.597537 -0.766953 2.31815e-12
-0.582671 -0.783253 1.84935e-12
-0.573232 -0.793053 1.34015e-12
-0.569581 -0.795976 8.10962e-13
-0.57186 -0.79191 2.81386e-13
-0.57998 -0.781011 -2.27818e-13
-0.59363 -0.763699 -6.96887e-13
-0.612285 -0.740637 -1.10834e-12
-0.635228 -0.712713 -1.44612e-12
-0.661578 -0.680999 -1.69664e-12
-0.690322 -0.646714 -1.85107e-12
-0.720355 -0.611177 -1.90331e-12
-0.750523 -0.575751 -1.85124e-12
-0.779667 -0.5418 -1.6967e-12
-0.806667 -0.510627 -1.44618e-12
-0.830486 -0.48343 -1.10884e-12
-0.850208 -0.461255 -6.97498e-13
-0.865075 -0.444953 -2.28484e-13
-0.874515 -0.435151 2.80942e-13
-0.878167 -0.432227 8.10019e-13
-0.87589 -0.436291 1.33965e-12
-0.867771 -0.447188 1.84835e-12
-0.854122 -0.4645 2.31776e-12
-0.835468 -0.487561 2.72937e-12
-0.812526 -0.515484 3.06671e-12
-0.786177 -0.547197 3.31768e-12
-0.757434 -0.581481 3.47233e-12
-0.727401 -0.617019 3.52418e-12
-0.697232 -0.652444 3.47233e-12
-0.668088 -0.686396 3.31812e-12
-0.641087 -0.71757 3.06694e-12
-0.617268 -0.744768 2.72976e-12
-0.597545 -0.766944 2.3187e-12
-0.582677 -0.783247 1.84941e-12
-0.573235 -0.79305 1.34054e-12
-0.569582 -0.795977 8.1124e-13
-0.571858 -0.791914 2.8183e-13
-0.579975 -0.781018 -2.2754e-13
-0.593623 -0.763708 -6.96498e-13
-0.612276 -0.740648 -1.10822e-12
-0.635217 -0.712726 -1.44568e-12
-0.661566 -0.681014 -1.69637e-12
-0.690309 -0.64673 -1.85113e-12
-0.720341 -0.611192 -1.90331e-12
-0.75051 -0.575767 -1.85141e-12
-0.779655 -0.541814 -1.69692e-12
-0.806656 -0.51064 -1.44634e-12
-0.830476 -0.483441 -1.10889e-12
-0.8502 -0.461263 -6.97664e-13
-0.865069 -0.444959 -2.28872e-13
-0.874513 -0.435154 2.80442e-13
-0.878167 -0.432226 8.09797e-13
-0.875892 -0.436288 1.33915e-12
-0.867776 -0.447182 1.8483e-12
-0.854129 -0.464491 2.31759e-12
-0.835478 -0.487549 2.72893e-12
-0.812537 -0.515471 3.06644e-12
-0.786189 -0.547182 3.31751e-12
-0.757447 -0.581465 3.47217e-12
-0.727414 -0.617003 3.52435e-12
-0.697246 -0.652429 3.47267e-12
-0.6681 -0.686382 3.31812e-12
-0.641098 -0.717557 3.06716e-12
-0.617277 -0.744757 2.72993e-12
-0.597553 -0.766936 2.3187e-12
-0.582682 -0.783242 1.84974e-12
-0.573238 -0.793047 1.34054e-12
-0.569582 -0.795977 8.11462e-13
-0.571855 -0.791917 2.81775e-13
-0.579971 -0.781024 -2.27374e-13
-0.593616 -0.763717 -6.96443e-13
-0.612267 -0.74066 -1.108e-12
-0.635206 -0.712739 -1.4454e-12
-0.661553 -0.681028 -1.69653e-12
-0.690295 -0.646745 -1.85091e-12
-0.720328 -0.611208 -1.90331e-12
-0.750497 -0.575782 -1.8513e-12
-0.779642 -0.541829 -1.69681e-12
-0.806645 -0.510653 -1.44657e-12
-0.830467 -0.483452 -1.10917e-12
-0.850192 -0.461272 -6.97942e-13
-0.865064 -0.444965 -2.2915e-13
-0.87451 -0.435157 2.8022e-13
-0.878167 -0.432226 8.09575e-13
-0.875895 -0.436284 1.33915e-12
-0.867781 -0.447176 1.84813e-12
-0.854137 -0.464482 2.31709e-12
-0.835487 -0.487538 2.72865e-12
-0.812548 -0.515457 3.06655e-12
-0.786201 -0.547168 3.31735e-12
-0.584591 -0.777428 1.04e-12
-0.586646 -0.773763 5.63716e-13
-0.593959 -0.763949 1.05027e-13
-0.606248 -0.748362 -3.16913e-13
-0.623041 -0.727603 -6.87006e-13
-0.643692 -0.702468 -9.90819e-13
-0.667409 -0.673924 -1.21625e-12
-0.693279 -0.643067 -1.35547e-12
-0.720309 -0.611083 -1.40216e-12
-0.747459 -0.579201 -1.35547e-12
-0.773688 -0.548647 -1.21614e-12
-0.797985 -0.520594 -9.90596e-13
-0.819419 -0.496121 -6.86839e-13
-0.837164 -0.476168 -3.1658e-13
-0.85054 -0.461502 1.05527e-13
-0.859032 -0.452686 5.63438e-13
-0.862314 -0.45006 1.04017e-12
-0.86026 -0.453723 1.51662e-12
-0.852948 -0.463536 1.9747e-12
-0.840661 -0.479121 2.39697e-12
-0.823869 -0.499879 2.76718e-12
-0.803218 -0.525013 3.07065e-12
-0.779502 -0.553557 3.29625e-12
-0.753632 -0.584414 3.43575e-12
-0.726602 -0.616397 3.48255e-12
-0.699451 -0.648279 3.43575e-12
-0.673223 -0.678834 3.29636e-12
-0.648925 -0.706887 3.07071e-12
-0.627491 -0.731361 2.76723e-12
-0.609744 -0.751315 2.39686e-12
-0.596367 -0.765983 1.97492e-12
-0.587874 -0.7748 1.51662e-12
-0.584591 -0.777428 1.04022e-12
-0.586644 -0.773766 5.63549e-13
-0.593954 -0.763954 1.05471e-13
-0.606241 -0.74837 -3.16858e-13
-0.623032 -0.727613 -6.86673e-13
-0.643682 -0.70248 -9.9043e-13
-0.667398 -0.673937 -1.21636e-12
-0.693267 -0.643081 -1.3553e-12
-0.720297 -0.611097 -1.4021e-12
-0.747448 -0.579215 -1.3553e-12
-0.773676 -0.54866 -1.21653e-12
-0.797975 -0.520606 -9.90652e-13
-0.81941 -0.496131 -6.87006e-13
-0.837157 -0.476176 -3.16969e-13
-0.850535 -0.461507 1.05083e-13
-0.85903 -0.452689 5.6366e-13
-0.862314 -0.450059 1.04011e-12
-0.860262 -0.45372 1.51634e-12
-0.852953 -0.46353 1.97453e-12
-0.840667 -0.479113 2.39692e-12
-0.823877 -0.499869 2.76718e-12
-0.803228 -0.525001 3.07077e-12
-0.779513 -0.553544 3.2962e-12
-0.753644 -0.5844 3.43547e-12
-0.726614 -0.616383 3.48238e-12
-0.699463 -0.648265 3.43575e-12
-0.673234 -0.678821 3.29675e-12
-0.648935 -0.706875 3.07099e-12
-0.627499 -0.731351 2.76734e-12
-0.609751 -0.751307 2.39708e-12
-0.596372 -0.765977 1.97498e-12
-0.587877 -0.774797 1.51701e-12
-0.584591 -0.777428 1.04028e-12
-0.586642 -0.773769 5.63993e-13
-0.59395 -0.76396 1.05693e-13
-0.606235 -0.748379 -3.16414e-13
-0.623024 -0.727623 -6.86506e-13
-0.643672 -0.702492 -9.90596e-13
-0.667387 -0.67395 -1.21597e-12
-0.693256 -0.643095 -1.3553e-12
-0.720285 -0.611111 -1.40205e-12
-0.747436 -0.579229 -1.35536e-12
-0.773665 -0.548673 -1.2163e-12
-0.797965 -0.520618 -9.91152e-13
-0.819401 -0.496141 -6.87173e-13
-0.83715 -0.476184 -3.17191e-13
-0.85053 -0.461513 1.05138e-13
-0.859027 -0.452691 5.63383e-13
-0.862314 -0.450059 1.03978e-12
-0.860264 -0.453717 1.51629e-12
-0.852957 -0.463525 1.97442e-12
-0.840673 -0.479105 2.39636e-12
-0.823885 -0.499859 2.76673e-12
-0.803238 -0.524989 3.07071e-12
-0.779524 -0.553531 3.29625e-12
-0.753655 -0.584386 3.43547e-12
-0.726626 -0.616369 3.48266e-12
-0.699475 -0.648251 3.43586e-12
-0.673245 -0.678808 3.29653e-12
-0.648945 -0.706864 3.0711e-12
-0.627508 -0.731341 2.76751e-12
-0.609758 -0.7513 2.39747e-12
-0.596377 -0.765972 1.97481e-12
-0.587879 -0.774795 1.51701e-12
-0.584591 -0.777428 1.0405e-12
-0.58664 -0.773772 5.63938e-13
-0.593946 -0.763966 1.05804e-13
-0.606228 -0.748387 -3.16247e-13
-0.623016 -0.727634 -6.86562e-13
-0.643662 -0.702504 -9.90263e-13
-0.667376 -0.673963 -1.21614e-12
-0.693244 -0.643109 -1.35558e-12
-0.720273 -0.611125 -1.40205e-12
-0.747424 -0.579243 -1.35564e-12
-0.773654 -0.548686 -1.21642e-12
-0.797955 -0.520629 -9.90874e-13
-0.819392 -0.496151 -6.87339e-13
-0.837143 -0.476191 -3.16913e-13
-0.850526 -0.461518 1.04639e-13
-0.859024 -0.452694 5.62939e-13
-0.862313 -0.450059 1.03956e-12
-0.860266 -0.453714 1.51595e-12
-0.852961 -0.463519 1.9742e-12
-0.84068 -0.479097 2.39653e-12
-0.823894 -0.499849 2.76668e-12
-0.803247 -0.524977 3.07054e-12
-0.779535 -0.553517 3.29625e-12
-0.753667 -0.584372 3.43542e-12
-0.726638 -0.616355 3.4826e-12
-0.699487 -0.648237 3.43559e-12
-0.673257 -0.678795 3.29681e-12
-0.648955 -0.706852 3.07082e-12
-0.627517 -0.731331 2.76756e-12
-0.609765 -0.751292 2.39764e-12
-0.596382 -0.765967 1.97548e-12
-0.587882 -0.774792 1.51751e-12
-0.584592 -0.777428 1.04106e-12
-0.586638 -0.773775 5.64382e-13
-0.593941 -0.763971 1.06415e-13
-0.606222 -0.748395 -3.15914e-13
-0.623007 -0.727644 -6.86673e-13
-0.643653 -0.702516 -9.90208e-13
-0.667365 -0.673977 -1.21603e-12
-0.693232 -0.643123 -1.35536e-12
-0.604989 -0.752633 1.24101e-12
-0.606737 -0.749517 8.36109e-13
-0.612956 -0.74117 4.46254e-13
-0.623407 -0.727915 8.74301e-14
-0.637688 -0.71026 -2.27429e-13
-0.655251 -0.688885 -4.85723e-13
-0.675421 -0.664609 -6.77458e-13
-0.697422 -0.638367 -7.9603e-13
-0.720409 -0.611167 -8.3572e-13
-0.743499 -0.584054 -7.95752e-13
-0.765805 -0.558069 -6.77458e-13
-0.786468 -0.534212 -4.85834e-13
-0.804696 -0.513399 -2.27429e-13
-0.819788 -0.49643 8.75411e-14
-0.831163 -0.483957 4.46698e-13
-0.838385 -0.47646 8.36275e-13
-0.841176 -0.474226 1.24128e-12
-0.839429 -0.477342 1.64635e-12
-0.833211 -0.485687 2.03593e-12
-0.822761 -0.498941 2.3952e-12
-0.808481 -0.516595 2.71005e-12
-0.790918 -0.53797 2.96813e-12
-0.770749 -0.562245 3.15986e-12
-0.748748 -0.588486 3.27843e-12
-0.725761 -0.615687 3.31851e-12
-0.702671 -0.6428 3.27849e-12
-0.680365 -0.668785 3.16047e-12
-0.659701 -0.692643 2.96829e-12
-0.641473 -0.713456 2.71022e-12
-0.62638 -0.730426 2.3952e-12
-0.615004 -0.7429 2.0362e-12
-0.607781 -0.750399 1.64679e-12
-0.604989 -0.752634 1.24101e-12
-0.606735 -0.749519 8.36275e-13
-0.612952 -0.741175 4.46754e-13
-0.623401 -0.727922 8.75966e-14
-0.637681 -0.710269 -2.27207e-13
-0.655243 -0.688895 -4.85501e-13
-0.675411 -0.664621 -6.77458e-13
-0.697412 -0.638379 -7.95919e-13
-0.720399 -0.611179 -8.35443e-13
-0.743489 -0.584065 -7.95808e-13
-0.765795 -0.55808 -6.77625e-13
-0.78646 -0.534222 -4.85778e-13
-0.804689 -0.513407 -2.2754e-13
-0.819782 -0.496437 8.73746e-14
-0.831159 -0.483962 4.46421e-13
-0.838383 -0.476462 8.35942e-13
-0.841176 -0.474226 1.24112e-12
-0.839431 -0.477339 1.64663e-12
-0.833215 -0.485682 2.03582e-12
-0.822767 -0.498934 2.39514e-12
-0.808488 -0.516586 2.70978e-12
-0.790927 -0.53796 2.96824e-12
-0.770759 -0.562233 3.16003e-12
-0.748758 -0.588475 3.27854e-12
-0.725771 -0.615675 3.3184e-12
-0.702681 -0.642788 3.27854e-12
-0.680375 -0.668774 3.16053e-12
-0.65971 -0.692633 2.96857e-12
-0.64148 -0.713448 2.71011e-12
-0.626386 -0.73042 2.39531e-12
-0.615008 -0.742896 2.03626e-12
-0.607783 -0.750396 1.64674e-12
-0.604989 -0.752634 1.24167e-12
-0.606733 -0.749522 8.36275e-13
-0.612948 -0.74118 4.46643e-13
-0.623396 -0.727929 8.78742e-14
-0.637674 -0.710278 -2.2693e-13
-0.655234 -0.688905 -4.8539e-13
-0.675402 -0.664632 -6.77292e-13
-0.697402 -0.638391 -7.96085e-13
-0.720389 -0.611191 -8.35554e-13
-0.743479 -0.584077 -7.95808e-13
-0.765785 -0.558091 -6.77791e-13
-0.786451 -0.534232 -4.85667e-13
-0.804681 -0.513416 -2.27596e-13
-0.819776 -0.496443 8.7319e-14
-0.831155 -0.483966 4.46199e-13
-0.838381 -0.476464 8.35665e-13
-0.841176 -0.474226 1.24106e-12
-0.839433 -0.477337 1.64624e-12
-0.833219 -0.485677 2.03593e-12
-0.822772 -0.498927 2.3952e-12
-0.808495 -0.516578 2.70989e-12
-0.790935 -0.53795 2.96835e-12
-0.770768 -0.562222 3.16003e-12
-0.748768 -0.588463 3.27832e-12
-0.725782 -0.615663 3.3184e-12
-0.702691 -0.642777 3.27893e-12
-0.680385 -0.668763 3.16042e-12
-0.659719 -0.692623 2.96851e-12
-0.641488 -0.71344 2.71044e-12
-0.626392 -0.730413 2.39553e-12
-0.615012 -0.742891 2.03665e-12
-0.607786 -0.750394 1.64702e-12
-0.60499 -0.752634 1.24178e-12
-0.606732 -0.749524 8.36664e-13
-0.612945 -0.741185 4.46809e-13
-0.62339 -0.727936 8.77631e-14
-0.637667 -0.710287 -2.26874e-13
-0.655226 -0.688915 -4.85501e-13
-0.675393 -0.664643 -6.77514e-13
-0.697392 -0.638403 -7.95752e-13
-0.720378 -0.611203 -8.35387e-13
-0.743469 -0.584089 -7.95919e-13
-0.765776 -0.558102 -6.77625e-13
-0.786442 -0.534242 -4.86e-13
-0.804674 -0.513424 -2.27762e-13
-0.81977 -0.49645 8.70415e-14
-0.831151 -0.483971 4.46254e-13
-0.838379 -0.476467 8.35609e-13
-0.841176 -0.474226 1.24073e-12
-0.839435 -0.477334 1.64613e-12
-0.833222 -0.485673 2.03559e-12
-0.822778 -0.498921 2.39486e-12
-0.629992 -0.722546 1.40654e-12
-0.631365 -0.720097 1.08807e-12
-0.636251 -0.713539 7.81597e-13
-0.644463 -0.703125 4.99711e-13
-0.655684 -0.689253 2.52576e-13
-0.669483 -0.672458 4.97935e-14
-0.685331 -0.653385 -1.01086e-13
-0.702617 -0.632766 -1.94122e-13
-0.720679 -0.611394 -2.25375e-13
-0.738821 -0.590091 -1.94178e-13
-0.756346 -0.569675 -1.01086e-13
-0.772582 -0.55093 4.92939e-14
-0.786904 -0.534577 2.52576e-13
-0.798761 -0.521244 4.99656e-13
-0.807699 -0.511444 7.81764e-13
-0.813374 -0.505554 1.08802e-12
-0.815567 -0.503799 1.40665e-12
-0.814194 -0.506247 1.72462e-12
-0.809308 -0.512803 2.03126e-12
-0.801098 -0.523217 2.31332e-12
-0.789877 -0.537088 2.56051e-12
-0.776078 -0.553883 2.7634e-12
-0.760231 -0.572956 2.91422e-12
-0.742945 -0.593574 3.00748e-12
-0.724884 -0.614946 3.03829e-12
-0.706742 -0.636249 3.00698e-12
-0.689216 -0.656666 2.914e-12
-0.67298 -0.675411 2.76351e-12
-0.658657 -0.691764 2.56045e-12
-0.646799 -0.705098 2.31309e-12
-0.637861 -0.714899 2.03099e-12
-0.632186 -0.72079 1.72484e-12
-0.629992 -0.722546 1.40671e-12
-0.631364 -0.720099 1.0883e-12
-0.636248 -0.713543 7.81819e-13
-0.644458 -0.70313 4.99822e-13
-0.655678 -0.68926 2.52742e-13
-0.669477 -0.672466 4.96825e-14
-0.685323 -0.653394 -1.01141e-13
-0.702609 -0.632775 -1.94067e-13
-0.720671 -0.611404 -2.25486e-13
-0.738813 -0.5901 -1.93956e-13
-0.756339 -0.569684 -1.01252e-13
-0.772575 -0.550938 4.95715e-14
-0.786898 -0.534584 2.52409e-13
-0.798757 -0.52125 4.99822e-13
-0.807696 -0.511448 7.81819e-13
-0.813372 -0.505555 1.0883e-12
-0.815566 -0.503798 1.40632e-12
-0.814195 -0.506245 1.72479e-12
-0.809311 -0.5128 2.03121e-12
-0.801102 -0.523212 2.31298e-12
-0.789883 -0.537081 2.56029e-12
-0.776085 -0.553875 2.76357e-12
-0.760239 -0.572947 2.91411e-12
-0.742953 -0.593565 3.00715e-12
-0.724892 -0.614936 3.03851e-12
-0.70675 -0.63624 3.00732e-12
-0.689223 -0.656657 2.91411e-12
-0.672987 -0.675403 2.76312e-12
-0.658663 -0.691758 2.56056e-12
-0.646804 -0.705093 2.31326e-12
-0.637864 -0.714895 2.0311e-12
-0.632187 -0.720788 1.72523e-12
-0.629992 -0.722546 1.40682e-12
-0.631362 -0.720101 1.08857e-12
-0.636245 -0.713547 7.8193e-13
-0.644454 -0.703135 5.001e-13
-0.655673 -0.689267 2.52576e-13
-0.66947 -0.672474 4.95159e-14
-0.685316 -0.653402 -1.01252e-13
-0.702601 -0.632785 -1.94122e-13
-0.720662 -0.611413 -2.25375e-13
-0.738805 -0.59011 -1.93845e-13
-0.756331 -0.569692 -1.01197e-13
-0.772568 -0.550946 4.92384e-14
-0.786892 -0.53459 2.52298e-13
-0.798752 -0.521255 4.99656e-13
-0.807693 -0.511451 7.81597e-13
-0.81337 -0.505557 1.08796e-12
-0.815566 -0.503798 1.40643e-12
-0.814197 -0.506243 1.72462e-12
-0.809314 -0.512796 2.03088e-12
-0.801106 -0.523207 2.31271e-12
-0.789888 -0.537074 2.56017e-12
-0.776092 -0.553867 2.76329e-12
-0.760246 -0.572938 2.91406e-12
-0.742961 -0.593555 3.00709e-12
-0.7249 -0.614927 3.03824e-12
-0.706757 -0.63623 3.00726e-12
-0.689231 -0.656648 2.91434e-12
-0.658638 -0.688322 1.52917e-12
-0.659584 -0.686635 1.31001e-12
-0.66295 -0.682118 1.09907e-12
-0.668606 -0.674944 9.04277e-13
-0.676336 -0.665388 7.34302e-13
-0.685841 -0.653819 5.94358e-13
-0.696758 -0.640681 4.90386e-13
-0.708665 -0.626478 4.2677e-13
-0.721107 -0.611756 4.04843e-13
-0.733604 -0.597082 4.26714e-13
-0.745676 -0.583018 4.90497e-13
-0.75686 -0.570106 5.94524e-13
-0.766725 -0.558842 7.34135e-13
-0.774893 -0.549658 9.04665e-13
-0.78105 -0.542907 1.09929e-12
-0.784959 -0.538849 1.3099e-12
-0.786469 -0.53764 1.52917e-12
-0.785524 -0.539326 1.74882e-12
-0.782158 -0.543843 1.95921e-12
-0.776502 -0.551017 2.15378e-12
-0.768773 -0.560571 2.32403e-12
-0.759268 -0.57214 2.46397e-12
-0.748352 -0.585278 2.568e-12
-0.736445 -0.599481 2.63201e-12
-0.724003 -0.614202 2.65377e-12
-0.711506 -0.628877 2.63173e-12
-0.699434 -0.642941 2.568e-12
-0.68825 -0.655853 2.46425e-12
-0.678384 -0.667118 2.32392e-12
-0.670216 -0.676303 2.1535e-12
-0.664058 -0.683054 1.95927e-12
-0.660149 -0.687112 1.74855e-12
-0.658638 -0.688322 1.52939e-12
-0.659583 -0.686636 1.30995e-12
-0.662948 -0.68212 1.09895e-12
-0.668603 -0.674947 9.0461e-13
-0.676332 -0.665393 7.34413e-13
-0.685837 -0.653825 5.94635e-13
-0.696753 -0.640687 4.90663e-13
-0.70866 -0.626484 4.26437e-13
-0.721101 -0.611763 4.05009e-13
-0.733598 -0.597088 4.26381e-13
-0.745671 -0.583024 4.90441e-13
-0.756855 -0.570111 5.94524e-13
-0.766721 -0.558846 7.34246e-13
-0.77489 -0.549661 9.0461e-13
-0.781048 -0.542909 1.09879e-12
-0.784957 -0.53885 1.30979e-12
-0.786469 -0.53764 1.52928e-12
-0.785525 -0.539325 1.7486e-12
-0.78216 -0.54384 1.95932e-12
-0.776505 -0.551013 2.15367e-12
-0.768777 -0.560567 2.32381e-12
-0.759273 -0.572134 2.46397e-12
-0.748357 -0.585272 2.56806e-12
-0.73645 -0.599474 2.63201e-12
-0.724009 -0.614196 2.65382e-12
-0.711512 -0.628871 2.63189e-12
-0.699439 -0.642935 2.56795e-12
-0.688254 -0.655848 2.46408e-12
-0.678388 -0.667114 2.32458e-12
-0.670219 -0.676299 2.154e-12
-0.664061 -0.683052 1.95938e-12
-0.689827 -0.651276 1.60494e-12
-0.690309 -0.650416 1.49292e-12
-0.692026 -0.648113 1.38556e-12
-0.694909 -0.644455 1.28653e-12
-0.69885 -0.639583 1.19954e-12
-0.703697 -0.633685 1.12838e-12
-0.709263 -0.626986 1.07531e-12
-0.715334 -0.619745 1.04261e-12
-0.721677 -0.612239 1.03173e-12
-0.728049 -0.604757 1.04261e-12
-0.734204 -0.597587 1.07553e-12
-0.739906 -0.591003 1.12799e-12
-0.744936 -0.58526 1.19943e-12
-0.7491 -0.580578 1.28647e-12
-0.752239 -0.577136 1.3855e-12
-0.754232 -0.575067 1.49325e-12
-0.755002 -0.57445 1.60499e-12
-0.75452 -0.57531 1.71663e-12
-0.752804 -0.577613 1.82432e-12
-0.749921 -0.58127 1.92341e-12
-0.74598 -0.586142 2.01011e-12
-0.741134 -0.59204 2.081e-12
-0.735568 -0.598739 2.13451e-12
-0.729497 -0.60598 2.16693e-12
-0.723154 -0.613486 2.17787e-12
-0.716782 -0.620968 2.16682e-12
-0.710627 -0.628138 2.13435e-12
-0.704925 -0.634722 2.0815e-12
-0.699895 -0.640465 2.01023e-12
-0.69573 -0.645148 1.92335e-12
-0.692591 -0.64859 1.82415e-12
-0.690598 -0.650659 1.71702e-12
-0.722361 -0.612832 1.63042e-12
