-0.486664 0.600083 0.000338005
-0.573109 0.529491 0.000315584
-0.571161 0.530492 0.000236657
-0.565956 0.534157 0.000160763
-0.557694 0.540343 9.08188e-05
-0.546695 0.548814 2.95117e-05
-0.533379 0.559244 -2.08021e-05
-0.518258 0.571233 -5.81891e-05
-0.501915 0.584318 -8.12126e-05
-0.484976 0.597998 -8.89879e-05
-0.468093 0.611747 -8.12161e-05
-0.451915 0.625037 -5.81958e-05
-0.437063 0.637356 -2.08119e-05
-0.424108 0.648232 2.94993e-05
-0.413547 0.657246 9.08043e-05
-0.405787 0.664052 0.000160747
-0.401126 0.668389 0.00023664
-0.399743 0.670089 0.000315567
-0.401691 0.669088 0.000394494
-0.406896 0.665424 0.000470389
-0.415156 0.659238 0.000540336
-0.426155 0.650768 0.000601645
-0.439471 0.640338 0.000651961
-0.454591 0.62835 0.000689351
-0.470934 0.615265 0.000712378
-0.487873 0.601585 0.000720157
-0.504756 0.587836 0.000712388
-0.520934 0.574546 0.000689372
-0.535787 0.562227 0.000651991
-0.548742 0.551351 0.000601682
-0.559304 0.542336 0.000540379
-0.567064 0.535529 0.000470438
-0.571726 0.531192 0.000394546
-0.655757 0.461024 0.000249183
-0.651934 0.462988 9.4362e-05
-0.641724 0.470177 -5.45096e-05
-0.625519 0.482312 -0.000191711
-0.603942 0.498929 -0.000311969
-0.577822 0.519388 -0.000410663
-0.548163 0.542904 -0.000484001
-0.516104 0.568572 -0.000529163
-0.482878 0.595407 -0.000544415
-0.44976 0.622376 -0.00052917
-0.418025 0.648444 -0.000484014
-0.388892 0.67261 -0.000410682
-0.363479 0.693943 -0.000311993
-0.342764 0.711625 -0.000191739
-0.327542 0.724976 -5.45414e-05
-0.3184 0.733483 9.43282e-05
-0.315687 0.736818 0.000249149
-0.319508 0.734855 0.00040397
-0.329716 0.727668 0.000552844
-0.34592 0.715533 0.000690048
-0.367496 0.698918 0.000810311
-0.393615 0.678459 0.00090901
-0.423274 0.654944 0.000982354
-0.455332 0.629276 0.00102752
-0.488559 0.602442 0.00104278
-0.521676 0.575472 0.00102754
-0.553411 0.549403 0.000982393
-0.582546 0.525238 0.000909068
-0.607959 0.503904 0.000810384
-0.628676 0.486221 0.000690134
-0.643898 0.472869 0.000552939
-0.653042 0.464361 0.000404072
-0.655757 0.461024 0.000249252
-0.651937 0.462986 9.44295e-05
-0.64173 0.470172 -5.4446e-05
-0.625528 0.482306 -0.000191654
-0.603953 0.498921 -0.00031192
-0.577834 0.519378 -0.000410625
-0.548176 0.542893 -0.000483974
-0.516118 0.56856 -0.000529149
-0.482892 0.595395 -0.000544415
-0.449775 0.622364 -0.000529183
-0.418039 0.648433 -0.00048404
-0.388904 0.672599 -0.000410721
-0.363489 0.693934 -0.000312042
-0.342772 0.711618 -0.000191797
-0.327548 0.724971 -5.4605e-05
-0.318402 0.73348 9.42607e-05
-0.315686 0.736818 0.00024908
-0.319505 0.734857 0.000403903
-0.329711 0.727672 0.00055278
-0.345912 0.71554 0.000689991
-0.367485 0.698926 0.000810262
-0.393603 0.678469 0.000908972
-0.42326 0.654955 0.000982327
-0.455318 0.629288 0.00102751
-0.488544 0.602454 0.00104278
-0.521661 0.575484 0.00102756
-0.553398 0.549415 0.00098242
-0.582534 0.525248 0.000909106
-0.607949 0.503912 0.000810433
-0.628668 0.486228 0.000690191
-0.643893 0.472874 0.000553003
-0.73143 0.397314 0.000141353
-0.72588 0.400166 -8.34126e-05
-0.711058 0.410602 -0.000299541
-0.687532 0.42822 -0.000498726
-0.656207 0.452344 -0.000673314
-0.618287 0.482046 -0.000816596
-0.575228 0.516186 -0.000923066
-0.528686 0.55345 -0.000988631
-0.480448 0.592408 -0.00101077
-0.43237 0.631562 -0.000988641
-0.386297 0.669407 -0.000923085
-0.344002 0.704489 -0.000816624
-0.307108 0.735461 -0.00067335
-0.277035 0.761131 -0.000498768
-0.254937 0.780513 -0.000299587
-0.241663 0.792863 -8.34616e-05
-0.237725 0.797706 0.000141303
-0.243272 0.794856 0.00036607
-0.258093 0.784422 0.000582201
-0.281617 0.766805 0.000781391
-0.31294 0.742683 0.000955985
-0.350859 0.712981 0.00109927
-0.393917 0.678843 0.00120575
-0.440459 0.641579 0.00127133
-0.488696 0.602621 0.00129348
-0.536775 0.563467 0.00127136
-0.582848 0.525622 0.00120581
-0.625144 0.490538 0.00109936
-0.662039 0.459566 0.000956091
-0.692114 0.433895 0.000781515
-0.714214 0.414511 0.000582339
-0.72749 0.402159 0.000366217
-0.731431 0.397315 0.000141453
-0.725885 0.400163 -8.33145e-05
-0.711066 0.410596 -0.000299448
-0.687544 0.428211 -0.000498643
-0.656222 0.452332 -0.000673244
-0.618305 0.482032 -0.000816541
-0.575248 0.51617 -0.000923027
-0.528707 0.553433 -0.000988612
-0.48047 0.592391 -0.00101077
-0.432391 0.631545 -0.00098866
-0.386317 0.669391 -0.000923123
-0.344019 0.704475 -0.00081668
-0.307123 0.735448 -0.00067342
-0.277046 0.761121 -0.000498851
-0.254944 0.780506 -0.000299679
-0.241667 0.792859 -8.35597e-05
-0.237724 0.797706 0.000141203
-0.243268 0.794859 0.000365972
-0.258084 0.784428 0.000582108
-0.281605 0.766814 0.000781308
-0.312925 0.742695 0.000955914
-0.350841 0.712996 0.00109922
-0.393897 0.678859 0.00120571
-0.440438 0.641596 0.00127131
-0.488674 0.602639 0.00129348
-0.536754 0.563484 0.00127138
-0.582828 0.525638 0.00120585
-0.625127 0.490553 0.00109941
-0.662024 0.459579 0.000956162
-0.692103 0.433905 0.000781599
-0.714207 0.414518 0.000582432
-0.727486 0.402163 0.000366315
-0.731431 0.397315 0.000141553
-0.72589 0.40016 -8.32165e-05
-0.711075 0.410589 -0.000299356
-0.687557 0.428202 -0.00049856
-0.656238 0.45232 -0.000673173
-0.618323 0.482018 -0.000816485
-0.575268 0.516154 -0.000922989
-0.528728 0.553416 -0.000988592
-0.480491 0.592373 -0.00101077
-0.432412 0.631527 -0.00098868
-0.386337 0.669375 -0.000923161
-0.344037 0.70446 -0.000816735
-0.307138 0.735436 -0.000673491
-0.277058 0.761111 -0.000498934
-0.254952 0.780499 -0.000299772
-0.241671 0.792856 -8.36577e-05
-0.237724 0.797705 0.000141103
-0.243263 0.794862 0.000365874
-0.258076 0.784434 0.000582016
-0.281592 0.766824 0.000781224
-0.312909 0.742707 0.000955844
-0.350823 0.71301 0.00109916
-0.393877 0.678875 0.00120568
-0.440417 0.641613 0.00127129
-0.488653 0.602656 0.00129348
-0.536733 0.563502 0.0012714
-0.582808 0.525654 0.00120589
-0.797222 0.34081 -3.76195e-06
-0.790158 0.34444 -0.000289835
-0.771293 0.357722 -0.000564914
-0.74135 0.380146 -0.000818429
-0.701481 0.41085 -0.00104064
-0.653217 0.448653 -0.001223
-0.598414 0.492105 -0.00135851
-0.539177 0.539534 -0.00144196
-0.477782 0.589117 -0.00147014
-0.41659 0.638951 -0.00144197
-0.357951 0.687119 -0.00135854
-0.304119 0.73177 -0.00122304
-0.257162 0.771189 -0.00104068
-0.218885 0.803861 -0.000818482
-0.19076 0.828531 -0.000564973
-0.173866 0.844249 -0.000289897
-0.168853 0.850413 -3.82558e-06
-0.175914 0.846785 0.000282248
-0.194777 0.833505 0.000557331
-0.224717 0.811083 0.000810853
-0.264584 0.780381 0.00103307
-0.312846 0.742579 0.00121544
-0.367649 0.699128 0.00135096
-0.426885 0.6517 0.00143442
-0.488279 0.602117 0.00146262
-0.549472 0.552283 0.00143446
-0.608112 0.504115 0.00135104
-0.661945 0.459462 0.00121555
-0.708904 0.420042 0.0010332
-0.747182 0.387368 0.000811011
-0.77531 0.362697 0.000557508
-0.792207 0.346976 0.000282436
-0.797222 0.34081 -3.63471e-06
-0.790164 0.344436 -0.00028971
-0.771304 0.357714 -0.000564797
-0.741366 0.380134 -0.000818324
-0.701501 0.410834 -0.00104055
-0.65324 0.448635 -0.00122293
-0.598439 0.492084 -0.00135846
-0.539204 0.539512 -0.00144194
-0.47781 0.589095 -0.00147014
-0.416616 0.638929 -0.001442
-0.357976 0.687098 -0.00135858
-0.304141 0.731752 -0.00122311
-0.257181 0.771173 -0.00104077
-0.2189 0.803849 -0.000818588
-0.19077 0.828522 -0.00056509
-0.173871 0.844244 -0.000290022
-0.168853 0.850412 -3.95282e-06
-0.175908 0.846789 0.000282124
-0.194766 0.833513 0.000557214
-0.224702 0.811095 0.000810747
-0.264565 0.780396 0.00103298
-0.312824 0.742597 0.00121537
-0.367623 0.699149 0.00135091
-0.426858 0.651722 0.0014344
-0.488252 0.602139 0.00146262
-0.549446 0.552305 0.00143449
-0.608087 0.504135 0.00135109
-0.661923 0.459481 0.00121562
-0.708885 0.420058 0.00103329
-0.747168 0.387381 0.000811117
-0.7753 0.362706 0.000557625
-0.792202 0.346981 0.00028256
-0.797223 0.340811 -3.50746e-06
-0.79017 0.344432 -0.000289585
-0.771315 0.357706 -0.000564679
-0.741381 0.380122 -0.000818218
-0.70152 0.410819 -0.00104046
-0.653263 0.448617 -0.00122286
-0.598465 0.492064 -0.00135841
-0.53923 0.53949 -0.00144191
-0.477837 0.589073 -0.00147014
-0.416643 0.638907 -0.00144202
-0.358001 0.687078 -0.00135863
-0.304163 0.731733 -0.00122318
-0.2572 0.771157 -0.00104086
-0.218915 0.803836 -0.000818694
-0.19078 0.828513 -0.000565208
-0.173876 0.844239 -0.000290147
-0.168852 0.850412 -4.08007e-06
-0.175902 0.846793 0.000281999
-0.194755 0.833521 0.000557096
-0.224686 0.811107 0.000810641
-0.264545 0.780412 0.00103289
-0.312801 0.742615 0.0012153
-0.367598 0.699169 0.00135087
-0.426831 0.651743 0.00143438
-0.488225 0.602161 0.00146262
-0.549419 0.552327 0.00143451
-0.608062 0.504156 0.00135113
-0.661901 0.459499 0.00121569
-0.708866 0.420074 0.00103338
-0.747153 0.387394 0.000811223
-0.77529 0.362715 0.000557743
-0.792197 0.346986 0.000282685
-0.797223 0.340812 -3.38021e-06
-0.790176 0.344429 -0.00028946
-0.771326 0.357698 -0.000564561
-0.741397 0.38011 -0.000818112
-0.70154 0.410804 -0.00104037
-0.653286 0.448599 -0.00122279
-0.59849 0.492044 -0.00135837
-0.539257 0.539469 -0.00144189
-0.477864 0.589051 -0.00147014
-0.41667 0.638885 -0.00144205
-0.358026 0.687057 -0.00135868
-0.304186 0.731714 -0.00122325
-0.257219 0.771141 -0.00104095
-0.21893 0.803823 -0.0008188
-0.19079 0.828504 -0.000565326
-0.173881 0.844235 -0.000290272
-0.168852 0.850411 -4.20732e-06
-0.175897 0.846796 0.000281874
-0.194744 0.833529 0.000556979
-0.224671 0.811119 0.000810535
-0.850604 0.293682 -0.000180585
-0.842298 0.297951 -0.000516972
-0.820114 0.313569 -0.000840432
-0.784905 0.339936 -0.00113853
-0.738024 0.37604 -0.00139983
-0.681272 0.420493 -0.00161426
-0.61683 0.471587 -0.00177361
-0.547174 0.527357 -0.00187173
-0.474982 0.585662 -0.00190487
-0.403027 0.64426 -0.00187175
-0.334074 0.700899 -0.00177363
-0.270774 0.753404 -0.0016143
-0.215559 0.799756 -0.00139988
-0.170551 0.838174 -0.0011386
-0.137478 0.867182 -0.000840501
-0.117613 0.885665 -0.000517045
-0.111719 0.892913 -0.00018066
-0.120021 0.888647 0.000155728
-0.142202 0.873032 0.000479192
-0.177408 0.846666 0.000777302
-0.224287 0.810564 0.0010386
-0.281037 0.766113 0.00125305
-0.345478 0.715021 0.00141241
-0.415133 0.659251 0.00151055
-0.487325 0.600947 0.0015437
-0.55928 0.542349 0.00151059
-0.628233 0.485709 0.00141249
-0.691535 0.433203 0.00125317
-0.746752 0.386849 0.00103876
-0.791763 0.348429 0.000777488
-0.824838 0.319419 0.000479399
-0.844706 0.300933 0.000155948
-0.850604 0.293683 -0.000180436
-0.842305 0.297946 -0.000516825
-0.820127 0.313559 -0.000840293
-0.784924 0.339923 -0.00113841
-0.738047 0.376022 -0.00139972
-0.681299 0.420472 -0.00161418
-0.616859 0.471563 -0.00177355
-0.547206 0.527332 -0.0018717
-0.475014 0.585636 -0.00190487
-0.403058 0.644234 -0.00187178
-0.334104 0.700875 -0.00177369
-0.270801 0.753382 -0.00161439
-0.215581 0.799737 -0.00139998
-0.170568 0.838159 -0.00113872
-0.13749 0.867172 -0.000840639
-0.117619 0.88566 -0.000517192
-0.111718 0.892912 -0.00018081
-0.120014 0.888652 0.000155581
-0.142189 0.873041 0.000479054
-0.17739 0.84668 0.000777177
-0.224264 0.810582 0.0010385
-0.28101 0.766134 0.00125297
-0.345448 0.715045 0.00141235
-0.415101 0.659277 0.00151052
-0.487293 0.600973 0.0015437
-0.559249 0.542375 0.00151062
-0.628204 0.485733 0.00141255
-0.691509 0.433225 0.00125326
-0.74673 0.386868 0.00103887
-0.791746 0.348444 0.000777613
-0.824827 0.319429 0.000479537
-0.844701 0.300939 0.000156095
-0.850605 0.293684 -0.000180286
-0.842311 0.297942 -0.000516678
-0.82014 0.31355 -0.000840155
-0.784942 0.339909 -0.00113829
-0.73807 0.376005 -0.00139961
-0.681326 0.420451 -0.0016141
-0.616889 0.471539 -0.00177349
-0.547237 0.527306 -0.00187167
-0.475046 0.58561 -0.00190487
-0.403089 0.644208 -0.0018718
-0.334133 0.700851 -0.00177375
-0.270827 0.75336 -0.00161447
-0.215604 0.799718 -0.00140009
-0.170585 0.838144 -0.00113885
-0.137502 0.867161 -0.000840777
-0.117625 0.885654 -0.000517339
-0.111718 0.892912 -0.000180959
-0.120008 0.888656 0.000155434
-0.142176 0.87305 0.000478915
-0.177372 0.846694 0.000777053
-0.224241 0.8106 0.00103839
-0.280983 0.766156 0.00125288
-0.345418 0.715069 0.00141229
-0.41507 0.659302 0.00151049
-0.487261 0.600999 0.0015437
-0.559217 0.5424 0.00151065
-0.628175 0.485757 0.00141261
-0.691482 0.433247 0.00125334
-0.746708 0.386887 0.00103897
-0.791728 0.348459 0.000777737
-0.824815 0.31944 0.000479676
-0.844695 0.300945 0.000156241
-0.850605 0.293684 -0.000180136
-0.842318 0.297937 -0.000516532
-0.820153 0.313541 -0.000840017
-0.78496 0.339895 -0.00113816
-0.738093 0.375987 -0.00139951
-0.681353 0.420429 -0.00161401
-0.616919 0.471515 -0.00177343
-0.547269 0.527281 -0.00187164
-0.475078 0.585584 -0.00190487
-0.403121 0.644183 -0.00187183
-0.334163 0.700826 -0.00177381
-0.270853 0.753338 -0.00161455
-0.215626 0.799699 -0.0014002
-0.170603 0.838129 -0.00113897
-0.137514 0.867151 -0.000840916
-0.11763 0.885648 -0.000517486
-0.111717 0.892911 -0.000181109
-0.120001 0.888661 0.000155288
-0.142164 0.87306 0.000478777
-0.177353 0.846708 0.000776928
-0.224218 0.810618 0.00103828
-0.280956 0.766177 0.0012528
-0.345389 0.715092 0.00141223
-0.415038 0.659327 0.00151046
-0.487229 0.601025 0.0015437
-0.559186 0.542426 0.00151068
-0.628145 0.485781 0.00141266
-0.691456 0.433269 0.00125342
-0.746685 0.386906 0.00103908
-0.791711 0.348474 0.000777862
-0.824803 0.319451 0.000479814
-0.844689 0.300951 0.000156388
-0.850606 0.293685 -0.000179987
-0.842325 0.297933 -0.000516385
-0.820165 0.313531 -0.000839879
-0.784978 0.339881 -0.00113804
-0.738116 0.375969 -0.0013994
-0.68138 0.420408 -0.00161393
-0.616949 0.471491 -0.00177338
-0.5473 0.527256 -0.00187161
-0.889524 0.257742 -0.000382322
-0.880295 0.262485 -0.000756096
-0.855646 0.279839 -0.00111551
-0.816524 0.309137 -0.00144674
-0.764432 0.349254 -0.00173707
-0.701372 0.398647 -0.00197534
-0.629768 0.45542 -0.0021524
-0.55237 0.517389 -0.00226143
-0.472154 0.582173 -0.00229825
-0.392202 0.647284 -0.00226144
-0.315586 0.710219 -0.00215243
-0.245251 0.768559 -0.00197539
-0.183899 0.820063 -0.00173713
-0.133888 0.862751 -0.00144681
-0.0971397 0.894983 -0.00111558
-0.0750667 0.91552 -0.000756177
-0.068517 0.923574 -0.000382405
-0.0777424 0.918834 -8.63009e-06
-0.102388 0.901482 0.000350785
-0.141507 0.872187 0.000682027
-0.193597 0.832072 0.000972369
-0.256654 0.782681 0.00121065
-0.328257 0.72591 0.00138772
-0.405653 0.663942 0.00149677
-0.485869 0.599158 0.0015336
-0.565822 0.534047 0.00149682
-0.642439 0.471111 0.00138781
-0.712776 0.41277 0.00121079
-0.77413 0.361264 0.000972545
-0.824144 0.318574 0.000682235
-0.860895 0.286339 0.000351015
-0.882971 0.265799 -8.38549e-06
-0.889524 0.257743 -0.000382156
-0.880302 0.26248 -0.000755933
-0.85566 0.279829 -0.00111535
-0.816544 0.309122 -0.0014466
-0.764457 0.349234 -0.00173695
-0.701402 0.398624 -0.00197525
-0.629801 0.455393 -0.00215233
-0.552405 0.51736 -0.0022614
-0.47219 0.582144 -0.00229825
-0.392237 0.647256 -0.00226148
-0.315619 0.710192 -0.00215249
-0.24528 0.768535 -0.00197548
-0.183923 0.820042 -0.00173725
-0.133907 0.862734 -0.00144695
-0.0971527 0.894971 -0.00111574
-0.0750731 0.915514 -0.00075634
-0.0685165 0.923573 -0.000382572
-0.0777348 0.918839 -8.79315e-06
-0.102374 0.901493 0.000350631
-0.141487 0.872202 0.000681889
-0.193571 0.832092 0.000972251
-0.256624 0.782704 0.00121056
-0.328224 0.725937 0.00138766
-0.405618 0.66397 0.00149673
-0.485834 0.599187 0.0015336
-0.565787 0.534075 0.00149685
-0.642406 0.471138 0.00138788
-0.712747 0.412794 0.00121088
-0.774105 0.361285 0.000972663
-0.824124 0.318591 0.000682373
-0.860882 0.286351 0.000351169
-0.882965 0.265806 -8.22244e-06
-0.889525 0.257744 -0.00038199
-0.88031 0.262475 -0.00075577
-0.855674 0.279818 -0.0011152
-0.816564 0.309107 -0.00144646
-0.764483 0.349214 -0.00173684
-0.701432 0.3986 -0.00197516
-0.629834 0.455367 -0.00215227
-0.55244 0.517332 -0.00226136
-0.472225 0.582116 -0.00229825
-0.392271 0.647227 -0.00226151
-0.315651 0.710165 -0.00215255
-0.245309 0.76851 -0.00197557
-0.183948 0.820021 -0.00173737
-0.133926 0.862718 -0.00144709
-0.0971658 0.894959 -0.00111589
-0.0750794 0.915508 -0.000756503
-0.0685159 0.923572 -0.000382738
-0.0777273 0.918844 -8.95622e-06
-0.10236 0.901503 0.000350478
-0.141467 0.872218 0.000681751
-0.193545 0.832112 0.000972134
-0.256594 0.782728 0.00121047
-0.328191 0.725963 0.00138759
-0.405583 0.663998 0.0014967
-0.485798 0.599215 0.0015336
-0.565752 0.534104 0.00149688
-0.642373 0.471165 0.00138794
-0.712717 0.412819 0.00121098
-0.774081 0.361306 0.00097278
-0.824105 0.318607 0.000682511
-0.860869 0.286363 0.000351322
-0.882958 0.265812 -8.05938e-06
-0.889526 0.257745 -0.000381823
-0.880318 0.262471 -0.000755607
-0.855688 0.279808 -0.00111505
-0.816584 0.309091 -0.00144633
-0.764509 0.349194 -0.00173672
-0.701462 0.398577 -0.00197507
-0.629867 0.45534 -0.0021522
-0.552475 0.517304 -0.00226133
-0.472261 0.582087 -0.00229825
-0.392306 0.647199 -0.00226154
-0.315684 0.710138 -0.00215262
-0.245338 0.768486 -0.00197567
-0.183973 0.82 -0.00173748
-0.133946 0.862701 -0.00144722
-0.0971789 0.894948 -0.00111604
-0.0750858 0.915501 -0.000756666
-0.0685153 0.923571 -0.000382904
-0.0777198 0.918848 -9.11929e-06
-0.102346 0.901514 0.000350324
-0.141446 0.872233 0.000681613
-0.19352 0.832132 0.000972016
-0.256564 0.782752 0.00121037
-0.328158 0.725989 0.00138753
-0.405548 0.664027 0.00149667
-0.485762 0.599244 0.0015336
-0.565717 0.534132 0.00149691
-0.642341 0.471192 0.00138801
-0.712688 0.412843 0.00121107
-0.774056 0.361327 0.000972898
-0.824086 0.318624 0.000682649
-0.860856 0.286375 0.000351476
-0.882952 0.265819 -7.89633e-06
-0.889526 0.257745 -0.000381657
-0.880325 0.262466 -0.000755443
-0.855703 0.279798 -0.00111489
-0.816605 0.309076 -0.00144619
-0.764534 0.349174 -0.0017366
-0.701492 0.398553 -0.00197497
-0.6299 0.455314 -0.00215214
-0.55251 0.517276 -0.0022613
-0.472297 0.582058 -0.00229825
-0.392341 0.64717 -0.00226157
-0.315717 0.710111 -0.00215268
-0.245368 0.768461 -0.00197576
-0.183998 0.819979 -0.0017376
-0.133965 0.862684 -0.00144736
-0.097192 0.894936 -0.0011162
-0.0750922 0.915495 -0.00075683
-0.0685147 0.923571 -0.00038307
-0.0777123 0.918853 -9.28237e-06
-0.102331 0.901524 0.00035017
-0.141426 0.872249 0.000681474
-0.193494 0.832152 0.000971899
-0.256534 0.782775 0.00121028
-0.328124 0.726016 0.00138746
-0.912487 0.234372 -0.00060122
-0.90269 0.239406 -0.000998017
-0.876522 0.257829 -0.00137957
-0.83499 0.288932 -0.0017312
-0.77969 0.33152 -0.00203942
-0.712745 0.383956 -0.00229237
-0.63673 0.444225 -0.00248033
-0.554565 0.510011 -0.00259607
-0.469408 0.578786 -0.00263516
-0.384531 0.647908 -0.00259609
-0.303196 0.714719 -0.00248036
-0.228528 0.776653 -0.00229242
-0.163397 0.831329 -0.00203948
-0.110306 0.876647 -0.00173128
-0.0712939 0.910864 -0.00137965
-0.0478613 0.932667 -0.000998104
-0.0409082 0.941216 -0.000601308
-0.0507018 0.936184 -0.000204509
-0.0768657 0.917764 0.000177045
-0.118395 0.886664 0.000528691
-0.173692 0.844079 0.000836917
-0.240634 0.791645 0.00108988
-0.316648 0.731377 0.00127785
-0.398811 0.665592 0.00139362
-0.483968 0.596817 0.00143272
-0.568846 0.527695 0.00139367
-0.650182 0.460883 0.00127795
-0.724852 0.398948 0.00109002
-0.789985 0.34427 0.000837104
-0.84308 0.29895 0.000528911
-0.882095 0.26473 0.000177289
-0.905531 0.242925 -0.00020425
-0.912488 0.234372 -0.000601043
-0.902698 0.239401 -0.000997844
-0.876537 0.257818 -0.0013794
-0.835012 0.288916 -0.00173106
-0.779717 0.331499 -0.00203929
-0.712777 0.383931 -0.00229227
-0.636765 0.444197 -0.00248026
-0.554603 0.509981 -0.00259604
-0.469446 0.578756 -0.00263516
-0.384568 0.647878 -0.00259613
-0.303231 0.714691 -0.00248043
-0.228559 0.776627 -0.00229251
-0.163423 0.831307 -0.00203961
-0.110326 0.876629 -0.00173142
-0.0713078 0.910852 -0.00137981
-0.0478681 0.93266 -0.000998277
-0.0409076 0.941216 -0.000601485
-0.0506938 0.93619 -0.000204682
-0.0768507 0.917775 0.000176881
-0.118373 0.88668 0.000528544
-0.173665 0.8441 0.000836792
-0.240602 0.79167 0.00108978
-0.316612 0.731405 0.00127778
-0.398774 0.665622 0.00139358
-0.48393 0.596848 0.00143272
-0.568809 0.527726 0.0013937
-0.650147 0.460912 0.00127802
-0.724821 0.398974 0.00109012
-0.789959 0.344292 0.000837229
-0.843059 0.298968 0.000529058
-0.882081 0.264742 0.000177452
-0.905524 0.242932 -0.000204077
-0.912488 0.234373 -0.000600867
-0.902706 0.239396 -0.000997671
-0.876552 0.257807 -0.00137924
-0.835033 0.2889 -0.00173091
-0.779744 0.331478 -0.00203917
-0.712809 0.383906 -0.00229217
-0.636801 0.444169 -0.00248019
-0.55464 0.509951 -0.002596
-0.469484 0.578725 -0.00263516
-0.384605 0.647847 -0.00259616
-0.303265 0.714662 -0.00248049
-0.22859 0.776601 -0.00229261
-0.16345 0.831285 -0.00203973
-0.110347 0.876612 -0.00173157
-0.0713217 0.910839 -0.00137997
-0.0478749 0.932653 -0.00099845
-0.040907 0.941215 -0.000601661
-0.0506858 0.936195 -0.000204856
-0.0768356 0.917786 0.000176718
-0.118351 0.886697 0.000528397
-0.173638 0.844121 0.000836667
-0.240571 0.791695 0.00108968
-0.316577 0.731433 0.00127772
-0.398737 0.665652 0.00139355
-0.483893 0.596878 0.00143272
-0.568772 0.527756 0.00139374
-0.650113 0.460941 0.00127809
-0.72479 0.399 0.00109022
-0.789933 0.344314 0.000837354
-0.843039 0.298985 0.000529205
-0.882067 0.264755 0.000177615
-0.905517 0.242938 -0.000203903
-0.912489 0.234374 -0.00060069
-0.902714 0.239391 -0.000997498
-0.876567 0.257796 -0.00137908
-0.835055 0.288883 -0.00173076
-0.779771 0.331457 -0.00203904
-0.712841 0.383881 -0.00229207
-0.636836 0.444141 -0.00248012
-0.554677 0.509921 -0.00259597
-0.469522 0.578694 -0.00263516
-0.384642 0.647817 -0.00259619
-0.3033 0.714633 -0.00248056
-0.228621 0.776575 -0.00229271
-0.163476 0.831263 -0.00203986
-0.110367 0.876594 -0.00173172
-0.0713356 0.910827 -0.00138014
-0.0478816 0.932647 -0.000998623
-0.0409064 0.941214 -0.000601838
-0.0506778 0.9362 -0.000205029
-0.0768206 0.917797 0.000176555
-0.11833 0.886713 0.000528251
-0.173611 0.844142 0.000836542
-0.240539 0.79172 0.00108958
-0.316542 0.731461 0.00127765
-0.3987 0.665682 0.00139351
-0.483855 0.596909 0.00143272
-0.568735 0.527786 0.00139377
-0.650078 0.460969 0.00127816
-0.724759 0.399026 0.00109032
-0.789906 0.344337 0.000837478
-0.843018 0.299003 0.000529351
-0.882053 0.264767 0.000177778
-0.90551 0.242945 -0.00020373
-0.912489 0.234375 -0.000600514
-0.902722 0.239386 -0.000997325
-0.876582 0.257785 -0.00137891
-0.835076 0.288867 -0.00173062
-0.779798 0.331436 -0.00203892
-0.712873 0.383856 -0.00229197
-0.636871 0.444113 -0.00248005
-0.554714 0.509892 -0.00259594
-0.46956 0.578664 -0.00263516
-0.384679 0.647787 -0.00259623
-0.303335 0.714605 -0.00248063
-0.228652 0.776549 -0.00229281
-0.163502 0.83124 -0.00203998
-0.110388 0.876576 -0.00173186
-0.0713495 0.910815 -0.0013803
-0.0478884 0.93264 -0.000998796
-0.0409057 0.941213 -0.000602014
-0.0506699 0.936205 -0.000205202
-0.0768055 0.917808 0.000176392
-0.118308 0.88673 0.000528104
-0.173584 0.844163 0.000836417
-0.240507 0.791745 0.00108948
-0.316507 0.731489 0.00127758
-0.398663 0.665712 0.00139348
-0.483817 0.59694 0.00143272
-0.568698 0.527816 0.00139381
-0.650043 0.460998 0.00127822
-0.724727 0.399052 0.00109042
-0.78988 0.344359 0.000837603
-0.842998 0.299021 0.000529498
-0.882039 0.26478 0.000177941
-0.905504 0.242952 -0.000203557
-0.918611 0.224468 -0.000828867
-0.908621 0.229601 -0.00123344
-0.881941 0.248385 -0.00162246
-0.839595 0.280097 -0.00198099
-0.783211 0.32352 -0.00229525
-0.714955 0.376983 -0.00255315
-0.637451 0.438433 -0.00274479
-0.553676 0.505508 -0.00286281
-0.46685 0.575631 -0.00290266
-0.38031 0.646107 -0.00286283
-0.297381 0.714228 -0.00274483
-0.22125 0.777375 -0.0025532
-0.154842 0.833123 -0.00229531
-0.10071 0.879328 -0.00198107
-0.0609344 0.914216 -0.00162255
-0.0370426 0.936446 -0.00123353
-0.0299533 0.945163 -0.000828957
-0.0399388 0.940032 -0.000424383
-0.0666154 0.921251 -3.53522e-05
-0.108958 0.889542 0.000323185
-0.165339 0.846122 0.00063745
-0.233593 0.792661 0.000895367
-0.311096 0.731212 0.00108703
-0.39487 0.664138 0.00120506
-0.481695 0.594015 0.00124493
-0.568236 0.523539 0.00120511
-0.651166 0.455418 0.00108713
-0.727299 0.392269 0.000895517
-0.793709 0.336519 0.000637641
-0.847843 0.290312 0.000323409
-0.887623 0.255421 -3.51028e-05
-0.911518 0.233188 -0.000424118
-0.918611 0.224468 -0.000828687
-0.908629 0.229596 -0.00123326
-0.881956 0.248374 -0.0016223
-0.839617 0.280081 -0.00198084
-0.783239 0.323498 -0.00229512
-0.714987 0.376958 -0.00255305
-0.637486 0.438405 -0.00274472
-0.553714 0.505478 -0.00286277
-0.466888 0.5756 -0.00290266
-0.380347 0.646076 -0.00286286
-0.297416 0.714199 -0.0027449
-0.221281 0.777349 -0.0025533
-0.154869 0.8331 -0.00229544
-0.100731 0.87931 -0.00198122
-0.0609486 0.914204 -0.00162271
-0.0370495 0.936439 -0.0012337
-0.0299526 0.945162 -0.000829137
-0.0399306 0.940038 -0.000424559
-0.0666 0.921263 -3.55185e-05
-0.108936 0.889559 0.000323035
-0.165312 0.846144 0.000637323
-0.23356 0.792686 0.000895268
-0.31106 0.731241 0.00108696
-0.394832 0.664168 0.00120502
-0.481657 0.594046 0.00124493
-0.568198 0.52357 0.00120515
-0.651131 0.455447 0.0010872
-0.727267 0.392295 0.000895617
-0.793682 0.336542 0.000637768
-0.847822 0.29033 0.000323559
-0.887609 0.255434 -3.49366e-05
-0.911511 0.233195 -0.000423941
-0.918612 0.224469 -0.000828507
-0.908638 0.229591 -0.00123309
-0.881972 0.248363 -0.00162213
-0.839639 0.280064 -0.00198069
-0.783266 0.323477 -0.00229499
-0.71502 0.376932 -0.00255295
-0.637522 0.438376 -0.00274466
-0.553752 0.505447 -0.00286274
-0.466927 0.575569 -0.00290266
-0.380385 0.646046 -0.0028629
-0.297451 0.714169 -0.00274497
-0.221313 0.777322 -0.0025534
-0.154896 0.833077 -0.00229557
-0.100752 0.879292 -0.00198137
-0.0609627 0.914191 -0.00162288
-0.0370564 0.936432 -0.00123388
-0.029952 0.945161 -0.000829317
-0.0399225 0.940043 -0.000424736
-0.0665847 0.921274 -3.56847e-05
-0.108914 0.889575 0.000322885
-0.165284 0.846165 0.000637196
-0.233528 0.792712 0.000895167
-0.311024 0.731269 0.00108689
-0.394794 0.664199 0.00120499
-0.481618 0.594078 0.00124493
-0.56816 0.523601 0.00120518
-0.651095 0.455476 0.00108727
-0.727235 0.392322 0.000895717
-0.793655 0.336565 0.000637896
-0.847802 0.290348 0.000323708
-0.887594 0.255446 -3.47703e-05
-0.911504 0.233202 -0.000423765
-0.918612 0.22447 -0.000828327
-0.908646 0.229585 -0.00123291
-0.881987 0.248351 -0.00162197
-0.839661 0.280047 -0.00198054
-0.783294 0.323455 -0.00229487
-0.715052 0.376906 -0.00255285
-0.637558 0.438347 -0.00274459
-0.553789 0.505417 -0.0028627
-0.466965 0.575538 -0.00290266
-0.380423 0.646015 -0.00286293
-0.297487 0.71414 -0.00274503
-0.221345 0.777296 -0.0025535
-0.154923 0.833055 -0.00229569
-0.100773 0.879274 -0.00198152
-0.0609769 0.914178 -0.00162305
-0.0370633 0.936425 -0.00123406
-0.0299514 0.945161 -0.000829497
-0.0399143 0.940048 -0.000424912
-0.0665693 0.921285 -3.5851e-05
-0.108892 0.889592 0.000322736
-0.165256 0.846187 0.000637068
-0.233496 0.792737 0.000895067
-0.310988 0.731298 0.00108682
-0.394756 0.664229 0.00120495
-0.481579 0.594109 0.00124493
-0.568123 0.523632 0.00120522
-0.65106 0.455505 0.00108734
-0.727204 0.392348 0.000895817
-0.793628 0.336588 0.000638023
-0.847781 0.290366 0.000323858
-0.88758 0.255459 -3.46041e-05
-0.911497 0.233209 -0.000423588
-0.918613 0.224471 -0.000828147
-0.908654 0.22958 -0.00123273
-0.882002 0.24834 -0.0016218
-0.839683 0.280031 -0.00198039
-0.783322 0.323434 -0.00229474
-0.715085 0.376881 -0.00255275
-0.637594 0.438319 -0.00274452
-0.553827 0.505386 -0.00286267
-0.467004 0.575506 -0.00290266
-0.38046 0.645984 -0.00286297
-0.297522 0.714111 -0.0027451
-0.221376 0.777269 -0.0025536
-0.154949 0.833032 -0.00229582
-0.100794 0.879256 -0.00198167
-0.0609911 0.914166 -0.00162321
-0.0370702 0.936418 -0.00123423
-0.0299507 0.94516 -0.000829677
-0.0399062 0.940054 -0.000425089
-0.066554 0.921296 -3.60173e-05
-0.10887 0.889609 0.000322586
-0.165228 0.846208 0.000636941
-0.233463 0.792763 0.000894967
-0.310952 0.731326 0.00108675
-0.394718 0.66426 0.00120492
-0.481541 0.59414 0.00124493
-0.568085 0.523662 0.00120525
-0.651024 0.455535 0.0010874
-0.727172 0.392375 0.000895917
-0.793601 0.33661 0.00063815
-0.84776 0.290384 0.000324008
-0.887566 0.255472 -3.44378e-05
-0.91149 0.233216 -0.000423412
-0.918614 0.224472 -0.000827967
-0.908662 0.229575 -0.00123256
-0.882018 0.248329 -0.00162163
-0.907659 0.228411 -0.00105651
-0.897862 0.233446 -0.00145332
-0.871694 0.251869 -0.00183487
-0.830162 0.282972 -0.00218651
-0.774861 0.325561 -0.00249473
-0.707916 0.377997 -0.00274768
-0.6319 0.438266 -0.00293564
-0.549735 0.504053 -0.00305139
-0.464577 0.572829 -0.00309047
-0.379699 0.641951 -0.0030514
-0.298363 0.708763 -0.00293567
-0.223695 0.770697 -0.00274772
-0.158563 0.825374 -0.00249479
-0.105471 0.870692 -0.00218658
-0.0664591 0.90491 -0.00183495
-0.0430263 0.926713 -0.0014534
-0.0360732 0.935262 -0.0010566
-0.0458668 0.93023 -0.000659801
-0.072031 0.91181 -0.000278243
-0.11356 0.880709 7.34061e-05
-0.168858 0.838124 0.000381635
-0.235801 0.785689 0.000634597
-0.311815 0.725421 0.000822573
-0.393979 0.659635 0.000938339
-0.479137 0.59086 0.000977446
-0.564015 0.521738 0.000938391
-0.645352 0.454925 0.000822675
-0.720023 0.392989 0.000634744
-0.785157 0.338311 0.000381822
-0.838252 0.29299 7.36262e-05
-0.877267 0.25877 -0.000277999
-0.900703 0.236965 -0.000659541
-0.90766 0.228412 -0.00105634
-0.89787 0.233441 -0.00145314
-0.871709 0.251858 -0.0018347
-0.830183 0.282956 -0.00218636
-0.774888 0.325539 -0.0024946
-0.707948 0.377972 -0.00274758
-0.631936 0.438238 -0.00293557
-0.549772 0.504023 -0.00305135
-0.464615 0.572798 -0.00309047
-0.379736 0.641921 -0.00305144
-0.298398 0.708734 -0.00293574
-0.223726 0.770671 -0.00274782
-0.158589 0.825352 -0.00249491
-0.105492 0.870674 -0.00218673
-0.066473 0.904897 -0.00183511
-0.0430331 0.926706 -0.00145357
-0.0360725 0.935261 -0.00105678
-0.0458588 0.930235 -0.000659974
-0.0720159 0.911821 -0.000278406
-0.113539 0.880726 7.32593e-05
-0.168831 0.838145 0.00038151
-0.235769 0.785714 0.000634499
-0.31178 0.725449 0.000822506
-0.393942 0.659665 0.000938305
-0.479099 0.590891 0.000977446
-0.563978 0.521768 0.000938425
-0.645318 0.454954 0.000822742
-0.719992 0.393015 0.000634842
-0.78513 0.338333 0.000381947
-0.838231 0.293008 7.3773e-05
-0.877253 0.258782 -0.000277836
-0.900696 0.236971 -0.000659368
-0.907661 0.228413 -0.00105616
-0.897878 0.233436 -0.00145297
-0.871724 0.251847 -0.00183454
-0.830205 0.28294 -0.00218622
-0.774915 0.325518 -0.00249448
-0.70798 0.377947 -0.00274748
-0.631971 0.43821 -0.0029355
-0.549809 0.503993 -0.00305132
-0.464653 0.572768 -0.00309047
-0.379773 0.641891 -0.00305147
-0.298433 0.708706 -0.0029358
-0.223757 0.770646 -0.00274792
-0.158616 0.82533 -0.00249504
-0.105512 0.870657 -0.00218688
-0.0664869 0.904885 -0.00183527
-0.0430399 0.926699 -0.00145375
-0.0360719 0.93526 -0.00105696
-0.0458508 0.93024 -0.000660147
-0.0720009 0.911832 -0.00027857
-0.113517 0.880742 7.31126e-05
-0.168804 0.838166 0.000381385
-0.235737 0.785739 0.000634401
-0.311745 0.725477 0.000822438
-0.393905 0.659695 0.00093827
-0.479061 0.590921 0.000977446
-0.563941 0.521798 0.000938459
-0.645283 0.454982 0.00082281
-0.71996 0.393041 0.00063494
-0.785104 0.338355 0.000382071
-0.838211 0.293026 7.39197e-05
-0.877239 0.258795 -0.000277673
-0.90069 0.236978 -0.000659195
-0.907661 0.228414 -0.00105599
-0.897886 0.233431 -0.0014528
-0.871739 0.251836 -0.00183438
-0.830227 0.282923 -0.00218607
-0.774942 0.325497 -0.00249435
-0.708011 0.377922 -0.00274738
-0.632006 0.438182 -0.00293543
-0.549846 0.503963 -0.00305128
-0.46469 0.572737 -0.00309047
-0.37981 0.64186 -0.00305151
-0.298467 0.708677 -0.00293587
-0.223788 0.77062 -0.00274802
-0.158642 0.825307 -0.00249516
-0.105533 0.870639 -0.00218702
-0.0665008 0.904873 -0.00183544
-0.0430466 0.926692 -0.00145392
-0.0360713 0.93526 -0.00105713
-0.0458429 0.930246 -0.00066032
-0.0719858 0.911843 -0.000278733
-0.113496 0.880759 7.29658e-05
-0.168777 0.838187 0.00038126
-0.235705 0.785764 0.000634303
-0.311709 0.725505 0.000822371
-0.393868 0.659725 0.000938236
-0.479024 0.590952 0.000977446
-0.563904 0.521828 0.000938494
-0.645248 0.455011 0.000822877
-0.719929 0.393067 0.000635038
-0.785078 0.338377 0.000382196
-0.83819 0.293043 7.40664e-05
-0.877225 0.258807 -0.00027751
-0.900683 0.236985 -0.000659022
-0.907662 0.228414 -0.00105581
-0.897894 0.233425 -0.00145262
-0.871755 0.251825 -0.00183421
-0.830248 0.282907 -0.00218592
-0.77497 0.325476 -0.00249423
-0.708043 0.377897 -0.00274728
-0.632041 0.438154 -0.00293537
-0.549884 0.503934 -0.00305125
-0.464728 0.572706 -0.00309047
-0.379847 0.64183 -0.00305154
-0.298502 0.708649 -0.00293594
-0.223819 0.770594 -0.00274812
-0.158668 0.825285 -0.00249529
-0.105553 0.870621 -0.00218717
-0.0665147 0.90486 -0.0018356
-0.0430534 0.926685 -0.00145409
-0.0360707 0.935259 -0.00105731
-0.0458349 0.930251 -0.000660493
-0.0719708 0.911854 -0.000278896
-0.113474 0.880775 7.2819e-05
-0.16875 0.838208 0.000381135
-0.235674 0.78579 0.000634205
-0.311674 0.725533 0.000822303
-0.393831 0.659755 0.000938201
-0.478986 0.590983 0.000977446
-0.563867 0.521859 0.000938528
-0.645214 0.455039 0.000822945
-0.719898 0.393093 0.000635136
-0.785051 0.3384 0.000382321
-0.83817 0.293061 7.42131e-05
-0.877211 0.25882 -0.000277347
-0.900676 0.236992 -0.000658848
-0.880054 0.246051 -0.00127542
-0.870825 0.250794 -0.0016492
-0.846176 0.268148 -0.00200861
-0.807053 0.297447 -0.00233985
-0.75496 0.337564 -0.00263019
-0.691899 0.386958 -0.00286846
-0.620293 0.443731 -0.00304552
-0.542894 0.505702 -0.00315455
-0.462677 0.570488 -0.00319138
-0.382723 0.635599 -0.00315457
-0.306106 0.698535 -0.00304555
-0.235769 0.756877 -0.00286851
-0.174416 0.808381 -0.00263025
-0.124404 0.85107 -0.00233992
-0.0876558 0.883303 -0.00200869
-0.0655825 0.90384 -0.00164928
-0.0590327 0.911894 -0.0012755
-0.0682582 0.907154 -0.000901716
-0.0929044 0.889802 -0.000542295
-0.132024 0.860506 -0.000211046
-0.184114 0.820391 7.93003e-05
-0.247173 0.770999 0.000317587
-0.318777 0.714227 0.000494658
-0.396175 0.652258 0.000603708
-0.476392 0.587472 0.000640546
-0.556346 0.52236 0.000603756
-0.632965 0.459423 0.000494754
-0.703303 0.401081 0.000317726
-0.764658 0.349574 7.94766e-05
-0.814673 0.306883 -0.000210839
-0.851425 0.274648 -0.000542065
-0.873501 0.254108 -0.000901472
-0.880055 0.246052 -0.00127525
-0.870833 0.250789 -0.00164903
-0.84619 0.268138 -0.00200846
-0.807073 0.297431 -0.00233971
-0.754985 0.337544 -0.00263007
-0.691929 0.386935 -0.00286837
-0.620326 0.443705 -0.00304546
-0.54293 0.505673 -0.00315452
-0.462713 0.570459 -0.00319138
-0.382758 0.635571 -0.0031546
-0.306139 0.698508 -0.00304562
-0.235799 0.756852 -0.0028686
-0.174441 0.80836 -0.00263037
-0.124424 0.851053 -0.00234006
-0.0876689 0.883291 -0.00200884
-0.0655888 0.903834 -0.00164944
-0.0590321 0.911893 -0.00127566
-0.0682506 0.907159 -0.000901879
-0.0928902 0.889813 -0.000542449
-0.132004 0.860522 -0.000211185
-0.184089 0.820411 7.91827e-05
-0.247143 0.771022 0.000317495
-0.318744 0.714253 0.000494594
-0.39614 0.652286 0.000603675
-0.476357 0.587501 0.000640546
-0.556312 0.522389 0.000603789
-0.632932 0.45945 0.000494817
-0.703274 0.401105 0.000317818
-0.764634 0.349595 7.95942e-05
-0.814654 0.3069 -0.000210701
-0.851412 0.27466 -0.000541911
-0.873495 0.254114 -0.000901309
-0.880055 0.246052 -0.00127508
-0.87084 0.250784 -0.00164887
-0.846204 0.268127 -0.0020083
-0.807093 0.297416 -0.00233958
-0.755011 0.337524 -0.00262995
-0.691959 0.386911 -0.00286828
-0.62036 0.443679 -0.00304539
-0.542965 0.505645 -0.00315449
-0.462748 0.57043 -0.00319138
-0.382793 0.635542 -0.00315464
-0.306171 0.698481 -0.00304568
-0.235828 0.756828 -0.00286869
-0.174466 0.808339 -0.00263048
-0.124443 0.851037 -0.0023402
-0.087682 0.883279 -0.002009
-0.0655952 0.903828 -0.0016496
-0.0590315 0.911893 -0.00127583
-0.0682431 0.907164 -0.000902043
-0.0928761 0.889823 -0.000542602
-0.131984 0.860537 -0.000211323
-0.184063 0.820431 7.90651e-05
-0.247113 0.771046 0.000317403
-0.318711 0.71428 0.000494531
-0.396105 0.652314 0.000603643
-0.476321 0.58753 0.000640546
-0.556277 0.522417 0.000603821
-0.632899 0.459477 0.000494881
-0.703245 0.40113 0.000317911
-0.764609 0.349616 7.97117e-05
-0.814634 0.306917 -0.000210563
-0.851399 0.274672 -0.000541757
-0.873489 0.254121 -0.000901146
-0.880056 0.246053 -0.00127492
-0.870848 0.250779 -0.00164871
-0.846218 0.268117 -0.00200815
-0.807114 0.2974 -0.00233944
-0.755037 0.337504 -0.00262984
-0.691989 0.386888 -0.00286819
-0.620393 0.443652 -0.00304533
-0.543 0.505617 -0.00315446
-0.462784 0.570401 -0.00319138
-0.382828 0.635514 -0.00315467
-0.306204 0.698454 -0.00304574
-0.235857 0.756803 -0.00286879
-0.174491 0.808318 -0.0026306
-0.124462 0.85102 -0.00234034
-0.0876951 0.883268 -0.00200915
-0.0656016 0.903821 -0.00164977
-0.0590309 0.911892 -0.001276
-0.0682356 0.907169 -0.000902206
-0.0928619 0.889834 -0.000542756
-0.131963 0.860553 -0.000211461
-0.184038 0.820451 7.89475e-05
-0.247083 0.771069 0.00031731
-0.318678 0.714306 0.000494467
-0.39607 0.652342 0.00060361
-0.476286 0.587559 0.000640546
-0.556242 0.522445 0.000603854
-0.632867 0.459504 0.000494944
-0.703215 0.401154 0.000318003
-0.764584 0.349637 7.98292e-05
-0.814615 0.306933 -0.000210424
-0.851386 0.274684 -0.000541604
-0.873482 0.254127 -0.000900983
-0.880057 0.246054 -0.00127475
-0.870855 0.250774 -0.00164854
-0.846232 0.268107 -0.002008
-0.807134 0.297385 -0.0023393
-0.755062 0.337484 -0.00262972
-0.692019 0.386864 -0.00286809
-0.620426 0.443626 -0.00304527
-0.543035 0.505589 -0.00315442
-0.462819 0.570372 -0.00319138
-0.382863 0.635486 -0.0031547
-0.306237 0.698427 -0.00304581
-0.235887 0.756779 -0.00286888
-0.174515 0.808297 -0.00263072
-0.124482 0.851003 -0.00234048
-0.0877082 0.883256 -0.0020093
-0.065608 0.903815 -0.00164993
-0.0590303 0.911891 -0.00127616
-0.0682281 0.907174 -0.000902369
-0.0928477 0.889844 -0.00054291
-0.131943 0.860568 -0.000211599
-0.184012 0.820471 7.88299e-05
-0.247053 0.771093 0.000317218
-0.318645 0.714333 0.000494403
-0.836856 0.276709 -0.00147716
-0.82855 0.280977 -0.00181355
-0.806366 0.296596 -0.00213702
-0.771156 0.322964 -0.00243513
-0.724273 0.359069 -0.00269643
-0.667519 0.403523 -0.00291088
-0.603075 0.454618 -0.00307022
-0.533417 0.51039 -0.00316835
-0.461223 0.568696 -0.00320149
-0.389266 0.627296 -0.00316837
-0.320312 0.683937 -0.00307025
-0.25701 0.736444 -0.00291092
-0.201793 0.782797 -0.00269648
-0.156783 0.821216 -0.0024352
-0.12371 0.850225 -0.00213709
-0.103844 0.868709 -0.00181363
-0.0979496 0.875957 -0.00147723
-0.106252 0.871691 -0.00114083
-0.128434 0.856075 -0.00081736
-0.163641 0.829709 -0.000519242
-0.210521 0.793606 -0.000257934
-0.267273 0.749153 -4.34797e-05
-0.331716 0.69806 0.000115881
-0.401372 0.642288 0.000214024
-0.473567 0.583982 0.000247178
-0.545524 0.525383 0.000214068
-0.614479 0.468741 0.000115967
-0.677783 0.416233 -4.3355e-05
-0.733001 0.369878 -0.000257776
-0.778014 0.331457 -0.000519055
-0.81109 0.302446 -0.000817153
-0.830958 0.28396 -0.00114061
-0.836856 0.276709 -0.00147701
-0.828557 0.280973 -0.00181341
-0.806378 0.296586 -0.00213688
-0.771174 0.32295 -0.00243501
-0.724296 0.359051 -0.00269633
-0.667546 0.403502 -0.00291079
-0.603105 0.454594 -0.00307017
-0.533449 0.510365 -0.00316832
-0.461255 0.56867 -0.00320149
-0.389297 0.627271 -0.0031684
-0.320341 0.683913 -0.00307031
-0.257036 0.736422 -0.002911
-0.201815 0.782778 -0.00269659
-0.156801 0.821201 -0.00243532
-0.123722 0.850215 -0.00213723
-0.10385 0.868703 -0.00181377
-0.097949 0.875956 -0.00147738
-0.106246 0.871695 -0.00114098
-0.128421 0.856084 -0.000817499
-0.163623 0.829723 -0.000519366
-0.210498 0.793624 -0.00025804
-0.267246 0.749175 -4.35628e-05
-0.331686 0.698083 0.000115824
-0.401341 0.642314 0.000213995
-0.473535 0.584008 0.000247178
-0.545493 0.525408 0.000214097
-0.61445 0.468765 0.000116024
-0.677756 0.416255 -4.32719e-05
-0.732979 0.369897 -0.00025767
-0.777996 0.331472 -0.000518931
-0.811078 0.302457 -0.000817015
-0.830953 0.283966 -0.00114047
-0.836857 0.27671 -0.00147686
-0.828563 0.280968 -0.00181326
-0.806391 0.296577 -0.00213675
-0.771192 0.322936 -0.00243488
-0.724319 0.359033 -0.00269622
-0.667573 0.403481 -0.00291071
-0.603135 0.454571 -0.00307011
-0.533481 0.510339 -0.00316829
-0.461287 0.568644 -0.00320149
-0.389329 0.627245 -0.00316842
-0.32037 0.683889 -0.00307037
-0.257062 0.7364 -0.00291108
-0.201838 0.782759 -0.0026967
-0.156818 0.821186 -0.00243544
-0.123733 0.850204 -0.00213737
-0.103856 0.868697 -0.00181392
-0.0979485 0.875956 -0.00147753
-0.106239 0.8717 -0.00114113
-0.128408 0.856093 -0.000817637
-0.163604 0.829736 -0.000519491
-0.210475 0.793642 -0.000258146
-0.267219 0.749196 -4.3646e-05
-0.331656 0.698107 0.000115767
-0.401309 0.642339 0.000213966
-0.473503 0.584034 0.000247178
-0.545461 0.525434 0.000214126
-0.61442 0.468789 0.000116081
-0.67773 0.416277 -4.31888e-05
-0.732957 0.369916 -0.000257564
-0.777979 0.331487 -0.000518806
-0.811066 0.302467 -0.000816876
-0.830947 0.283971 -0.00114032
-0.836857 0.276711 -0.00147671
-0.82857 0.280964 -0.00181311
-0.806404 0.296568 -0.00213661
-0.77121 0.322922 -0.00243476
-0.724342 0.359015 -0.00269611
-0.6676 0.403459 -0.00291063
-0.603165 0.454547 -0.00307005
-0.533512 0.510314 -0.00316826
-0.461319 0.568618 -0.00320149
-0.38936 0.627219 -0.00316845
-0.3204 0.683865 -0.00307042
-0.257089 0.736378 -0.00291117
-0.20186 0.78274 -0.0026968
-0.156835 0.821171 -0.00243557
-0.123745 0.850194 -0.00213751
-0.103861 0.868692 -0.00181407
-0.097948 0.875955 -0.00147768
-0.106232 0.871704 -0.00114127
-0.128395 0.856103 -0.000817775
-0.163586 0.82975 -0.000519615
-0.210452 0.793659 -0.000258252
-0.267192 0.749217 -4.37292e-05
-0.331626 0.698131 0.000115709
-0.401278 0.642364 0.000213936
-0.47347 0.58406 0.000247177
-0.54543 0.525459 0.000214155
-0.614391 0.468813 0.000116139
-0.677704 0.416299 -4.31057e-05
-0.732935 0.369935 -0.000257458
-0.777962 0.331502 -0.000518682
-0.811054 0.302478 -0.000816738
-0.830941 0.283977 -0.00114017
-0.836858 0.276711 -0.00147656
-0.828577 0.28096 -0.00181297
-0.806417 0.296558 -0.00213647
-0.771229 0.322909 -0.00243464
-0.724365 0.358997 -0.00269601
-0.667627 0.403438 -0.00291054
-0.603194 0.454523 -0.00306999
-0.533544 0.510289 -0.00316823
-0.779724 0.319206 -0.00165399
-0.772661 0.322837 -0.00194007
-0.753794 0.336119 -0.00221516
-0.72385 0.358544 -0.00246869
-0.683979 0.389249 -0.00269091
-0.635713 0.427055 -0.00287328
-0.580908 0.470508 -0.0030088
-0.521668 0.517939 -0.00309225
-0.460271 0.567525 -0.00312043
-0.399076 0.61736 -0.00309226
-0.340434 0.66553 -0.00300882
-0.2866 0.710184 -0.00287331
-0.239641 0.749605 -0.00269095
-0.201363 0.782278 -0.00246874
-0.173236 0.806948 -0.00221522
-0.156341 0.822668 -0.00194013
-0.151328 0.828832 -0.00165405
-0.158389 0.825204 -0.00136796
-0.177253 0.811923 -0.00109287
-0.207195 0.7895 -0.000839336
-0.247064 0.758797 -0.00061711
-0.295328 0.720993 -0.000434729
-0.350132 0.677541 -0.000299202
-0.409371 0.63011 -0.000215737
-0.470768 0.580525 -0.000187542
-0.531964 0.530689 -0.0002157
-0.590606 0.482518 -0.000299129
-0.644442 0.437864 -0.000434623
-0.691402 0.398442 -0.000616975
-0.729683 0.365767 -0.000839178
-0.757812 0.341095 -0.00109269
-0.774709 0.325373 -0.00136778
-0.779725 0.319207 -0.00165386
-0.772666 0.322833 -0.00193995
-0.753805 0.336111 -0.00221505
-0.723866 0.358532 -0.00246858
-0.683999 0.389234 -0.00269082
-0.635736 0.427037 -0.00287321
-0.580933 0.470488 -0.00300875
-0.521695 0.517917 -0.00309222
-0.460298 0.567503 -0.00312043
-0.399102 0.617339 -0.00309229
-0.340459 0.66551 -0.00300887
-0.286622 0.710165 -0.00287339
-0.23966 0.749589 -0.00269104
-0.201378 0.782265 -0.00246885
-0.173246 0.806939 -0.00221534
-0.156346 0.822663 -0.00194026
-0.151328 0.828831 -0.00165418
-0.158384 0.825207 -0.00136809
-0.177242 0.811931 -0.00109299
-0.207179 0.789512 -0.000839442
-0.247044 0.758812 -0.0006172
-0.295305 0.721011 -0.0004348
-0.350107 0.677561 -0.000299251
-0.409345 0.630132 -0.000215762
-0.470741 0.580547 -0.000187542
-0.531937 0.530711 -0.000215675
-0.590581 0.482539 -0.00029908
-0.64442 0.437883 -0.000434552
-0.691383 0.398458 -0.000616885
-0.729668 0.36578 -0.000839072
-0.757802 0.341104 -0.00109257
-0.774704 0.325378 -0.00136765
-0.779725 0.319208 -0.00165373
-0.772672 0.322829 -0.00193982
-0.753816 0.336103 -0.00221493
-0.723881 0.35852 -0.00246848
-0.684018 0.389219 -0.00269073
-0.635759 0.427019 -0.00287314
-0.580958 0.470468 -0.0030087
-0.521722 0.517896 -0.0030922
-0.460325 0.567481 -0.00312043
-0.399129 0.617317 -0.00309231
-0.340484 0.665489 -0.00300892
-0.286644 0.710147 -0.00287346
-0.239679 0.749573 -0.00269113
-0.201392 0.782253 -0.00246895
-0.173256 0.80693 -0.00221546
-0.156351 0.822658 -0.00194038
-0.151327 0.828831 -0.0016543
-0.158378 0.825211 -0.00136821
-0.177231 0.811939 -0.0010931
-0.207164 0.789524 -0.000839548
-0.247025 0.758827 -0.00061729
-0.295282 0.721029 -0.00043487
-0.350082 0.677581 -0.000299299
-0.409318 0.630154 -0.000215787
-0.470714 0.580569 -0.000187542
-0.531911 0.530733 -0.00021565
-0.590556 0.48256 -0.000299032
-0.644397 0.437901 -0.000434482
-0.691364 0.398474 -0.000616795
-0.729653 0.365792 -0.000838966
-0.757792 0.341113 -0.00109246
-0.774699 0.325383 -0.00136753
-0.779726 0.319208 -0.0016536
-0.772678 0.322825 -0.0019397
-0.753827 0.336095 -0.00221481
-0.723897 0.358509 -0.00246837
-0.684038 0.389204 -0.00269064
-0.635782 0.427001 -0.00287307
-0.580984 0.470447 -0.00300865
-0.521748 0.517874 -0.00309217
-0.460353 0.567459 -0.00312043
-0.399156 0.617295 -0.00309233
-0.340509 0.665469 -0.00300897
-0.286667 0.710128 -0.00287353
-0.239698 0.749557 -0.00269122
-0.201407 0.78224 -0.00246906
-0.173266 0.806921 -0.00221557
-0.156356 0.822653 -0.00194051
-0.151327 0.82883 -0.00165443
-0.158372 0.825215 -0.00136834
-0.177221 0.811947 -0.00109322
-0.207148 0.789536 -0.000839654
-0.710855 0.371911 -0.00179911
-0.705305 0.374763 -0.00202389
-0.690482 0.3852 -0.00224003
-0.666954 0.402819 -0.00243923
-0.635627 0.426945 -0.00261383
-0.597704 0.456649 -0.00275712
-0.554643 0.49079 -0.0028636
-0.508097 0.528057 -0.00292917
-0.459857 0.567018 -0.00295131
-0.411775 0.606174 -0.00292918
-0.3657 0.644022 -0.00286362
-0.323402 0.679106 -0.00275715
-0.286506 0.71008 -0.00261386
-0.25643 0.735752 -0.00243927
-0.234331 0.755135 -0.00224008
-0.221056 0.767486 -0.00202394
-0.217118 0.772329 -0.00179916
-0.222665 0.769479 -0.00157438
-0.237487 0.759044 -0.00135823
-0.261013 0.741426 -0.00115903
-0.292338 0.717302 -0.000984424
-0.33026 0.687599 -0.000841125
-0.37332 0.653458 -0.00073464
-0.419865 0.616192 -0.000669061
-0.468105 0.577232 -0.000646908
-0.516187 0.538075 -0.000669032
-0.562263 0.500227 -0.000734583
-0.604562 0.465142 -0.000841042
-0.64146 0.434167 -0.000984318
-0.671537 0.408494 -0.00115891
-0.693638 0.389109 -0.00135809
-0.706915 0.376757 -0.00157423
-0.710855 0.371912 -0.00179901
-0.70531 0.374761 -0.00202379
-0.69049 0.385194 -0.00223994
-0.666966 0.40281 -0.00243915
-0.635643 0.426933 -0.00261376
-0.597722 0.456635 -0.00275707
-0.554663 0.490775 -0.00286356
-0.508119 0.52804 -0.00292915
-0.459878 0.567 -0.00295131
-0.411796 0.606157 -0.0029292
-0.36572 0.644006 -0.00286365
-0.323419 0.679092 -0.0027572
-0.286521 0.710067 -0.00261394
-0.256442 0.735742 -0.00243935
-0.234339 0.755128 -0.00224017
-0.22106 0.767482 -0.00202404
-0.217117 0.772329 -0.00179926
-0.222661 0.769482 -0.00157448
-0.237478 0.75905 -0.00135833
-0.261 0.741435 -0.00115911
-0.292323 0.717314 -0.000984495
-0.330242 0.687613 -0.000841181
-0.3733 0.653474 -0.000734679
-0.419844 0.616209 -0.000669081
-0.468084 0.577249 -0.000646908
-0.516166 0.538092 -0.000669012
-0.562243 0.500243 -0.000734545
-0.604545 0.465156 -0.000840986
-0.641445 0.43418 -0.000984247
-0.671525 0.408504 -0.00115882
-0.69363 0.389116 -0.001358
-0.706911 0.37676 -0.00157413
-0.710856 0.371912 -0.00179891
-0.705314 0.374758 -0.00202369
-0.690499 0.385187 -0.00223985
-0.666979 0.402801 -0.00243906
-0.635658 0.426921 -0.00261369
-0.59774 0.45662 -0.00275701
-0.554683 0.490759 -0.00286352
-0.50814 0.528024 -0.00292913
-0.4599 0.566983 -0.00295131
-0.411817 0.60614 -0.00292922
-0.365739 0.643989 -0.00286369
-0.323437 0.679077 -0.00275726
-0.286536 0.710055 -0.00261401
-0.256453 0.735732 -0.00243944
-0.234346 0.755121 -0.00224026
-0.221064 0.767478 -0.00202413
-0.217117 0.772328 -0.00179936
-0.222656 0.769485 -0.00157457
-0.23747 0.759057 -0.00135842
-0.260988 0.741445 -0.0011592
-0.292307 0.717326 -0.000984565
-0.330224 0.687627 -0.000841236
-0.37328 0.65349 -0.000734717
-0.419823 0.616226 -0.0006691
-0.468062 0.577267 -0.000646908
-0.516145 0.53811 -0.000668993
-0.562224 0.50026 -0.000734506
-0.632895 0.432798 -0.00190695
-0.629072 0.434762 -0.00206179
-0.618861 0.441951 -0.00221067
-0.602654 0.454088 -0.00234789
-0.581075 0.470707 -0.00246816
-0.554952 0.491168 -0.00256686
-0.52529 0.514686 -0.00264021
-0.493227 0.540357 -0.00268538
-0.459998 0.567194 -0.00270063
-0.426877 0.594167 -0.00268538
-0.395139 0.620238 -0.00264022
-0.366002 0.644406 -0.00256688
-0.340587 0.665741 -0.00246818
-0.319869 0.683425 -0.00234792
-0.304646 0.696777 -0.0022107
-0.295502 0.705285 -0.00206182
-0.292789 0.708621 -0.00190698
-0.296611 0.706657 -0.00175214
-0.306821 0.69947 -0.00160326
-0.323026 0.687334 -0.00146604
-0.344604 0.670716 -0.00134576
-0.370726 0.650256 -0.00124705
-0.400388 0.626738 -0.0011737
-0.432449 0.601067 -0.00112853
-0.465679 0.57423 -0.00111327
-0.4988 0.547258 -0.00112851
-0.530539 0.521186 -0.00117366
-0.559676 0.497018 -0.00124699
-0.585093 0.475682 -0.00134569
-0.605811 0.457997 -0.00146595
-0.621035 0.444644 -0.00160316
-0.63018 0.436135 -0.00175204
-0.632895 0.432798 -0.00190688
-0.629075 0.43476 -0.00206172
-0.618867 0.441947 -0.00221061
-0.602663 0.454082 -0.00234783
-0.581086 0.470698 -0.00246811
-0.554965 0.491158 -0.00256683
-0.525303 0.514675 -0.00264018
-0.493242 0.540345 -0.00268536
-0.460012 0.567182 -0.00270063
-0.426892 0.594155 -0.0026854
-0.395152 0.620227 -0.00264025
-0.366014 0.644395 -0.00256692
-0.340597 0.665732 -0.00246823
-0.319877 0.683418 -0.00234797
-0.304652 0.696772 -0.00221077
-0.295505 0.705282 -0.00206189
-0.292789 0.708621 -0.00190705
-0.296608 0.70666 -0.00175221
-0.306815 0.699474 -0.00160332
-0.323017 0.68734 -0.00146609
-0.344593 0.670724 -0.00134581
-0.370713 0.650265 -0.00124709
-0.400374 0.626749 -0.00117373
-0.432435 0.601079 -0.00112854
-0.465664 0.574242 -0.00111327
-0.498785 0.54727 -0.00112849
-0.530525 0.521198 -0.00117363
-0.559664 0.497028 -0.00124696
-0.585082 0.475691 -0.00134564
-0.605803 0.458004 -0.00146589
-0.62103 0.444649 -0.0016031
-0.548839 0.499526 -0.00197336
-0.54689 0.500527 -0.0020523
-0.541684 0.504193 -0.00212821
-0.533421 0.510381 -0.00219817
-0.522419 0.518854 -0.00225949
-0.5091 0.529286 -0.00230982
-0.493976 0.541277 -0.00234721
-0.477629 0.554365 -0.00237024
-0.460687 0.568048 -0.00237802
-0.443801 0.5818 -0.00237025
-0.427619 0.595093 -0.00234722
-0.412763 0.607415 -0.00230983
-0.399805 0.618293 -0.00225951
-0.389242 0.627309 -0.00219819
-0.381481 0.634116 -0.00212823
-0.376819 0.638454 -0.00205232
-0.375435 0.640155 -0.00197338
-0.377384 0.639154 -0.00189443
-0.382589 0.635489 -0.00181852
-0.390852 0.629302 -0.00174856
-0.401853 0.620829 -0.00168724
-0.415172 0.610397 -0.00163691
-0.430295 0.598407 -0.00159951
-0.446642 0.585319 -0.00157648
-0.463584 0.571636 -0.0015687
-0.480471 0.557884 -0.00157647
-0.496653 0.544591 -0.00159949
-0.511509 0.532269 -0.00163688
-0.524467 0.52139 -0.0016872
-0.53503 0.512374 -0.00174851
-0.542793 0.505566 -0.00181847
-0.547455 0.501227 -0.00189438
-0.461919 0.569531 -0.00199579
