0.720421 0.206193 5.93783e-09
0.685737 0.326988 5.46253e-09
0.68593 0.324531 4.70603e-09
0.687445 0.317526 3.9786e-09
0.690223 0.306242 3.3082e-09
0.694158 0.291111 2.72059e-09
0.699098 0.272717 2.23834e-09
0.704853 0.251764 1.87999e-09
0.711202 0.22906 1.65932e-09
0.717902 0.205475 1.58479e-09
0.724695 0.181917 1.65929e-09
0.73132 0.159291 1.87993e-09
0.737522 0.138466 2.23825e-09
0.743062 0.120242 2.72047e-09
0.747729 0.10532 3.30806e-09
0.751343 0.0942739 3.97845e-09
0.753764 0.0875272 4.70587e-09
0.7549 0.0853395 5.46236e-09
0.754707 0.0877948 6.21886e-09
0.753192 0.0947989 6.9463e-09
0.750414 0.106083 7.61672e-09
0.74648 0.121212 8.20435e-09
0.741541 0.139606 8.68662e-09
0.735785 0.160558 9.045e-09
0.729436 0.183263 9.2657e-09
0.722736 0.206847 9.34026e-09
0.715943 0.230405 9.2658e-09
0.709318 0.253032 9.04519e-09
0.703116 0.273857 8.6869e-09
0.697576 0.292082 8.20471e-09
0.692909 0.307004 7.61713e-09
0.689295 0.318051 6.94676e-09
0.686874 0.324799 6.21936e-09
0.65218 0.443082 4.05487e-09
0.652559 0.438263 2.57095e-09
0.65553 0.424522 1.14405e-09
0.66098 0.402387 -1.70994e-10
0.668697 0.372707 -1.32364e-09
0.678387 0.336625 -2.2696e-09
0.689677 0.295525 -2.97252e-09
0.702132 0.250988 -3.40539e-09
0.715275 0.204726 -3.55158e-09
0.728599 0.158515 -3.40546e-09
0.741594 0.114132 -2.97265e-09
0.753759 0.0732818 -2.26979e-09
0.764628 0.037535 -1.32388e-09
0.773782 0.00826503 -1.71268e-10
0.78087 -0.0134034 1.14374e-09
0.785619 -0.0266375 2.57062e-09
0.787847 -0.0309289 4.05454e-09
0.787469 -0.0261125 5.53847e-09
0.784498 -0.0123735 6.96539e-09
0.779049 0.00976026 8.28047e-09
0.771332 0.0394381 9.43316e-09
0.761642 0.0755195 1.03792e-08
0.750353 0.116618 1.10821e-08
0.737898 0.161154 1.15151e-08
0.724756 0.207417 1.16613e-08
0.711431 0.253628 1.15153e-08
0.698436 0.298012 1.10825e-08
0.686271 0.338863 1.03797e-08
0.675402 0.374611 9.43386e-09
0.666247 0.403882 8.28129e-09
0.659159 0.425552 6.96631e-09
0.654409 0.438788 5.53945e-09
0.65218 0.443082 4.05553e-09
0.652558 0.438267 2.5716e-09
0.655528 0.42453 1.14466e-09
0.660977 0.402398 -1.70445e-10
0.668694 0.372722 -1.32318e-09
0.678383 0.336642 -2.26924e-09
0.689672 0.295544 -2.97227e-09
0.702126 0.251009 -3.40527e-09
0.715269 0.204746 -3.55158e-09
0.728593 0.158535 -3.40559e-09
0.741588 0.114151 -2.9729e-09
0.753754 0.0732988 -2.27015e-09
0.764623 0.0375495 -1.32434e-09
0.773778 0.00827636 -1.71817e-10
0.780867 -0.0133956 1.14313e-09
0.785617 -0.0266336 2.56998e-09
0.787847 -0.030929 4.05388e-09
0.787469 -0.0261166 5.53783e-09
0.7845 -0.0123814 6.96478e-09
0.779052 0.00974873 8.27992e-09
0.771336 0.0394235 9.43269e-09
0.761647 0.0755024 1.03788e-08
0.750358 0.116599 1.10819e-08
0.737904 0.161134 1.15149e-08
0.724762 0.207396 1.16613e-08
0.711437 0.253608 1.15154e-08
0.698442 0.297993 1.10828e-08
0.686276 0.338846 1.03801e-08
0.675406 0.374596 9.43432e-09
0.666251 0.403871 8.28184e-09
0.659162 0.425545 6.96692e-09
0.621039 0.550013 1.76896e-09
0.62159 0.543018 -3.85363e-10
0.625903 0.523069 -2.4569e-09
0.633815 0.490934 -4.36605e-09
0.645019 0.447846 -6.03944e-09
0.659087 0.395462 -7.41276e-09
0.675476 0.335794 -8.43325e-09
0.693559 0.271137 -9.06168e-09
0.712639 0.203974 -9.2739e-09
0.731983 0.136886 -9.06177e-09
0.750848 0.0724515 -8.43343e-09
0.76851 0.0131466 -7.41303e-09
0.784288 -0.0387497 -6.03978e-09
0.797578 -0.0812431 -4.36645e-09
0.807868 -0.112701 -2.45735e-09
0.814763 -0.131914 -3.85833e-10
0.817998 -0.138144 1.76849e-09
0.817448 -0.131152 3.92282e-09
0.813135 -0.111206 5.99439e-09
0.805225 -0.0790724 7.90358e-09
0.794021 -0.0359868 9.57703e-09
0.779954 0.0163954 1.09504e-08
0.763565 0.0760613 1.1971e-08
0.745483 0.140718 1.25995e-08
0.726403 0.207881 1.28118e-08
0.707059 0.274969 1.25998e-08
0.688193 0.339404 1.19715e-08
0.670532 0.398711 1.09512e-08
0.654752 0.450609 9.57804e-09
0.641462 0.493104 7.90477e-09
0.631171 0.524565 5.99572e-09
0.624276 0.543781 3.92423e-09
0.62104 0.550014 1.76992e-09
0.621589 0.543024 -3.84423e-10
0.625901 0.523081 -2.45602e-09
0.63381 0.49095 -4.36525e-09
0.645014 0.447867 -6.03876e-09
0.65908 0.395487 -7.41223e-09
0.675469 0.335822 -8.43288e-09
0.69355 0.271166 -9.06149e-09
0.71263 0.204004 -9.2739e-09
0.731974 0.136915 -9.06196e-09
0.75084 0.072479 -8.4338e-09
0.768502 0.0131714 -7.41356e-09
0.784282 -0.0387287 -6.04045e-09
0.797573 -0.0812267 -4.36724e-09
0.807864 -0.11269 -2.45823e-09
0.814761 -0.131908 -3.86772e-10
0.817997 -0.138144 1.76753e-09
0.817449 -0.131158 3.92188e-09
0.813138 -0.111217 5.9935e-09
0.805229 -0.0790891 7.90278e-09
0.794027 -0.0360081 9.57635e-09
0.779961 0.0163705 1.09499e-08
0.763573 0.0760337 1.19706e-08
0.745491 0.140689 1.25993e-08
0.726412 0.207851 1.28118e-08
0.707067 0.27494 1.26e-08
0.688202 0.339377 1.19719e-08
0.670539 0.398686 1.09518e-08
0.654759 0.450588 9.57872e-09
0.641467 0.493088 7.90557e-09
0.631175 0.524553 5.9966e-09
0.624278 0.543775 3.92517e-09
0.621041 0.550014 1.77088e-09
0.621588 0.54303 -3.83483e-10
0.625898 0.523093 -2.45513e-09
0.633806 0.490967 -4.36446e-09
0.645008 0.447888 -6.03808e-09
0.659073 0.395512 -7.4117e-09
0.675461 0.33585 -8.43251e-09
0.693542 0.271195 -9.0613e-09
0.712622 0.204033 -9.2739e-09
0.731966 0.136944 -9.06214e-09
0.750832 0.0725065 -8.43416e-09
0.768495 0.0131961 -7.41409e-09
0.784275 -0.0387077 -6.04113e-09
0.797568 -0.0812102 -4.36804e-09
0.80786 -0.112678 -2.45912e-09
0.814758 -0.131903 -3.87712e-10
0.817997 -0.138144 1.76657e-09
0.81745 -0.131164 3.92094e-09
0.813141 -0.111229 5.99262e-09
0.805234 -0.0791058 7.90199e-09
0.794032 -0.0360293 9.57567e-09
0.779968 0.0163456 1.09494e-08
0.76358 0.076006 1.19703e-08
0.745499 0.140659 1.25991e-08
0.72642 0.207821 1.28118e-08
0.707076 0.274911 1.26002e-08
0.68821 0.339349 1.19723e-08
0.593512 0.643674 -1.30736e-09
0.594213 0.63477 -4.0493e-09
0.599703 0.60938 -6.68587e-09
0.609772 0.568479 -9.11576e-09
0.624033 0.513639 -1.12456e-08
0.641937 0.446966 -1.29935e-08
0.662797 0.371024 -1.42923e-08
0.685812 0.288731 -1.50922e-08
0.710096 0.203248 -1.53623e-08
0.734717 0.117861 -1.50923e-08
0.758728 0.0358519 -1.42926e-08
0.781206 -0.0396289 -1.29938e-08
0.801289 -0.10568 -1.1246e-08
0.818203 -0.159764 -9.11626e-09
0.8313 -0.199803 -6.68643e-09
0.840076 -0.224256 -4.0499e-09
0.844193 -0.232186 -1.30797e-09
0.843494 -0.223286 1.43399e-09
0.838004 -0.1979 4.0706e-09
0.827936 -0.157002 6.50054e-09
0.813676 -0.102164 8.63044e-09
0.795773 -0.035494 1.03784e-08
0.774913 0.0404464 1.16774e-08
0.751899 0.122739 1.24773e-08
0.727615 0.208221 1.27476e-08
0.702994 0.293608 1.24777e-08
0.678983 0.375619 1.16781e-08
0.656504 0.451102 1.03795e-08
0.636421 0.517155 8.63173e-09
0.619505 0.571242 6.50206e-09
0.606408 0.611284 4.07229e-09
0.597631 0.635741 1.43578e-09
0.593513 0.643674 -1.30614e-09
0.594211 0.634778 -4.0481e-09
0.599699 0.609395 -6.68474e-09
0.609766 0.568501 -9.11474e-09
0.624025 0.513666 -1.12447e-08
0.641928 0.446998 -1.29928e-08
0.662788 0.37106 -1.42919e-08
0.685801 0.288768 -1.50919e-08
0.710085 0.203286 -1.53623e-08
0.734706 0.117899 -1.50925e-08
0.758717 0.0358869 -1.4293e-08
0.781197 -0.0395975 -1.29945e-08
0.801281 -0.105654 -1.12469e-08
0.818197 -0.159744 -9.11728e-09
0.831295 -0.199788 -6.68756e-09
0.840073 -0.224249 -4.05109e-09
0.844192 -0.232186 -1.30918e-09
0.843495 -0.223294 1.43279e-09
0.838008 -0.197914 4.06947e-09
0.827942 -0.157023 6.49952e-09
0.813684 -0.102191 8.62957e-09
0.795781 -0.0355258 1.03778e-08
0.774923 0.0404112 1.16769e-08
0.751909 0.122702 1.24771e-08
0.727626 0.208183 1.27476e-08
0.703005 0.293571 1.24779e-08
0.678993 0.375584 1.16785e-08
0.656513 0.45107 1.03801e-08
0.636429 0.517129 8.63259e-09
0.619512 0.571221 6.50307e-09
0.606413 0.611269 4.07341e-09
0.597634 0.635734 1.43698e-09
0.593514 0.643674 -1.30492e-09
0.59421 0.634786 -4.0469e-09
0.599696 0.60941 -6.68362e-09
0.609761 0.568522 -9.11373e-09
0.624018 0.513693 -1.12439e-08
0.64192 0.44703 -1.29921e-08
0.662778 0.371095 -1.42914e-08
0.685791 0.288805 -1.50917e-08
0.710074 0.203324 -1.53623e-08
0.734695 0.117936 -1.50928e-08
0.758707 0.035922 -1.42935e-08
0.781187 -0.039566 -1.29952e-08
0.801272 -0.105627 -1.12477e-08
0.81819 -0.159723 -9.11829e-09
0.83129 -0.199774 -6.68869e-09
0.84007 -0.224242 -4.05229e-09
0.844191 -0.232186 -1.3104e-09
0.843496 -0.223301 1.4316e-09
0.838011 -0.197929 4.06834e-09
0.827947 -0.157044 6.49851e-09
0.813691 -0.102218 8.62871e-09
0.79579 -0.0355575 1.03771e-08
0.774932 0.040376 1.16764e-08
0.75192 0.122664 1.24769e-08
0.727637 0.208145 1.27476e-08
0.703016 0.293534 1.24782e-08
0.679004 0.375549 1.1679e-08
0.656523 0.451039 1.03808e-08
0.636437 0.517102 8.63345e-09
0.619519 0.5712 6.50409e-09
0.606417 0.611255 4.07454e-09
0.597637 0.635726 1.43818e-09
0.593514 0.643674 -1.3037e-09
0.594208 0.634793 -4.04571e-09
0.599692 0.609425 -6.68249e-09
0.609756 0.568543 -9.11271e-09
0.624011 0.51372 -1.1243e-08
0.641911 0.447062 -1.29915e-08
0.662768 0.37113 -1.42909e-08
0.68578 0.288843 -1.50914e-08
0.710063 0.203362 -1.53623e-08
0.734684 0.117973 -1.5093e-08
0.758697 0.035957 -1.4294e-08
0.781178 -0.0395345 -1.29959e-08
0.801264 -0.1056 -1.12486e-08
0.818183 -0.159702 -9.11931e-09
0.831286 -0.19976 -6.68981e-09
0.840067 -0.224235 -4.05348e-09
0.844191 -0.232186 -1.31162e-09
0.843498 -0.223309 1.4304e-09
0.838015 -0.197944 4.06722e-09
0.827953 -0.157066 6.4975e-09
0.570656 0.720464 -5.05587e-09
0.57148 0.709994 -8.28006e-09
0.577935 0.680139 -1.13803e-08
0.589775 0.632044 -1.42376e-08
0.606544 0.567558 -1.6742e-08
0.627598 0.48916 -1.87973e-08
0.652127 0.399861 -2.03246e-08
0.679189 0.303094 -2.12651e-08
0.707744 0.202577 -2.15827e-08
0.736695 0.102173 -2.12653e-08
0.764929 0.00573937 -2.03249e-08
0.791361 -0.0830169 -1.87977e-08
0.814976 -0.160685 -1.67425e-08
0.834865 -0.224282 -1.42382e-08
0.850266 -0.271361 -1.1381e-08
0.860585 -0.300116 -8.28076e-09
0.865426 -0.30944 -5.05658e-09
0.864604 -0.298975 -1.83238e-09
0.858149 -0.269124 1.26795e-09
0.84631 -0.221033 4.12526e-09
0.829542 -0.156551 6.62976e-09
0.80849 -0.0781548 8.6852e-09
0.783961 0.0111419 1.02126e-08
0.756899 0.107908 1.11532e-08
0.728344 0.208425 1.1471e-08
0.699394 0.308829 1.11537e-08
0.671159 0.405264 1.02134e-08
0.644727 0.494022 8.68639e-09
0.621111 0.571693 6.63128e-09
0.601221 0.635293 4.12705e-09
0.58582 0.682377 1.26993e-09
0.575499 0.711135 -1.83027e-09
0.570657 0.720464 -5.05443e-09
0.571478 0.710003 -8.27865e-09
0.577931 0.680156 -1.1379e-08
0.589769 0.632069 -1.42364e-08
0.606536 0.56759 -1.6741e-08
0.627588 0.489197 -1.87965e-08
0.652115 0.399903 -2.03241e-08
0.679177 0.303138 -2.12648e-08
0.707731 0.202622 -2.15827e-08
0.736682 0.102216 -2.12655e-08
0.764917 0.00578056 -2.03254e-08
0.79135 -0.0829799 -1.87985e-08
0.814966 -0.160654 -1.67435e-08
0.834858 -0.224257 -1.42394e-08
0.85026 -0.271345 -1.13823e-08
0.860581 -0.300107 -8.28216e-09
0.865425 -0.30944 -5.05802e-09
0.864605 -0.298984 -1.83379e-09
0.858153 -0.269141 1.26662e-09
0.846317 -0.221058 4.12407e-09
0.829551 -0.156582 6.62875e-09
0.8085 -0.078192 8.6844e-09
0.783973 0.0111005 1.0212e-08
0.756912 0.107864 1.1153e-08
0.728357 0.20838 1.1471e-08
0.699406 0.308786 1.11539e-08
0.671171 0.405223 1.0214e-08
0.644738 0.493985 8.68719e-09
0.621121 0.571662 6.6323e-09
0.601229 0.635268 4.12824e-09
0.585825 0.68236 1.27126e-09
0.575503 0.711127 -1.82887e-09
0.570658 0.720464 -5.053e-09
0.571476 0.710012 -8.27724e-09
0.577927 0.680173 -1.13777e-08
0.589763 0.632094 -1.42352e-08
0.606527 0.567622 -1.674e-08
0.627578 0.489234 -1.87957e-08
0.652104 0.399944 -2.03235e-08
0.679164 0.303182 -2.12646e-08
0.707719 0.202666 -2.15827e-08
0.73667 0.10226 -2.12658e-08
0.764905 0.00582174 -2.0326e-08
0.791339 -0.0829428 -1.87993e-08
0.814957 -0.160623 -1.67445e-08
0.83485 -0.224232 -1.42406e-08
0.850254 -0.271328 -1.13837e-08
0.860578 -0.300099 -8.28357e-09
0.865424 -0.30944 -5.05945e-09
0.864607 -0.298993 -1.8352e-09
0.858157 -0.269158 1.2653e-09
0.846323 -0.221083 4.12288e-09
0.829559 -0.156614 6.62773e-09
0.80851 -0.0782293 8.68361e-09
0.783984 0.0110591 1.02115e-08
0.756924 0.10782 1.11527e-08
0.72837 0.208335 1.1471e-08
0.699419 0.308742 1.11542e-08
0.671184 0.405181 1.02145e-08
0.644749 0.493948 8.68799e-09
0.621131 0.571631 6.63331e-09
0.601236 0.635244 4.12943e-09
0.585831 0.682343 1.27258e-09
0.575506 0.711118 -1.82746e-09
0.570659 0.720464 -5.05156e-09
0.571475 0.710021 -8.27584e-09
0.577923 0.680191 -1.13764e-08
0.589756 0.632119 -1.4234e-08
0.606519 0.567654 -1.6739e-08
0.627567 0.489272 -1.87949e-08
0.652093 0.399985 -2.0323e-08
0.679152 0.303226 -2.12643e-08
0.707706 0.202711 -2.15827e-08
0.736657 0.102304 -2.12661e-08
0.764893 0.00586294 -2.03265e-08
0.791328 -0.0829058 -1.88001e-08
0.814947 -0.160591 -1.67456e-08
0.834842 -0.224208 -1.42418e-08
0.850248 -0.271311 -1.1385e-08
0.860575 -0.30009 -8.28498e-09
0.865423 -0.309441 -5.06089e-09
0.864608 -0.299002 -1.8366e-09
0.858161 -0.269176 1.26397e-09
0.846329 -0.221108 4.12168e-09
0.829567 -0.156646 6.62672e-09
0.80852 -0.0782666 8.68281e-09
0.783995 0.0110177 1.02109e-08
0.756936 0.107776 1.11524e-08
0.728383 0.20829 1.1471e-08
0.699432 0.308698 1.11545e-08
0.671196 0.40514 1.02151e-08
0.64476 0.493911 8.68878e-09
0.62114 0.571599 6.63432e-09
0.601244 0.635219 4.13063e-09
0.585837 0.682326 1.27391e-09
0.575509 0.71111 -1.82605e-09
0.570659 0.720465 -5.05013e-09
0.571473 0.71003 -8.27443e-09
0.577919 0.680208 -1.1375e-08
0.58975 0.632144 -1.42328e-08
0.606511 0.567685 -1.67379e-08
0.627557 0.489309 -1.87941e-08
0.652081 0.400027 -2.03224e-08
0.67914 0.303269 -2.1264e-08
0.553349 0.777432 -9.33252e-09
0.554264 0.765799 -1.29151e-08
0.561438 0.732625 -1.63599e-08
0.574594 0.679185 -1.95347e-08
0.593226 0.607532 -2.23175e-08
0.61662 0.52042 -2.46013e-08
0.643875 0.421197 -2.62983e-08
0.673945 0.313675 -2.73433e-08
0.705674 0.201986 -2.76962e-08
0.737842 0.0904221 -2.73435e-08
0.769214 -0.016729 -2.62986e-08
0.798584 -0.11535 -2.46017e-08
0.824824 -0.201651 -2.23181e-08
0.846924 -0.272315 -1.95354e-08
0.864036 -0.324628 -1.63607e-08
0.875501 -0.356578 -1.29158e-08
0.880881 -0.366938 -9.33332e-09
0.879967 -0.35531 -5.75077e-09
0.872795 -0.322141 -2.30586e-09
0.85964 -0.268705 8.69025e-10
0.841009 -0.197056 3.65188e-09
0.817616 -0.109947 5.93577e-09
0.790362 -0.010726 7.63292e-09
0.760292 0.0967948 8.67812e-09
0.728564 0.208483 9.03119e-09
0.696395 0.320047 8.67858e-09
0.665023 0.4272 7.63383e-09
0.635652 0.525823 5.9371e-09
0.609412 0.612127 3.65357e-09
0.587311 0.682795 8.71013e-10
0.570198 0.735112 -2.30365e-09
0.558731 0.767067 -5.74842e-09
0.55335 0.777432 -9.33093e-09
0.554263 0.765809 -1.29135e-08
0.561433 0.732645 -1.63584e-08
0.574586 0.679213 -1.95334e-08
0.593217 0.607568 -2.23164e-08
0.616608 0.520462 -2.46004e-08
0.643862 0.421243 -2.62977e-08
0.673931 0.313723 -2.7343e-08
0.70566 0.202035 -2.76962e-08
0.737828 0.0904707 -2.73438e-08
0.769201 -0.0166832 -2.62992e-08
0.798572 -0.115309 -2.46026e-08
0.824813 -0.201616 -2.23192e-08
0.846915 -0.272288 -1.95367e-08
0.864029 -0.324609 -1.63621e-08
0.875498 -0.356569 -1.29174e-08
0.88088 -0.366938 -9.33491e-09
0.879969 -0.35532 -5.75233e-09
0.872799 -0.32216 -2.30733e-09
0.859648 -0.268733 8.677e-10
0.841018 -0.197092 3.65075e-09
0.817628 -0.109989 5.93488e-09
0.790374 -0.010772 7.63231e-09
0.760306 0.0967461 8.67781e-09
0.728578 0.208434 9.03119e-09
0.696409 0.319999 8.67889e-09
0.665036 0.427154 7.63444e-09
0.635665 0.525782 5.93798e-09
0.609423 0.612092 3.6547e-09
0.58732 0.682768 8.72337e-10
0.570204 0.735093 -2.30218e-09
0.558735 0.767058 -5.74686e-09
0.553351 0.777432 -9.32933e-09
0.554261 0.765819 -1.29119e-08
0.561429 0.732664 -1.6357e-08
0.574579 0.679241 -1.95321e-08
0.593208 0.607603 -2.23152e-08
0.616597 0.520503 -2.45995e-08
0.64385 0.421289 -2.6297e-08
0.673918 0.313772 -2.73427e-08
0.705645 0.202085 -2.76962e-08
0.737814 0.0905194 -2.73441e-08
0.769187 -0.0166374 -2.62998e-08
0.79856 -0.115268 -2.46035e-08
0.824802 -0.201581 -2.23203e-08
0.846906 -0.27226 -1.9538e-08
0.864023 -0.32459 -1.63636e-08
0.875494 -0.356559 -1.2919e-08
0.880879 -0.366939 -9.33651e-09
0.879971 -0.35533 -5.75389e-09
0.872804 -0.32218 -2.3088e-09
0.859655 -0.268761 8.66375e-10
0.841028 -0.197127 3.64963e-09
0.817639 -0.11003 5.934e-09
0.790387 -0.010818 7.6317e-09
0.76032 0.0966973 8.67749e-09
0.728592 0.208384 9.03119e-09
0.696423 0.31995 8.6792e-09
0.66505 0.427108 7.63505e-09
0.635677 0.525741 5.93887e-09
0.609434 0.612057 3.65582e-09
0.587329 0.68274 8.73662e-10
0.570211 0.735075 -2.30071e-09
0.558738 0.767048 -5.7453e-09
0.553352 0.777433 -9.32774e-09
0.554259 0.765829 -1.29104e-08
0.561424 0.732683 -1.63555e-08
0.574572 0.679269 -1.95308e-08
0.593198 0.607638 -2.23141e-08
0.616586 0.520545 -2.45986e-08
0.643837 0.421335 -2.62964e-08
0.673904 0.313821 -2.73424e-08
0.705631 0.202135 -2.76962e-08
0.7378 0.090568 -2.73444e-08
0.769174 -0.0165917 -2.63004e-08
0.798547 -0.115226 -2.46044e-08
0.824791 -0.201546 -2.23214e-08
0.846898 -0.272233 -1.95394e-08
0.864016 -0.324571 -1.63651e-08
0.87549 -0.35655 -1.29205e-08
0.880878 -0.366939 -9.3381e-09
0.879972 -0.35534 -5.75546e-09
0.872809 -0.322199 -2.31028e-09
0.859662 -0.268789 8.6505e-10
0.841037 -0.197162 3.6485e-09
0.81765 -0.110072 5.93311e-09
0.7904 -0.0108639 7.63109e-09
0.760334 0.0966485 8.67718e-09
0.728606 0.208334 9.03119e-09
0.696437 0.319901 8.67951e-09
0.665063 0.427063 7.63566e-09
0.635689 0.5257 5.93975e-09
0.609445 0.612022 3.65695e-09
0.587337 0.682713 8.74987e-10
0.570217 0.735056 -2.29924e-09
0.558742 0.767039 -5.74374e-09
0.553353 0.777433 -9.32615e-09
0.554257 0.765839 -1.29088e-08
0.56142 0.732702 -1.6354e-08
0.574565 0.679296 -1.95294e-08
0.593189 0.607674 -2.2313e-08
0.616575 0.520586 -2.45977e-08
0.643824 0.421381 -2.62958e-08
0.67389 0.31387 -2.73421e-08
0.705617 0.202184 -2.76962e-08
0.737786 0.0906167 -2.73447e-08
0.76916 -0.0165459 -2.6301e-08
0.798535 -0.115185 -2.46052e-08
0.824781 -0.201511 -2.23226e-08
0.846889 -0.272206 -1.95407e-08
0.86401 -0.324553 -1.63665e-08
0.875486 -0.35654 -1.29221e-08
0.880877 -0.366939 -9.33969e-09
0.879974 -0.35535 -5.75702e-09
0.872813 -0.322218 -2.31175e-09
0.859669 -0.268817 8.63725e-10
0.841046 -0.197197 3.64737e-09
0.817661 -0.110113 5.93223e-09
0.790413 -0.0109099 7.63048e-09
0.542257 0.812389 -1.3973e-08
0.543229 0.80004 -1.77762e-08
0.550844 0.764823 -2.14332e-08
0.56481 0.708091 -2.48036e-08
0.58459 0.632025 -2.77578e-08
0.609425 0.539547 -3.01822e-08
0.638359 0.434211 -3.19838e-08
0.670281 0.320066 -3.30932e-08
0.703964 0.201497 -3.34678e-08
0.738115 0.0830616 -3.30934e-08
0.771419 -0.0306897 -3.19841e-08
0.802598 -0.135385 -3.01827e-08
0.830453 -0.227002 -2.77584e-08
0.853915 -0.302019 -2.48043e-08
0.872081 -0.357554 -2.1434e-08
0.884253 -0.391472 -1.7777e-08
0.889964 -0.402471 -1.39738e-08
0.888994 -0.390127 -1.01706e-08
0.88138 -0.354914 -6.51349e-09
0.867415 -0.298187 -3.14304e-09
0.847636 -0.222125 -1.88765e-10
0.822802 -0.12965 2.2358e-09
0.793869 -0.0243169 4.0375e-09
0.761947 0.0898269 5.14707e-09
0.728264 0.208395 5.5219e-09
0.694114 0.326831 5.14757e-09
0.660809 0.440584 4.03847e-09
0.62963 0.545282 2.23721e-09
0.601773 0.636902 -1.86971e-10
0.578311 0.711923 -3.14093e-09
0.560144 0.767463 -6.51114e-09
0.54797 0.801386 -1.01681e-08
0.542258 0.81239 -1.39713e-08
0.543227 0.800051 -1.77745e-08
0.550839 0.764843 -2.14317e-08
0.564802 0.708121 -2.48022e-08
0.58458 0.632062 -2.77566e-08
0.609413 0.539591 -3.01813e-08
0.638346 0.43426 -3.19831e-08
0.670267 0.320118 -3.30929e-08
0.703949 0.20155 -3.34678e-08
0.7381 0.0831133 -3.30937e-08
0.771405 -0.0306411 -3.19847e-08
0.802585 -0.135342 -3.01836e-08
0.830442 -0.226965 -2.77596e-08
0.853906 -0.30199 -2.48057e-08
0.872074 -0.357534 -2.14356e-08
0.884249 -0.391462 -1.77787e-08
0.889963 -0.402471 -1.39755e-08
0.888995 -0.390137 -1.01723e-08
0.881385 -0.354935 -6.51505e-09
0.867422 -0.298217 -3.14444e-09
0.847646 -0.222162 -1.89961e-10
0.822814 -0.129694 2.23486e-09
0.793882 -0.0243658 4.03685e-09
0.761962 0.0897751 5.14674e-09
0.728279 0.208342 5.5219e-09
0.694129 0.32678 5.1479e-09
0.660824 0.440535 4.03911e-09
0.629643 0.545238 2.23815e-09
0.601785 0.636865 -1.85775e-10
0.57832 0.711894 -3.13952e-09
0.56015 0.767443 -6.50958e-09
0.547974 0.801376 -1.01664e-08
0.542259 0.81239 -1.39696e-08
0.543225 0.800061 -1.77729e-08
0.550834 0.764864 -2.14301e-08
0.564795 0.70815 -2.48008e-08
0.58457 0.6321 -2.77554e-08
0.609401 0.539635 -3.01803e-08
0.638332 0.434309 -3.19825e-08
0.670252 0.320169 -3.30925e-08
0.703934 0.201603 -3.34678e-08
0.738085 0.0831649 -3.3094e-08
0.77139 -0.0305925 -3.19854e-08
0.802572 -0.135298 -3.01846e-08
0.830431 -0.226928 -2.77608e-08
0.853896 -0.301961 -2.48071e-08
0.872067 -0.357514 -2.14371e-08
0.884245 -0.391452 -1.77803e-08
0.889962 -0.402472 -1.39772e-08
0.888997 -0.390148 -1.01739e-08
0.881389 -0.354955 -6.51661e-09
0.86743 -0.298246 -3.14585e-09
0.847656 -0.2222 -1.91158e-10
0.822826 -0.129738 2.23392e-09
0.793896 -0.0244146 4.0362e-09
0.761976 0.0897234 5.14641e-09
0.728294 0.20829 5.5219e-09
0.694144 0.326728 5.14823e-09
0.660838 0.440487 4.03976e-09
0.629656 0.545195 2.23909e-09
0.601796 0.636828 -1.84579e-10
0.578329 0.711865 -3.13812e-09
0.560157 0.767423 -6.50802e-09
0.547978 0.801366 -1.01648e-08
0.54226 0.81239 -1.39679e-08
0.543223 0.800072 -1.77712e-08
0.550829 0.764884 -2.14286e-08
0.564787 0.70818 -2.47994e-08
0.584561 0.632137 -2.77542e-08
0.609389 0.539679 -3.01794e-08
0.638318 0.434358 -3.19818e-08
0.670237 0.320221 -3.30922e-08
0.703919 0.201655 -3.34678e-08
0.73807 0.0832165 -3.30943e-08
0.771376 -0.0305439 -3.1986e-08
0.802559 -0.135254 -3.01855e-08
0.830419 -0.226891 -2.7762e-08
0.853887 -0.301932 -2.48085e-08
0.872061 -0.357494 -2.14387e-08
0.884241 -0.391442 -1.7782e-08
0.889961 -0.402472 -1.39789e-08
0.888999 -0.390159 -1.01756e-08
0.881394 -0.354976 -6.51818e-09
0.867437 -0.298276 -3.14726e-09
0.847666 -0.222237 -1.92354e-10
0.822838 -0.129782 2.23298e-09
0.793909 -0.0244634 4.03555e-09
0.761991 0.0896716 5.14608e-09
0.728309 0.208237 5.5219e-09
0.694159 0.326676 5.14856e-09
0.660852 0.440438 4.04041e-09
0.629669 0.545151 2.24003e-09
0.601808 0.636791 -1.83383e-10
0.578339 0.711836 -3.13671e-09
0.560164 0.767403 -6.50646e-09
0.547982 0.801356 -1.01631e-08
0.542261 0.812391 -1.39662e-08
0.543221 0.800082 -1.77695e-08
0.550825 0.764905 -2.1427e-08
0.56478 0.708209 -2.4798e-08
0.584551 0.632174 -2.7753e-08
0.609377 0.539723 -3.01785e-08
0.638305 0.434406 -3.19812e-08
0.670223 0.320273 -3.30919e-08
0.703904 0.201708 -3.34678e-08
0.738055 0.0832682 -3.30947e-08
0.771362 -0.0304953 -3.19867e-08
0.802545 -0.135211 -3.01865e-08
0.830408 -0.226854 -2.77632e-08
0.853878 -0.301903 -2.48099e-08
0.872054 -0.357475 -2.14403e-08
0.884237 -0.391432 -1.77837e-08
0.889959 -0.402472 -1.39806e-08
0.889001 -0.390169 -1.01772e-08
0.881399 -0.354996 -6.51974e-09
0.867445 -0.298305 -3.14867e-09
0.847675 -0.222275 -1.93551e-10
0.82285 -0.129826 2.23204e-09
0.793923 -0.0245122 4.0349e-09
0.762006 0.0896199 5.14575e-09
0.728325 0.208184 5.5219e-09
0.694174 0.326625 5.14889e-09
0.660867 0.44039 4.04105e-09
0.629682 0.545107 2.24097e-09
0.601819 0.636754 -1.82187e-10
0.578348 0.711807 -3.1353e-09
0.560171 0.767383 -6.50489e-09
0.547986 0.801346 -1.01615e-08
0.537805 0.823993 -1.87989e-08
0.538796 0.811402 -2.26766e-08
0.546561 0.775494 -2.64054e-08
0.5608 0.717651 -2.98418e-08
0.580968 0.640094 -3.28538e-08
0.606289 0.545804 -3.53258e-08
0.635791 0.438404 -3.71626e-08
0.668338 0.322022 -3.82938e-08
0.702682 0.20113 -3.86758e-08
0.737501 0.080374 -3.82939e-08
0.771458 -0.0356063 -3.71629e-08
0.803248 -0.142353 -3.53262e-08
0.831649 -0.235765 -3.28544e-08
0.85557 -0.312253 -2.98425e-08
0.874092 -0.368876 -2.64061e-08
0.886503 -0.403459 -2.26775e-08
0.892326 -0.414673 -1.87998e-08
0.891336 -0.402087 -1.4922e-08
0.883573 -0.366184 -1.11932e-08
0.869335 -0.308345 -7.75675e-09
0.849168 -0.230792 -4.74459e-09
0.823848 -0.136506 -2.27251e-09
0.794348 -0.0291087 -4.35516e-10
0.761801 0.0872718 6.95805e-10
0.727457 0.208163 1.07798e-09
0.692638 0.32892 6.96309e-10
0.658681 0.444902 -4.34526e-10
0.62689 0.551652 -2.27107e-09
0.598488 0.645067 -4.74276e-09
0.574566 0.721558 -7.7546e-09
0.556043 0.778186 -1.11909e-08
0.543631 0.812774 -1.49195e-08
0.537806 0.823993 -1.87972e-08
0.538794 0.811413 -2.26749e-08
0.546556 0.775515 -2.64038e-08
0.560793 0.717681 -2.98403e-08
0.580958 0.640132 -3.28526e-08
0.606277 0.545849 -3.53248e-08
0.635777 0.438454 -3.7162e-08
0.668323 0.322075 -3.82934e-08
0.702666 0.201184 -3.86758e-08
0.737486 0.0804266 -3.82943e-08
0.771443 -0.0355567 -3.71636e-08
0.803235 -0.142309 -3.53272e-08
0.831638 -0.235728 -3.28557e-08
0.855561 -0.312223 -2.98439e-08
0.874085 -0.368855 -2.64077e-08
0.886499 -0.403448 -2.26792e-08
0.892324 -0.414673 -1.88015e-08
0.891338 -0.402097 -1.49237e-08
0.883578 -0.366205 -1.11948e-08
0.869343 -0.308375 -7.75819e-09
0.849178 -0.230831 -4.74581e-09
0.82386 -0.136551 -2.27347e-09
0.794361 -0.0291584 -4.36176e-10
0.761815 0.087219 6.95468e-10
0.727473 0.20811 1.07797e-09
0.692654 0.328868 6.96646e-10
0.658695 0.444852 -4.33866e-10
0.626904 0.551607 -2.27012e-09
0.5985 0.645029 -4.74154e-09
0.574575 0.721529 -7.75317e-09
0.55605 0.778166 -1.11893e-08
0.543635 0.812764 -1.49178e-08
0.537808 0.823994 -1.87955e-08
0.538792 0.811423 -2.26733e-08
0.546551 0.775536 -2.64022e-08
0.560785 0.717711 -2.98389e-08
0.580948 0.64017 -3.28514e-08
0.606265 0.545894 -3.53239e-08
0.635763 0.438504 -3.71613e-08
0.668309 0.322128 -3.82931e-08
0.702651 0.201238 -3.86758e-08
0.73747 0.0804793 -3.82946e-08
0.771429 -0.0355072 -3.71643e-08
0.803221 -0.142264 -3.53282e-08
0.831626 -0.23569 -3.28569e-08
0.855552 -0.312193 -2.98454e-08
0.874078 -0.368835 -2.64093e-08
0.886495 -0.403438 -2.26809e-08
0.892323 -0.414673 -1.88032e-08
0.89134 -0.402108 -1.49254e-08
0.883583 -0.366226 -1.11964e-08
0.86935 -0.308406 -7.75962e-09
0.849188 -0.230869 -4.74703e-09
0.823872 -0.136595 -2.27443e-09
0.794375 -0.0292082 -4.36836e-10
0.76183 0.0871663 6.95131e-10
0.727488 0.208056 1.07797e-09
0.692669 0.328815 6.96982e-10
0.65871 0.444803 -4.33206e-10
0.626917 0.551563 -2.26916e-09
0.598511 0.644992 -4.74032e-09
0.574585 0.721499 -7.75173e-09
0.556056 0.778145 -1.11877e-08
0.543639 0.812754 -1.49161e-08
0.537809 0.823994 -1.87937e-08
0.53879 0.811434 -2.26716e-08
0.546546 0.775557 -2.64006e-08
0.560777 0.717741 -2.98375e-08
0.580938 0.640208 -3.28502e-08
0.606253 0.545938 -3.53229e-08
0.635749 0.438554 -3.71606e-08
0.668294 0.322181 -3.82928e-08
0.702636 0.201292 -3.86758e-08
0.737455 0.0805319 -3.8295e-08
0.771414 -0.0354576 -3.71649e-08
0.803208 -0.14222 -3.53291e-08
0.831614 -0.235652 -3.28581e-08
0.855542 -0.312164 -2.98468e-08
0.874072 -0.368815 -2.64109e-08
0.886491 -0.403428 -2.26826e-08
0.892322 -0.414673 -1.88049e-08
0.891342 -0.402119 -1.49271e-08
0.883588 -0.366247 -1.1198e-08
0.869358 -0.308436 -7.76106e-09
0.849199 -0.230907 -4.74825e-09
0.823885 -0.13664 -2.27539e-09
0.794389 -0.029258 -4.37497e-10
0.761845 0.0871135 6.94794e-10
0.727504 0.208002 1.07797e-09
0.692684 0.328762 6.97318e-10
0.658725 0.444753 -4.32547e-10
0.62693 0.551518 -2.2682e-09
0.598523 0.644954 -4.7391e-09
0.574594 0.72147 -7.7503e-09
0.556063 0.778125 -1.11861e-08
0.543643 0.812743 -1.49144e-08
0.53781 0.823994 -1.8792e-08
0.538788 0.811445 -2.26699e-08
0.546541 0.775578 -2.6399e-08
0.56077 0.717771 -2.9836e-08
0.580928 0.640247 -3.28489e-08
0.606241 0.545983 -3.53219e-08
0.635736 0.438603 -3.716e-08
0.668279 0.322233 -3.82924e-08
0.70262 0.201345 -3.86758e-08
0.73744 0.0805846 -3.82953e-08
0.771399 -0.0354081 -3.71656e-08
0.803194 -0.142175 -3.53301e-08
0.831603 -0.235614 -3.28593e-08
0.855533 -0.312134 -2.98482e-08
0.874065 -0.368794 -2.64125e-08
0.886487 -0.403418 -2.26842e-08
0.892321 -0.414674 -1.88067e-08
0.891344 -0.40213 -1.49288e-08
0.883593 -0.366268 -1.11996e-08
0.869366 -0.308466 -7.76249e-09
0.849209 -0.230945 -4.74947e-09
0.823897 -0.136685 -2.27635e-09
0.794403 -0.0293077 -4.38158e-10
0.76186 0.0870607 6.94457e-10
0.727519 0.207948 1.07797e-09
0.692699 0.32871 6.97654e-10
0.658739 0.444704 -4.31887e-10
0.626944 0.551474 -2.26724e-09
0.598535 0.644916 -4.73788e-09
0.574604 0.72144 -7.74887e-09
0.55607 0.778105 -1.11845e-08
0.543647 0.812733 -1.49127e-08
0.537811 0.823994 -1.87903e-08
0.538786 0.811456 -2.26682e-08
0.546536 0.775599 -2.63974e-08
0.540166 0.811797 -2.36248e-08
0.541137 0.799447 -2.74281e-08
0.548753 0.76423 -3.10852e-08
0.562719 0.707497 -3.44556e-08
0.582499 0.63143 -3.74098e-08
0.607334 0.538951 -3.98342e-08
0.636269 0.433615 -4.16358e-08
0.668191 0.319469 -4.27452e-08
0.701875 0.200899 -4.31199e-08
0.736025 0.0824625 -4.27454e-08
0.76933 -0.0312898 -4.16361e-08
0.800509 -0.135986 -3.98347e-08
0.828365 -0.227604 -3.74104e-08
0.851826 -0.302622 -3.44563e-08
0.869992 -0.358157 -3.1086e-08
0.882165 -0.392076 -2.74289e-08
0.887876 -0.403074 -2.36257e-08
0.886905 -0.39073 -1.98224e-08
0.879292 -0.355517 -1.61653e-08
0.865327 -0.29879 -1.27948e-08
0.845547 -0.222726 -9.84052e-09
0.820714 -0.130251 -7.41593e-09
0.79178 -0.024917 -5.61422e-09
0.759858 0.0892278 -4.50463e-09
0.726175 0.207797 -4.12981e-09
0.692024 0.326234 -4.50414e-09
0.658719 0.439988 -5.61325e-09
0.627539 0.544687 -7.41452e-09
0.599683 0.636308 -9.83873e-09
0.57622 0.71133 -1.27927e-08
0.558053 0.76687 -1.6163e-08
0.545879 0.800793 -1.98199e-08
0.540167 0.811797 -2.36232e-08
0.541135 0.799458 -2.74264e-08
0.548748 0.76425 -3.10836e-08
0.562711 0.707527 -3.44542e-08
0.58249 0.631468 -3.74086e-08
0.607322 0.538995 -3.98333e-08
0.636255 0.433664 -4.16352e-08
0.668177 0.319521 -4.27449e-08
0.70186 0.200952 -4.31199e-08
0.73601 0.0825141 -4.27457e-08
0.769315 -0.0312412 -4.16368e-08
0.800496 -0.135943 -3.98356e-08
0.828353 -0.227567 -3.74116e-08
0.851817 -0.302593 -3.44577e-08
0.869986 -0.358137 -3.10875e-08
0.882161 -0.392066 -2.74306e-08
0.887874 -0.403075 -2.36274e-08
0.886907 -0.390741 -1.98241e-08
0.879296 -0.355538 -1.61669e-08
0.865334 -0.298819 -1.27962e-08
0.845557 -0.222764 -9.84172e-09
0.820726 -0.130295 -7.41687e-09
0.791793 -0.0249658 -5.61487e-09
0.759873 0.089176 -4.50497e-09
0.72619 0.207744 -4.12981e-09
0.692039 0.326183 -4.50381e-09
0.658734 0.439939 -5.6126e-09
0.627552 0.544643 -7.41358e-09
0.599694 0.636271 -9.83753e-09
0.576229 0.711301 -1.27913e-08
0.558059 0.76685 -1.61614e-08
0.545883 0.800783 -1.98183e-08
0.540168 0.811797 -2.36215e-08
0.541134 0.799468 -2.74248e-08
0.548743 0.764271 -3.10821e-08
0.562704 0.707556 -3.44528e-08
0.58248 0.631505 -3.74074e-08
0.60731 0.539039 -3.98324e-08
0.636242 0.433713 -4.16345e-08
0.668162 0.319572 -4.27446e-08
0.701845 0.201005 -4.31199e-08
0.735995 0.0825658 -4.27461e-08
0.769301 -0.0311926 -4.16374e-08
0.800483 -0.135899 -3.98366e-08
0.828342 -0.22753 -3.74128e-08
0.851808 -0.302564 -3.44591e-08
0.869979 -0.358117 -3.10891e-08
0.882157 -0.392056 -2.74322e-08
0.887873 -0.403075 -2.36291e-08
0.886909 -0.390751 -1.98258e-08
0.879301 -0.355558 -1.61684e-08
0.865342 -0.298849 -1.27976e-08
0.845567 -0.222801 -9.84291e-09
0.820737 -0.130339 -7.41781e-09
0.791807 -0.0250146 -5.61552e-09
0.759887 0.0891243 -4.5053e-09
0.726205 0.207692 -4.12981e-09
0.692054 0.326131 -4.50348e-09
0.658748 0.439891 -5.61196e-09
0.627566 0.5446 -7.41264e-09
0.599706 0.636234 -9.83633e-09
0.576238 0.711272 -1.27899e-08
0.558066 0.76683 -1.61598e-08
0.545887 0.800773 -1.98166e-08
0.540169 0.811797 -2.36198e-08
0.541132 0.799479 -2.74231e-08
0.548738 0.764291 -3.10805e-08
0.562696 0.707586 -3.44514e-08
0.58247 0.631543 -3.74062e-08
0.607298 0.539083 -3.98314e-08
0.636228 0.433761 -4.16339e-08
0.668147 0.319624 -4.27442e-08
0.701829 0.201057 -4.31199e-08
0.73598 0.0826174 -4.27464e-08
0.769287 -0.031144 -4.16381e-08
0.80047 -0.135855 -3.98375e-08
0.828331 -0.227493 -3.7414e-08
0.851799 -0.302535 -3.44605e-08
0.869972 -0.358097 -3.10907e-08
0.882153 -0.392046 -2.74339e-08
0.887872 -0.403075 -2.36308e-08
0.886911 -0.390762 -1.98274e-08
0.879306 -0.355579 -1.617e-08
0.865349 -0.298878 -1.2799e-08
0.845577 -0.222839 -9.84411e-09
0.820749 -0.130383 -7.41875e-09
0.79182 -0.0250634 -5.61617e-09
0.759902 0.0890725 -4.50563e-09
0.72622 0.207639 -4.12981e-09
0.692069 0.326079 -4.50315e-09
0.658762 0.439842 -5.61131e-09
0.627579 0.544556 -7.4117e-09
0.599717 0.636197 -9.83514e-09
0.576248 0.711243 -1.27885e-08
0.558073 0.76681 -1.61583e-08
0.545891 0.800763 -1.9815e-08
0.54017 0.811798 -2.36181e-08
0.54113 0.799489 -2.74215e-08
0.548733 0.764311 -3.10789e-08
0.562689 0.707615 -3.445e-08
0.58246 0.63158 -3.7405e-08
0.607286 0.539127 -3.98305e-08
0.636215 0.43381 -4.16332e-08
0.668133 0.319676 -4.27439e-08
0.701814 0.20111 -4.31199e-08
0.735965 0.082669 -4.27467e-08
0.769272 -0.0310954 -4.16387e-08
0.800457 -0.135812 -3.98385e-08
0.828319 -0.227456 -3.74152e-08
0.851789 -0.302506 -3.44619e-08
0.869965 -0.358077 -3.10922e-08
0.882149 -0.392036 -2.74356e-08
0.887871 -0.403075 -2.36325e-08
0.886913 -0.390772 -1.98291e-08
0.879311 -0.355599 -1.61715e-08
0.865357 -0.298908 -1.28004e-08
0.845587 -0.222876 -9.84531e-09
0.820761 -0.130427 -7.41969e-09
0.791834 -0.0251122 -5.61681e-09
0.759916 0.0890208 -4.50596e-09
0.726235 0.207586 -4.12981e-09
0.692084 0.326028 -4.50282e-09
0.658777 0.439794 -5.61066e-09
0.627592 0.544512 -7.41076e-09
0.599728 0.63616 -9.83394e-09
0.576257 0.711214 -1.27871e-08
0.55808 0.76679 -1.61567e-08
0.545895 0.800753 -1.98133e-08
0.549247 0.776269 -2.82654e-08
0.550162 0.764636 -3.1848e-08
0.557336 0.731462 -3.52929e-08
0.570492 0.67802 -3.84678e-08
0.589125 0.606366 -4.12506e-08
0.612519 0.519253 -4.35344e-08
0.639775 0.420027 -4.52314e-08
0.669845 0.312503 -4.62765e-08
0.701575 0.200812 -4.66294e-08
0.733744 0.0892468 -4.62766e-08
0.765116 -0.0179061 -4.52317e-08
0.794487 -0.116529 -4.35348e-08
0.820727 -0.202831 -4.12511e-08
0.842827 -0.273497 -3.84684e-08
0.859939 -0.32581 -3.52936e-08
0.871405 -0.357761 -3.18487e-08
0.876785 -0.368122 -2.82662e-08
0.875871 -0.356494 -2.46835e-08
0.868699 -0.323324 -2.12386e-08
0.855544 -0.269887 -1.80636e-08
0.836912 -0.198237 -1.52807e-08
0.813519 -0.111126 -1.29968e-08
0.786264 -0.0119031 -1.12996e-08
0.756194 0.0956197 -1.02544e-08
0.724465 0.20731 -9.90132e-09
0.692296 0.318876 -1.02539e-08
0.660923 0.426031 -1.12987e-08
0.631552 0.524656 -1.29955e-08
0.605311 0.610961 -1.5279e-08
0.58321 0.681631 -1.80616e-08
0.566096 0.733948 -2.12364e-08
0.554629 0.765904 -2.46812e-08
0.549248 0.776269 -2.82638e-08
0.550161 0.764646 -3.18464e-08
0.557331 0.731481 -3.52914e-08
0.570485 0.678048 -3.84664e-08
0.589116 0.606402 -4.12494e-08
0.612508 0.519294 -4.35335e-08
0.639762 0.420073 -4.52308e-08
0.669831 0.312552 -4.62762e-08
0.70156 0.200862 -4.66294e-08
0.73373 0.0892955 -4.62769e-08
0.765103 -0.0178604 -4.52323e-08
0.794474 -0.116488 -4.35357e-08
0.820716 -0.202796 -4.12523e-08
0.842818 -0.27347 -3.84697e-08
0.859933 -0.325792 -3.52951e-08
0.871402 -0.357752 -3.18503e-08
0.876784 -0.368122 -2.82678e-08
0.875873 -0.356504 -2.46851e-08
0.868703 -0.323343 -2.124e-08
0.855551 -0.269915 -1.8065e-08
0.836921 -0.198272 -1.52819e-08
0.81353 -0.111168 -1.29977e-08
0.786277 -0.0119491 -1.13002e-08
0.756208 0.0955709 -1.02547e-08
0.724479 0.20726 -9.90132e-09
0.69231 0.318828 -1.02536e-08
0.660936 0.425985 -1.12981e-08
0.631564 0.524614 -1.29946e-08
0.605322 0.610926 -1.52779e-08
0.583218 0.681603 -1.80603e-08
0.566103 0.73393 -2.12349e-08
0.554633 0.765894 -2.46796e-08
0.549249 0.776269 -2.82622e-08
0.550159 0.764656 -3.18448e-08
0.557327 0.7315 -3.52899e-08
0.570478 0.678076 -3.84651e-08
0.589106 0.606437 -4.12483e-08
0.612496 0.519336 -4.35326e-08
0.639749 0.420119 -4.52302e-08
0.669818 0.312601 -4.62759e-08
0.701546 0.200912 -4.66294e-08
0.733716 0.0893441 -4.62773e-08
0.765089 -0.0178146 -4.52329e-08
0.794462 -0.116447 -4.35366e-08
0.820705 -0.202761 -4.12534e-08
0.84281 -0.273442 -3.84711e-08
0.859926 -0.325773 -3.52966e-08
0.871398 -0.357742 -3.18519e-08
0.876783 -0.368122 -2.82693e-08
0.875874 -0.356514 -2.46867e-08
0.868708 -0.323362 -2.12415e-08
0.855558 -0.269943 -1.80663e-08
0.836931 -0.198307 -1.5283e-08
0.813542 -0.111209 -1.29986e-08
0.786289 -0.011995 -1.13008e-08
0.756222 0.0955222 -1.0255e-08
0.724493 0.207211 -9.90132e-09
0.692324 0.318779 -1.02533e-08
0.66095 0.425939 -1.12975e-08
0.631576 0.524573 -1.29937e-08
0.605333 0.610891 -1.52768e-08
0.583227 0.681576 -1.8059e-08
0.566109 0.733911 -2.12334e-08
0.554636 0.765885 -2.46781e-08
0.54925 0.77627 -2.82606e-08
0.550157 0.764666 -3.18433e-08
0.557322 0.731519 -3.52885e-08
0.570471 0.678104 -3.84638e-08
0.589097 0.606472 -4.12472e-08
0.612485 0.519377 -4.35317e-08
0.639737 0.420165 -4.52296e-08
0.669804 0.31265 -4.62755e-08
0.701532 0.200961 -4.66294e-08
0.733701 0.0893928 -4.62776e-08
0.765076 -0.0177688 -4.52335e-08
0.79445 -0.116405 -4.35375e-08
0.820694 -0.202726 -4.12545e-08
0.842801 -0.273415 -3.84724e-08
0.85992 -0.325754 -3.5298e-08
0.871394 -0.357733 -3.18534e-08
0.876782 -0.368123 -2.82709e-08
0.875876 -0.356523 -2.46882e-08
0.868712 -0.323382 -2.1243e-08
0.855565 -0.26997 -1.80676e-08
0.83694 -0.198343 -1.52841e-08
0.813553 -0.111251 -1.29995e-08
0.786302 -0.012041 -1.13014e-08
0.756235 0.0954734 -1.02553e-08
0.724507 0.207161 -9.90132e-09
0.692338 0.31873 -1.0253e-08
0.660963 0.425893 -1.12969e-08
0.631589 0.524532 -1.29928e-08
0.605344 0.610856 -1.52757e-08
0.583236 0.681549 -1.80577e-08
0.566115 0.733892 -2.1232e-08
0.55464 0.765876 -2.46765e-08
0.549251 0.77627 -2.8259e-08
0.550155 0.764676 -3.18417e-08
0.557318 0.731539 -3.5287e-08
0.570464 0.678132 -3.84625e-08
0.589088 0.606508 -4.12461e-08
0.612474 0.519419 -4.35308e-08
0.639724 0.420211 -4.5229e-08
0.66979 0.312698 -4.62752e-08
0.701518 0.201011 -4.66294e-08
0.733687 0.0894414 -4.62779e-08
0.765062 -0.0177231 -4.52342e-08
0.794437 -0.116364 -4.35384e-08
0.820683 -0.202692 -4.12556e-08
0.842792 -0.273387 -3.84737e-08
0.859914 -0.325735 -3.52995e-08
0.87139 -0.357724 -3.1855e-08
0.876781 -0.368123 -2.82725e-08
0.875878 -0.356533 -2.46898e-08
0.868717 -0.323401 -2.12445e-08
0.855572 -0.269998 -1.80689e-08
0.836949 -0.198378 -1.52852e-08
0.813564 -0.111292 -1.30003e-08
0.786315 -0.012087 -1.13021e-08
0.564701 0.718775 -3.25421e-08
0.565524 0.708306 -3.57664e-08
0.571981 0.678449 -3.88668e-08
0.583821 0.630353 -4.17241e-08
0.60059 0.565866 -4.42286e-08
0.621644 0.487465 -4.6284e-08
0.646174 0.398164 -4.78113e-08
0.673237 0.301394 -4.87518e-08
0.701793 0.200874 -4.90695e-08
0.730745 0.100466 -4.8752e-08
0.75898 0.00403036 -4.78116e-08
0.785413 -0.0847284 -4.62844e-08
0.809028 -0.162399 -4.42291e-08
0.828918 -0.225997 -4.17247e-08
0.844319 -0.273079 -3.88674e-08
0.854638 -0.301834 -3.57671e-08
0.859479 -0.311158 -3.25428e-08
0.858657 -0.300693 -2.93185e-08
0.852202 -0.270841 -2.62181e-08
0.840363 -0.222748 -2.33607e-08
0.823595 -0.158264 -2.08562e-08
0.802541 -0.0798662 -1.88007e-08
0.778012 0.00943303 -1.72732e-08
0.75095 0.106202 -1.63325e-08
0.722394 0.206721 -1.60148e-08
0.693442 0.307129 -1.63321e-08
0.665207 0.403566 -1.72724e-08
0.638774 0.492327 -1.87995e-08
0.615158 0.570001 -2.08546e-08
0.595267 0.633602 -2.33589e-08
0.579865 0.680687 -2.62161e-08
0.569544 0.709447 -2.93164e-08
0.564702 0.718775 -3.25407e-08
0.565523 0.708315 -3.5765e-08
0.571976 0.678467 -3.88655e-08
0.583814 0.630378 -4.17229e-08
0.600582 0.565897 -4.42276e-08
0.621634 0.487502 -4.62832e-08
0.646163 0.398205 -4.78107e-08
0.673225 0.301437 -4.87516e-08
0.70178 0.200918 -4.90695e-08
0.730732 0.10051 -4.87523e-08
0.758967 0.00407155 -4.78121e-08
0.785401 -0.0846914 -4.62852e-08
0.809018 -0.162368 -4.42301e-08
0.82891 -0.225973 -4.17259e-08
0.844313 -0.273062 -3.88688e-08
0.854635 -0.301825 -3.57685e-08
0.859478 -0.311158 -3.25443e-08
0.858658 -0.300702 -2.93199e-08
0.852206 -0.270858 -2.62194e-08
0.840369 -0.222773 -2.33619e-08
0.823603 -0.158296 -2.08572e-08
0.802551 -0.0799035 -1.88014e-08
0.778024 0.00939164 -1.72738e-08
0.750962 0.106158 -1.63328e-08
0.722407 0.206677 -1.60148e-08
0.693455 0.307085 -1.63318e-08
0.665219 0.403525 -1.72718e-08
0.638785 0.49229 -1.87987e-08
0.615167 0.569969 -2.08536e-08
0.595274 0.633578 -2.33577e-08
0.579871 0.680671 -2.62148e-08
0.569548 0.709438 -2.9315e-08
0.564703 0.718776 -3.25392e-08
0.565521 0.708324 -3.57636e-08
0.571972 0.678484 -3.88641e-08
0.583808 0.630403 -4.17217e-08
0.600573 0.565929 -4.42266e-08
0.621624 0.487539 -4.62824e-08
0.646151 0.398246 -4.78102e-08
0.673212 0.301481 -4.87513e-08
0.701767 0.200963 -4.90695e-08
0.730719 0.100554 -4.87525e-08
0.758955 0.00411274 -4.78127e-08
0.78539 -0.0846544 -4.6286e-08
0.809008 -0.162336 -4.42311e-08
0.828902 -0.225948 -4.17271e-08
0.844307 -0.273045 -3.88701e-08
0.854631 -0.301817 -3.57699e-08
0.859478 -0.311159 -3.25457e-08
0.85866 -0.300711 -2.93214e-08
0.85221 -0.270875 -2.62208e-08
0.840376 -0.222798 -2.33631e-08
0.823611 -0.158328 -2.08582e-08
0.802562 -0.0799408 -1.88022e-08
0.778035 0.00935026 -1.72743e-08
0.750974 0.106114 -1.63331e-08
0.722419 0.206632 -1.60148e-08
0.693468 0.307042 -1.63316e-08
0.665231 0.403484 -1.72713e-08
0.638796 0.492253 -1.87979e-08
0.615177 0.569938 -2.08526e-08
0.595282 0.633553 -2.33565e-08
0.579876 0.680654 -2.62135e-08
0.569551 0.70943 -2.93136e-08
0.564703 0.718776 -3.25378e-08
0.56552 0.708333 -3.57622e-08
0.571968 0.678501 -3.88628e-08
0.583802 0.630428 -4.17205e-08
0.600565 0.565961 -4.42255e-08
0.621614 0.487577 -4.62816e-08
0.64614 0.398288 -4.78096e-08
0.6732 0.301525 -4.8751e-08
0.701755 0.201008 -4.90695e-08
0.730707 0.100598 -4.87528e-08
0.758943 0.00415393 -4.78132e-08
0.785379 -0.0846174 -4.62868e-08
0.808999 -0.162305 -4.42321e-08
0.828894 -0.225923 -4.17283e-08
0.844301 -0.273028 -3.88714e-08
0.854628 -0.301808 -3.57713e-08
0.859477 -0.311159 -3.25471e-08
0.858662 -0.30072 -2.93228e-08
0.852214 -0.270893 -2.62221e-08
0.840382 -0.222824 -2.33643e-08
0.82362 -0.15836 -2.08592e-08
0.802572 -0.0799781 -1.8803e-08
0.778047 0.00930888 -1.72749e-08
0.750987 0.10607 -1.63334e-08
0.722432 0.206587 -1.60148e-08
0.69348 0.306998 -1.63313e-08
0.665244 0.403443 -1.72707e-08
0.638807 0.492216 -1.87971e-08
0.615187 0.569907 -2.08516e-08
0.59529 0.633528 -2.33554e-08
0.579882 0.680637 -2.62122e-08
0.569554 0.709421 -2.93122e-08
0.564704 0.718776 -3.25364e-08
0.565518 0.708342 -3.57608e-08
0.571964 0.678519 -3.88615e-08
0.583795 0.630453 -4.17193e-08
0.600556 0.565993 -4.42245e-08
0.621604 0.487614 -4.62808e-08
0.646128 0.398329 -4.78091e-08
0.673188 0.301569 -4.87507e-08
0.585933 0.641525 -3.62908e-08
0.586633 0.632621 -3.90328e-08
0.592124 0.60723 -4.16695e-08
0.602193 0.566327 -4.40995e-08
0.616454 0.511484 -4.62294e-08
0.63436 0.444809 -4.79774e-08
0.655221 0.368864 -4.92763e-08
0.678236 0.286567 -5.00762e-08
0.702522 0.20108 -5.03463e-08
0.727143 0.11569 -5.00763e-08
0.751155 0.0336768 -4.92765e-08
0.773635 -0.0418074 -4.79777e-08
0.793718 -0.107862 -4.62298e-08
0.810634 -0.161948 -4.41e-08
0.823731 -0.201988 -4.16701e-08
0.832507 -0.226443 -3.90334e-08
0.836624 -0.234372 -3.62914e-08
0.835925 -0.225472 -3.35493e-08
0.830435 -0.200085 -3.09126e-08
0.820367 -0.159185 -2.84825e-08
0.806107 -0.104345 -2.63525e-08
0.788202 -0.0376723 -2.46045e-08
0.767341 0.0382714 -2.33055e-08
0.744326 0.120567 -2.25055e-08
0.720041 0.206053 -2.22352e-08
0.69542 0.291444 -2.25051e-08
0.671407 0.373458 -2.33048e-08
0.648927 0.448944 -2.46034e-08
0.628843 0.515001 -2.63512e-08
0.611927 0.56909 -2.8481e-08
0.598829 0.609134 -3.09109e-08
0.590052 0.633592 -3.35475e-08
0.585933 0.641525 -3.62895e-08
0.586632 0.632629 -3.90316e-08
0.59212 0.607245 -4.16684e-08
0.602188 0.566349 -4.40985e-08
0.616447 0.511511 -4.62286e-08
0.634351 0.444841 -4.79767e-08
0.655211 0.368899 -4.92758e-08
0.678226 0.286604 -5.00759e-08
0.702511 0.201118 -5.03463e-08
0.727132 0.115727 -5.00765e-08
0.751145 0.0337118 -4.9277e-08
0.773625 -0.0417759 -4.79784e-08
0.79371 -0.107835 -4.62307e-08
0.810627 -0.161927 -4.4101e-08
0.823726 -0.201974 -4.16712e-08
0.832504 -0.226435 -3.90346e-08
0.836624 -0.234373 -3.62926e-08
0.835926 -0.22548 -3.35505e-08
0.830439 -0.2001 -3.09137e-08
0.820372 -0.159206 -2.84835e-08
0.806114 -0.104372 -2.63534e-08
0.788211 -0.037704 -2.46051e-08
0.767351 0.0382362 -2.33059e-08
0.744337 0.12053 -2.25057e-08
0.720052 0.206015 -2.22352e-08
0.69543 0.291407 -2.25049e-08
0.671418 0.373423 -2.33043e-08
0.648937 0.448913 -2.46028e-08
0.628851 0.514974 -2.63504e-08
0.611934 0.569069 -2.848e-08
0.598834 0.609119 -3.09098e-08
0.590055 0.633585 -3.35463e-08
0.585934 0.641525 -3.62883e-08
0.58663 0.632637 -3.90304e-08
0.592117 0.60726 -4.16673e-08
0.602182 0.56637 -4.40975e-08
0.61644 0.511538 -4.62277e-08
0.634342 0.444873 -4.7976e-08
0.655201 0.368934 -4.92754e-08
0.678215 0.286641 -5.00757e-08
0.7025 0.201156 -5.03463e-08
0.727122 0.115764 -5.00768e-08
0.751135 0.0337468 -4.92775e-08
0.773616 -0.0417444 -4.79791e-08
0.793702 -0.107808 -4.62316e-08
0.81062 -0.161906 -4.4102e-08
0.823721 -0.201959 -4.16723e-08
0.832501 -0.226428 -3.90358e-08
0.836623 -0.234373 -3.62938e-08
0.835928 -0.225488 -3.35517e-08
0.830442 -0.200114 -3.09148e-08
0.820378 -0.159228 -2.84846e-08
0.806121 -0.104399 -2.63543e-08
0.788219 -0.0377357 -2.46058e-08
0.767361 0.038201 -2.33064e-08
0.744347 0.120493 -2.2506e-08
0.720063 0.205977 -2.22352e-08
0.695441 0.29137 -2.25046e-08
0.671428 0.373388 -2.33038e-08
0.648946 0.448881 -2.46021e-08
0.62886 0.514948 -2.63495e-08
0.61194 0.569049 -2.8479e-08
0.598838 0.609105 -3.09086e-08
0.590058 0.633577 -3.35451e-08
0.585935 0.641526 -3.62871e-08
0.586629 0.632644 -3.90292e-08
0.592113 0.607274 -4.16661e-08
0.602177 0.566391 -4.40965e-08
0.616433 0.511565 -4.62268e-08
0.634334 0.444904 -4.79754e-08
0.655192 0.368969 -4.92749e-08
0.678205 0.286679 -5.00755e-08
0.702489 0.201194 -5.03463e-08
0.727111 0.115802 -5.0077e-08
0.751124 0.0337818 -4.92779e-08
0.773607 -0.0417129 -4.79798e-08
0.793694 -0.107782 -4.62324e-08
0.810614 -0.161885 -4.41031e-08
0.823716 -0.201945 -4.16735e-08
0.832498 -0.226421 -3.9037e-08
0.836622 -0.234373 -3.6295e-08
0.835929 -0.225495 -3.35529e-08
0.830446 -0.200129 -3.0916e-08
0.820383 -0.159249 -2.84856e-08
0.612127 0.547487 -3.93672e-08
0.612677 0.540491 -4.15217e-08
0.616991 0.520541 -4.35934e-08
0.624903 0.488403 -4.55027e-08
0.636108 0.445312 -4.71762e-08
0.650177 0.392925 -4.85496e-08
0.666567 0.333254 -4.95701e-08
0.684651 0.268592 -5.01986e-08
0.703732 0.201425 -5.04108e-08
0.723078 0.134332 -5.01987e-08
0.741944 0.0698938 -4.95703e-08
0.759607 0.0105851 -4.85498e-08
0.775386 -0.0413146 -4.71765e-08
0.788677 -0.0838108 -4.55031e-08
0.798968 -0.115271 -4.35938e-08
0.805863 -0.134485 -4.15222e-08
0.809098 -0.140715 -3.93677e-08
0.808548 -0.133723 -3.72132e-08
0.804235 -0.113775 -3.51415e-08
0.796325 -0.0816399 -3.32322e-08
0.78512 -0.0385516 -3.15587e-08
0.771052 0.013834 -3.01852e-08
0.754662 0.0735038 -2.91646e-08
0.736578 0.138165 -2.8536e-08
0.717497 0.205332 -2.83237e-08
0.698152 0.272425 -2.85357e-08
0.679285 0.336864 -2.9164e-08
0.661622 0.396174 -3.01844e-08
0.645842 0.448076 -3.15577e-08
0.632551 0.490574 -3.3231e-08
0.622259 0.522036 -3.51402e-08
0.615363 0.541253 -3.72118e-08
0.612127 0.547487 -3.93663e-08
0.612676 0.540497 -4.15208e-08
0.616988 0.520552 -4.35925e-08
0.624899 0.48842 -4.55019e-08
0.636103 0.445334 -4.71755e-08
0.65017 0.39295 -4.8549e-08
0.66656 0.333281 -4.95697e-08
0.684643 0.268621 -5.01984e-08
0.703723 0.201454 -5.04108e-08
0.723069 0.134362 -5.01989e-08
0.741936 0.0699213 -4.95707e-08
0.759599 0.0106098 -4.85504e-08
0.77538 -0.0412936 -4.71772e-08
0.788672 -0.0837944 -4.55039e-08
0.798964 -0.115259 -4.35947e-08
0.805861 -0.134479 -4.15231e-08
0.809097 -0.140715 -3.93687e-08
0.80855 -0.133729 -3.72142e-08
0.804238 -0.113787 -3.51424e-08
0.796329 -0.0816567 -3.3233e-08
0.785125 -0.0385728 -3.15594e-08
0.771059 0.0138091 -3.01857e-08
0.754669 0.0734762 -2.91649e-08
0.736587 0.138135 -2.85362e-08
0.717506 0.205302 -2.83237e-08
0.69816 0.272395 -2.85355e-08
0.679293 0.336836 -2.91636e-08
0.66163 0.396149 -3.01839e-08
0.645849 0.448055 -3.1557e-08
0.632556 0.490558 -3.32302e-08
0.622263 0.522025 -3.51393e-08
0.615366 0.541248 -3.72109e-08
0.612128 0.547487 -3.93653e-08
0.612675 0.540503 -4.15198e-08
0.616986 0.520564 -4.35916e-08
0.624894 0.488437 -4.55011e-08
0.636097 0.445355 -4.71748e-08
0.650163 0.392975 -4.85485e-08
0.666552 0.333309 -4.95694e-08
0.684634 0.268651 -5.01982e-08
0.703715 0.201484 -5.04108e-08
0.723061 0.134391 -5.01991e-08
0.741928 0.0699488 -4.9571e-08
0.759592 0.0106345 -4.85509e-08
0.775373 -0.0412726 -4.71778e-08
0.788666 -0.0837779 -4.55046e-08
0.79896 -0.115248 -4.35956e-08
0.805859 -0.134474 -4.15241e-08
0.809097 -0.140716 -3.93696e-08
0.808551 -0.133735 -3.72151e-08
0.804241 -0.113798 -3.51433e-08
0.796333 -0.0816734 -3.32338e-08
0.785131 -0.038594 -3.156e-08
0.771066 0.0137842 -3.01863e-08
0.754677 0.0734485 -2.91653e-08
0.736595 0.138106 -2.85364e-08
0.717515 0.205272 -2.83237e-08
0.698169 0.272366 -2.85353e-08
0.679301 0.336809 -2.91633e-08
0.642277 0.440274 -4.16533e-08
0.642656 0.435455 -4.31374e-08
0.645628 0.421713 -4.45645e-08
0.651077 0.399575 -4.58796e-08
0.658796 0.369893 -4.70324e-08
0.668487 0.333806 -4.79785e-08
0.679778 0.292702 -4.86815e-08
0.692234 0.248161 -4.91144e-08
0.705378 0.201893 -4.92606e-08
0.718704 0.155677 -4.91145e-08
0.7317 0.11129 -4.86816e-08
0.743867 0.0704355 -4.79787e-08
0.754736 0.034685 -4.70327e-08
0.763891 0.00541195 -4.58799e-08
0.77098 -0.0162587 -4.45648e-08
0.77573 -0.0294943 -4.31377e-08
0.777958 -0.0337861 -4.16537e-08
0.77758 -0.0289692 -4.01696e-08
0.774609 -0.0152287 -3.87425e-08
0.769159 0.00690734 -3.74273e-08
0.761441 0.0365883 -3.62745e-08
0.751751 0.0726735 -3.53284e-08
0.74046 0.113776 -3.46253e-08
0.728004 0.158317 -3.41924e-08
0.71486 0.204585 -3.40461e-08
0.701534 0.250801 -3.41922e-08
0.688538 0.295189 -3.4625e-08
0.676371 0.336044 -3.53278e-08
0.665501 0.371796 -3.62738e-08
0.656346 0.401071 -3.74265e-08
0.649257 0.422743 -3.87416e-08
0.644506 0.43598 -4.01686e-08
0.642277 0.440274 -4.16527e-08
0.642655 0.435459 -4.31368e-08
0.645626 0.421721 -4.45639e-08
0.651075 0.399587 -4.58791e-08
0.658792 0.369907 -4.7032e-08
0.668482 0.333823 -4.79781e-08
0.679772 0.292721 -4.86812e-08
0.692229 0.248181 -4.91143e-08
0.705372 0.201914 -4.92606e-08
0.718698 0.155698 -4.91146e-08
0.731694 0.111309 -4.86819e-08
0.743861 0.0704525 -4.7979e-08
0.754732 0.0346995 -4.70331e-08
0.763888 0.00542328 -4.58805e-08
0.770977 -0.016251 -4.45654e-08
0.775728 -0.0294904 -4.31384e-08
0.777958 -0.0337862 -4.16543e-08
0.77758 -0.0289733 -4.01702e-08
0.774611 -0.0152367 -3.87431e-08
0.769162 0.00689581 -3.74279e-08
0.761445 0.0365736 -3.6275e-08
0.751755 0.0726564 -3.53288e-08
0.740466 0.113757 -3.46256e-08
0.72801 0.158297 -3.41925e-08
0.714866 0.204564 -3.40461e-08
0.70154 0.250781 -3.4192e-08
0.688544 0.29517 -3.46247e-08
0.676376 0.336027 -3.53275e-08
0.665506 0.371781 -3.62733e-08
0.656349 0.401059 -3.74259e-08
0.649259 0.422735 -3.8741e-08
0.675224 0.324007 -4.30612e-08
0.675417 0.32155 -4.38179e-08
0.676932 0.314544 -4.45454e-08
0.679711 0.303257 -4.5216e-08
0.683646 0.288123 -4.58037e-08
0.688587 0.269724 -4.62861e-08
0.694344 0.248767 -4.66445e-08
0.700695 0.226058 -4.68652e-08
0.707396 0.202468 -4.69398e-08
0.714191 0.178905 -4.68653e-08
0.720817 0.156274 -4.66446e-08
0.72702 0.135444 -4.62862e-08
0.732562 0.117216 -4.58039e-08
0.73723 0.102292 -4.52161e-08
0.740844 0.0912426 -4.45456e-08
0.743265 0.0844945 -4.3818e-08
0.744402 0.0823063 -4.30614e-08
0.744209 0.0847622 -4.23047e-08
0.742694 0.0917678 -4.15771e-08
0.739915 0.103054 -4.09065e-08
0.73598 0.118187 -4.03188e-08
0.73104 0.136585 -3.98364e-08
0.725283 0.157541 -3.94779e-08
0.718932 0.180251 -3.92572e-08
0.712231 0.20384 -3.91826e-08
0.705437 0.227404 -3.92571e-08
0.69881 0.250035 -3.94778e-08
0.692607 0.270865 -3.98361e-08
0.687065 0.289094 -4.03184e-08
0.682397 0.304019 -4.09061e-08
0.678783 0.315069 -4.15766e-08
0.676361 0.321818 -4.23042e-08
0.709702 0.203154 -4.35367e-08
