0.102386 0.151954 -0.0141254
0.245468 0.0599351 -0.0142665
0.243443 0.0627782 -0.0080522
0.236075 0.0691641 -0.00207666
0.223649 0.0788475 0.00343044
0.206641 0.0914562 0.00825748
0.185704 0.106506 0.012219
0.161644 0.123418 0.0151626
0.135385 0.141543 0.0169754
0.107936 0.160183 0.0175876
0.080352 0.178624 0.0169757
0.0536928 0.196156 0.0151632
0.0289831 0.212105 0.0122197
0.00717227 0.225858 0.00825846
-0.0109015 0.236888 0.00343159
-0.0245435 0.244769 -0.00207538
-0.0332297 0.2492 -0.00805085
-0.0366263 0.25001 -0.0142652
-0.0346026 0.247168 -0.0204795
-0.0272365 0.240783 -0.0264552
-0.014811 0.2311 -0.0319624
0.00219634 0.218492 -0.0367896
0.023132 0.203443 -0.0407513
0.0471915 0.186531 -0.0436952
0.0734501 0.168407 -0.0455082
0.100899 0.149766 -0.0461207
0.128483 0.131325 -0.045509
0.155143 0.113793 -0.0436968
0.179853 0.0978438 -0.0407536
0.201664 0.0840897 -0.0367925
0.219739 0.0730595 -0.0319658
0.233382 0.0651771 -0.026459
0.24207 0.0607454 -0.0204836
0.387118 -0.0225099 -0.0146844
0.383146 -0.0169331 -0.00249456
0.368695 -0.00440663 0.00922689
0.344319 0.0145881 0.0200295
0.310956 0.039321 0.029498
0.269888 0.0688419 0.0372688
0.222693 0.102016 0.043043
0.171184 0.137569 0.0465989
0.11734 0.174134 0.0477997
0.0632323 0.210307 0.0465994
0.0109385 0.244696 0.043044
-0.0375314 0.275982 0.0372703
-0.0803149 0.30296 0.0295
-0.115768 0.324595 0.0200317
-0.142528 0.340056 0.0092294
-0.159566 0.348747 -0.0024919
-0.166229 0.350336 -0.0146817
-0.162259 0.344761 -0.0268717
-0.14781 0.332236 -0.0385933
-0.123437 0.313243 -0.0493961
-0.0900756 0.288511 -0.058865
-0.0490088 0.258991 -0.0666361
-0.00181443 0.225817 -0.0724109
0.0496938 0.190265 -0.0759672
0.103537 0.1537 -0.0771686
0.157645 0.117527 -0.0759688
0.209939 0.0831368 -0.072414
0.25841 0.0518508 -0.0666407
0.301195 0.0248711 -0.0588708
0.33665 0.00323457 -0.0494029
0.363412 -0.0122273 -0.0386008
0.380453 -0.0209205 -0.0268797
0.387118 -0.0225108 -0.0146899
0.38315 -0.0169371 -0.00249988
0.368704 -0.00441363 0.00922188
0.344332 0.0145783 0.020025
0.310973 0.039309 0.0294942
0.269908 0.068828 0.0372657
0.222714 0.102001 0.0430409
0.171207 0.137553 0.0465978
0.117364 0.174118 0.0477997
0.063256 0.210291 0.0466004
0.0109609 0.244682 0.0430461
-0.0375112 0.275969 0.0372733
-0.0802975 0.302949 0.0295038
-0.115754 0.324587 0.0200362
-0.142518 0.34005 0.00923441
-0.159561 0.348745 -0.00248658
-0.166228 0.350337 -0.0146763
-0.162263 0.344765 -0.0268664
-0.147819 0.332243 -0.0385883
-0.12345 0.313252 -0.0493916
-0.0900921 0.288523 -0.0588612
-0.0490284 0.259005 -0.0666331
-0.00183638 0.225833 -0.0724088
0.0496704 0.190281 -0.0759662
0.103513 0.153716 -0.0771686
0.157621 0.117543 -0.0759699
0.209917 0.0831514 -0.072416
0.25839 0.0518637 -0.0666437
0.301178 0.0248819 -0.0588746
0.336636 0.00324283 -0.0494074
0.363402 -0.012222 -0.0386058
0.521895 -0.092213 -0.0153631
0.516129 -0.0841167 0.00233391
0.495149 -0.0659311 0.0193508
0.459761 -0.0383551 0.0350338
0.411325 -0.0024483 0.04878
0.351703 0.0404094 0.0600614
0.283186 0.088571 0.0684443
0.208406 0.140186 0.0736066
0.130238 0.19327 0.0753499
0.0516854 0.245785 0.0736073
-0.0242335 0.295711 0.0684458
-0.0946011 0.34113 0.0600635
-0.156713 0.380297 0.0487828
-0.208183 0.411706 0.035037
-0.247032 0.434151 0.0193545
-0.271768 0.44677 0.00233777
-0.281441 0.449076 -0.0153591
-0.275678 0.440982 -0.0330562
-0.254701 0.422799 -0.0500734
-0.219316 0.395225 -0.0657566
-0.170883 0.35932 -0.0795034
-0.111264 0.316463 -0.0907853
-0.0427479 0.268303 -0.0991689
0.0320305 0.216688 -0.104332
0.110198 0.163604 -0.106076
0.188751 0.111089 -0.104334
0.264671 0.0611624 -0.0991734
0.33504 0.0157421 -0.0907919
0.397154 -0.0234264 -0.0795117
0.448627 -0.0548378 -0.0657665
0.487479 -0.077285 -0.0500843
0.512219 -0.0899055 -0.0330678
0.521894 -0.0922143 -0.0153709
0.516135 -0.0841225 0.00232619
0.495161 -0.0659413 0.0193436
0.45978 -0.0383692 0.0350272
0.411349 -0.00246581 0.0487745
0.351732 0.0403891 0.060057
0.283218 0.0885488 0.0684412
0.20844 0.140163 0.073605
0.130273 0.193247 0.0753499
0.0517198 0.245762 0.0736089
-0.024201 0.295689 0.0684488
-0.0945716 0.341111 0.0600679
-0.156688 0.380281 0.0487884
-0.208163 0.411694 0.0350436
-0.247018 0.434144 0.0193617
-0.271761 0.446766 0.00234549
-0.28144 0.449077 -0.0153513
-0.275684 0.440988 -0.0330485
-0.254714 0.422809 -0.0500661
-0.219335 0.395239 -0.0657501
-0.170907 0.359337 -0.0794978
-0.111292 0.316483 -0.090781
-0.0427798 0.268325 -0.0991659
0.0319965 0.216712 -0.10433
0.110163 0.163627 -0.106076
0.188717 0.111112 -0.104336
0.264639 0.0611836 -0.0991764
0.335011 0.0157609 -0.0907963
0.397129 -0.0234107 -0.0795173
0.448607 -0.0548258 -0.065773
0.487465 -0.0772772 -0.0500915
0.512211 -0.0899022 -0.0330755
0.521894 -0.0922155 -0.0153788
0.516141 -0.0841284 0.00231847
0.495174 -0.0659515 0.0193363
0.459798 -0.0383833 0.0350207
0.411373 -0.00248333 0.0487689
0.35176 0.0403689 0.0600526
0.28325 0.0885266 0.0684382
0.208474 0.140139 0.0736035
0.130308 0.193223 0.0753499
0.0517541 0.245739 0.0736104
-0.0241684 0.295668 0.0684518
-0.0945421 0.341092 0.0600723
-0.156663 0.380265 0.0487939
-0.208143 0.411682 0.0350501
-0.247004 0.434136 0.019369
-0.271753 0.446763 0.00235321
-0.281439 0.449079 -0.0153434
-0.27569 0.440994 -0.0330408
-0.254726 0.422819 -0.0500588
-0.219354 0.395253 -0.0657436
-0.170931 0.359355 -0.0794923
-0.111321 0.316504 -0.0907766
-0.0428117 0.268347 -0.0991629
0.0319625 0.216735 -0.104329
0.110129 0.163651 -0.106076
0.188683 0.111135 -0.104337
0.264606 0.0612048 -0.0991794
0.644619 -0.146496 -0.0162764
0.63728 -0.136191 0.00624766
0.610578 -0.113045 0.0279061
0.565537 -0.0779474 0.0478667
0.50389 -0.0322467 0.0653624
0.428006 0.0223009 0.0797209
0.3408 0.0835991 0.0903903
0.245623 0.149292 0.0969607
0.146134 0.216856 0.0991796
0.0461549 0.283694 0.0969617
-0.0504716 0.347238 0.0903922
-0.140033 0.405046 0.0797236
-0.219086 0.454896 0.065366
-0.284595 0.494873 0.0478709
-0.334041 0.52344 0.0279108
-0.365524 0.5395 0.00625258
-0.377835 0.542436 -0.0162714
-0.3705 0.532134 -0.0387955
-0.343802 0.508991 -0.0604542
-0.298765 0.473896 -0.0804153
-0.237122 0.428197 -0.0979116
-0.16124 0.373651 -0.112271
-0.0740361 0.312354 -0.122941
0.021139 0.246662 -0.129512
0.120628 0.179098 -0.131732
0.220607 0.112259 -0.129515
0.317235 0.0487145 -0.122947
0.406798 -0.00909469 -0.112279
0.485854 -0.0589468 -0.0979222
0.551366 -0.0989259 -0.0804278
0.600816 -0.127496 -0.0604681
0.632303 -0.143559 -0.0388102
0.644618 -0.146497 -0.0162864
0.637288 -0.136198 0.00623784
0.610593 -0.113058 0.0278969
0.565561 -0.0779654 0.0478584
0.503921 -0.032269 0.0653553
0.428042 0.0222751 0.0797153
0.34084 0.0835709 0.0903865
0.245667 0.149263 0.0969587
0.146178 0.216826 0.0991796
0.0461987 0.283665 0.0969636
-0.0504302 0.347211 0.090396
-0.139995 0.405022 0.0797292
-0.219054 0.454876 0.065373
-0.284569 0.494858 0.0478792
-0.334023 0.52343 0.02792
-0.365515 0.539496 0.0062624
-0.377834 0.542437 -0.0162613
-0.370508 0.532141 -0.0387856
-0.343818 0.509004 -0.060445
-0.298789 0.473914 -0.080407
-0.237152 0.428219 -0.0979045
-0.161276 0.373677 -0.112265
-0.0740766 0.312382 -0.122937
0.0210957 0.246691 -0.12951
0.120583 0.179128 -0.131732
0.220563 0.112288 -0.129517
0.317193 0.0487415 -0.122951
0.40676 -0.00907075 -0.112285
0.485822 -0.0589268 -0.0979293
0.55134 -0.0989107 -0.0804361
0.600798 -0.127486 -0.0604774
0.632294 -0.143555 -0.03882
0.644617 -0.146499 -0.0162964
0.637295 -0.136206 0.00622801
0.610609 -0.113071 0.0278876
0.565585 -0.0779833 0.0478501
0.503951 -0.0322913 0.0653483
0.428078 0.0222494 0.0797097
0.340881 0.0835426 0.0903826
0.24571 0.149233 0.0969568
0.146223 0.216796 0.0991796
0.0462424 0.283636 0.0969656
-0.0503888 0.347184 0.0903999
-0.139958 0.404998 0.0797348
-0.219022 0.454856 0.0653801
-0.284544 0.494842 0.0478876
-0.334005 0.52342 0.0279293
-0.365505 0.539492 0.00627223
-0.377833 0.542439 -0.0162513
-0.370515 0.532149 -0.0387758
-0.343834 0.509017 -0.0604357
-0.298813 0.473932 -0.0803986
-0.237183 0.428242 -0.0978974
-0.161313 0.373703 -0.11226
-0.0741172 0.312411 -0.122933
0.0210524 0.246721 -0.129509
0.120539 0.179158 -0.131732
0.22052 0.112317 -0.129519
0.317152 0.0487685 -0.122955
0.406723 -0.0090468 -0.11229
0.48579 -0.0589068 -0.0979364
0.551315 -0.0988954 -0.0804444
0.60078 -0.127476 -0.0604866
0.632284 -0.14355 -0.0388299
0.644616 -0.1465 -0.0163064
0.637303 -0.136213 0.00621818
0.610625 -0.113084 0.0278784
0.565608 -0.0780013 0.0478417
0.503982 -0.0323135 0.0653412
0.428115 0.0222236 0.0797042
0.340921 0.0835144 0.0903788
0.245753 0.149203 0.0969548
0.146267 0.216767 0.0991796
0.0462861 0.283607 0.0969675
-0.0503474 0.347157 0.0904037
-0.13992 0.404974 0.0797403
-0.21899 0.454836 0.0653872
-0.284518 0.494827 0.0478959
-0.333987 0.52341 0.0279385
-0.365495 0.539487 0.00628206
-0.377832 0.542441 -0.0162413
-0.370523 0.532156 -0.038766
-0.343849 0.50903 -0.0604265
-0.298836 0.473949 -0.0803903
0.750575 -0.183272 -0.0173892
0.741945 -0.171155 0.0090963
0.710545 -0.143938 0.034564
0.657584 -0.102667 0.0580352
0.585094 -0.048929 0.078608
0.495863 0.0152123 0.0954918
0.39332 0.0872915 0.108038
0.281404 0.164539 0.115764
0.164417 0.243986 0.118373
0.0468535 0.322579 0.115765
-0.0667676 0.397299 0.10804
-0.17208 0.465274 0.0954951
-0.265038 0.523891 0.0786122
-0.342068 0.570899 0.0580401
-0.40021 0.604491 0.0345694
-0.437231 0.623375 0.00910207
-0.451707 0.626827 -0.0173833
-0.443082 0.614714 -0.0438689
-0.411688 0.5875 -0.069337
-0.35873 0.546232 -0.0928087
-0.286245 0.492497 -0.113382
-0.197018 0.428357 -0.130267
-0.0944764 0.35628 -0.142814
0.0174378 0.279033 -0.150541
0.134424 0.199586 -0.153151
0.251988 0.120992 -0.150544
0.36561 0.0462715 -0.142821
0.470925 -0.0217051 -0.130277
0.563886 -0.080325 -0.113395
0.64092 -0.127336 -0.0928234
0.699067 -0.16093 -0.0693533
0.736092 -0.179818 -0.0438863
0.750573 -0.183274 -0.017401
0.741954 -0.171163 0.00908474
0.710564 -0.143953 0.0345531
0.657611 -0.102689 0.0580254
0.58513 -0.0489552 0.0785997
0.495906 0.015182 0.0954852
0.393367 0.0872583 0.108033
0.281455 0.164504 0.115761
0.164469 0.24395 0.118373
0.0469049 0.322545 0.115767
-0.0667189 0.397267 0.108044
-0.172036 0.465245 0.0955016
-0.265 0.523868 0.0786205
-0.342038 0.570881 0.0580499
-0.400189 0.604479 0.0345803
-0.437219 0.62337 0.00911363
-0.451706 0.626829 -0.0173715
-0.443091 0.614722 -0.0438574
-0.411706 0.587515 -0.0693261
-0.358758 0.546254 -0.0927989
-0.286281 0.492523 -0.113374
-0.19706 0.428388 -0.13026
-0.0945241 0.356313 -0.142809
0.0173869 0.279068 -0.150539
0.134372 0.199622 -0.153151
0.251936 0.121027 -0.150547
0.365562 0.0463032 -0.142825
0.470881 -0.0216769 -0.130283
0.563848 -0.0803015 -0.113403
0.64089 -0.127318 -0.0928332
0.699046 -0.160919 -0.0693642
0.736081 -0.179813 -0.0438978
0.750572 -0.183276 -0.0174128
0.741962 -0.171172 0.00907319
0.710583 -0.143968 0.0345422
0.657639 -0.10271 0.0580156
0.585166 -0.0489814 0.0785914
0.495949 0.0151517 0.0954787
0.393415 0.0872251 0.108029
0.281506 0.164469 0.115759
0.164521 0.243915 0.118373
0.0469563 0.322511 0.115769
-0.0666702 0.397235 0.108049
-0.171992 0.465217 0.0955082
-0.264962 0.523844 0.0786288
-0.342008 0.570863 0.0580597
-0.400168 0.604467 0.0345912
-0.437208 0.623365 0.00912518
-0.451704 0.626831 -0.0173598
-0.4431 0.614731 -0.0438458
-0.411725 0.587531 -0.0693152
-0.358786 0.546275 -0.0927891
-0.286317 0.492549 -0.113366
-0.197103 0.428418 -0.130254
-0.0945718 0.356346 -0.142805
0.017336 0.279103 -0.150536
0.13432 0.199657 -0.153151
0.251885 0.121061 -0.150549
0.365513 0.046335 -0.14283
0.470837 -0.0216488 -0.13029
0.56381 -0.080278 -0.113411
0.64086 -0.1273 -0.092843
0.699025 -0.160907 -0.0693751
0.736069 -0.179808 -0.0439094
0.750571 -0.183277 -0.0174245
0.741971 -0.171181 0.00906163
0.710602 -0.143984 0.0345313
0.657667 -0.102731 0.0580058
0.585202 -0.0490076 0.078583
0.495991 0.0151214 0.0954722
0.393463 0.0871919 0.108024
0.281556 0.164434 0.115757
0.164573 0.24388 0.118373
0.0470077 0.322477 0.115772
-0.0666215 0.397204 0.108054
-0.171948 0.465189 0.0955147
-0.264924 0.523821 0.0786372
-0.341978 0.570845 0.0580695
-0.400147 0.604456 0.0346021
-0.437197 0.62336 0.00913674
-0.451703 0.626833 -0.017348
-0.443109 0.61474 -0.0438343
-0.411744 0.587546 -0.0693043
-0.358814 0.546296 -0.0927794
-0.286353 0.492575 -0.113357
-0.197146 0.428448 -0.130247
-0.0946195 0.356379 -0.1428
0.0172851 0.279138 -0.150534
0.134268 0.199692 -0.153151
0.251834 0.121095 -0.150551
0.365464 0.0463667 -0.142834
0.470793 -0.0216206 -0.130296
0.563773 -0.0802545 -0.11342
0.64083 -0.127282 -0.0928528
0.699003 -0.160895 -0.0693859
0.736058 -0.179803 -0.0439209
0.750569 -0.183279 -0.0174363
0.74198 -0.17119 0.00905008
0.71062 -0.143999 0.0345205
0.657695 -0.102752 0.057996
0.585238 -0.0490338 0.0785747
0.496034 0.0150911 0.0954656
0.39351 0.0871587 0.10802
0.281607 0.164399 0.115755
0.835689 -0.201128 -0.0186588
0.8261 -0.187664 0.0107703
0.791211 -0.157423 0.0390686
0.732363 -0.111565 0.0651485
0.651817 -0.0518541 0.0880078
0.552668 0.019416 0.106768
0.438728 0.0995063 0.120708
0.314373 0.185339 0.129293
0.184384 0.273616 0.132192
0.0537542 0.360944 0.129294
-0.0724951 0.443969 0.120711
-0.189513 0.519499 0.106772
-0.292802 0.584631 0.0880124
-0.378393 0.636863 0.0651539
-0.442998 0.674189 0.0390747
-0.484133 0.695172 0.0107768
-0.500218 0.699008 -0.0186523
-0.490634 0.685548 -0.0480816
-0.455751 0.65531 -0.0763802
-0.396908 0.609455 -0.102461
-0.316366 0.549747 -0.125321
-0.217222 0.478479 -0.144082
-0.103284 0.398391 -0.158024
0.0210691 0.312559 -0.166609
0.151058 0.224282 -0.16951
0.281688 0.136953 -0.166613
0.407939 0.0539272 -0.158031
0.524959 -0.0216045 -0.144093
0.628251 -0.0867396 -0.125335
0.713847 -0.138975 -0.102477
0.778457 -0.176304 -0.0763984
0.819597 -0.197291 -0.0481009
0.835688 -0.20113 -0.0186719
0.82611 -0.187674 0.0107575
0.791232 -0.15744 0.0390565
0.732394 -0.111589 0.0651376
0.651857 -0.0518832 0.0879986
0.552716 0.0193824 0.106761
0.438781 0.0994694 0.120703
0.31443 0.1853 0.129291
0.184441 0.273577 0.132192
0.0538113 0.360907 0.129297
-0.072441 0.443934 0.120716
-0.189464 0.519467 0.106779
-0.29276 0.584605 0.0880217
-0.37836 0.636844 0.0651648
-0.442974 0.674176 0.0390867
-0.48412 0.695167 0.0107896
-0.500216 0.69901 -0.0186392
-0.490644 0.685557 -0.0480688
-0.455772 0.655326 -0.0763681
-0.396939 0.609479 -0.10245
-0.316406 0.549776 -0.125312
-0.217269 0.478513 -0.144075
-0.103337 0.398427 -0.158019
0.0210126 0.312597 -0.166607
0.151 0.224321 -0.16951
0.281631 0.136991 -0.166616
0.407884 0.0539625 -0.158036
0.52491 -0.0215732 -0.1441
0.628209 -0.0867135 -0.125344
0.713814 -0.138955 -0.102488
0.778433 -0.176291 -0.0764105
0.819584 -0.197285 -0.0481137
0.835686 -0.201132 -0.018685
0.82612 -0.187684 0.0107447
0.791252 -0.157457 0.0390444
0.732425 -0.111612 0.0651267
0.651897 -0.0519123 0.0879893
0.552763 0.0193487 0.106754
0.438834 0.0994325 0.120698
0.314486 0.185262 0.129288
0.184499 0.273538 0.132192
0.0538684 0.360869 0.129299
-0.0723869 0.443898 0.120721
-0.189415 0.519436 0.106786
-0.292718 0.584579 0.0880309
-0.378326 0.636824 0.0651757
-0.442951 0.674163 0.0390988
-0.484107 0.695161 0.0108024
-0.500215 0.699012 -0.0186261
-0.490654 0.685567 -0.0480559
-0.455792 0.655343 -0.076356
-0.39697 0.609502 -0.102439
-0.316446 0.549805 -0.125302
-0.217316 0.478547 -0.144068
-0.10339 0.398464 -0.158014
0.020956 0.312636 -0.166604
0.150942 0.22436 -0.16951
0.281574 0.137029 -0.166618
0.40783 0.0539977 -0.158041
0.524861 -0.0215419 -0.144108
0.628167 -0.0866874 -0.125353
0.71378 -0.138935 -0.102499
0.778409 -0.176278 -0.0764226
0.819572 -0.19728 -0.0481265
0.835685 -0.201135 -0.0186981
0.82613 -0.187694 0.0107318
0.791273 -0.157473 0.0390323
0.732456 -0.111636 0.0651158
0.651937 -0.0519415 0.08798
0.552811 0.019315 0.106746
0.438887 0.0993956 0.120693
0.314543 0.185223 0.129285
0.184557 0.273499 0.132192
0.0539256 0.360831 0.129302
-0.0723328 0.443863 0.120726
-0.189366 0.519405 0.106794
-0.292676 0.584553 0.0880402
-0.378293 0.636804 0.0651866
-0.442927 0.67415 0.0391109
-0.484095 0.695156 0.0108153
-0.500213 0.699014 -0.018613
-0.490664 0.685577 -0.0480431
-0.455813 0.65536 -0.076344
-0.397001 0.609526 -0.102428
-0.316486 0.549834 -0.125293
-0.217364 0.47858 -0.14406
-0.103443 0.398501 -0.158009
0.0208995 0.312675 -0.166602
0.150884 0.224399 -0.16951
0.281516 0.137067 -0.166621
0.407776 0.054033 -0.158046
0.524812 -0.0215106 -0.144115
0.628125 -0.0866613 -0.125363
0.713747 -0.138915 -0.10251
0.778386 -0.176265 -0.0764347
0.819559 -0.197274 -0.0481394
0.835683 -0.201137 -0.0187112
0.826139 -0.187703 0.010719
0.791294 -0.15749 0.0390202
0.732487 -0.111659 0.065105
0.651977 -0.0519706 0.0879708
0.552858 0.0192814 0.106739
0.43894 0.0993587 0.120688
0.314599 0.185184 0.129283
0.184615 0.27346 0.132192
0.0539827 0.360793 0.129305
-0.0722786 0.443828 0.120731
-0.189317 0.519373 0.106801
-0.292634 0.584527 0.0880495
-0.37826 0.636784 0.0651975
-0.442904 0.674137 0.039123
-0.484082 0.69515 0.0108281
-0.500212 0.699016 -0.0185999
-0.490674 0.685586 -0.0480302
-0.455834 0.655377 -0.0763319
-0.397032 0.609549 -0.102417
-0.316526 0.549864 -0.125284
-0.217411 0.478614 -0.144053
-0.103496 0.398538 -0.158004
0.896692 -0.199379 -0.0200365
0.886512 -0.185086 0.0112055
0.849474 -0.152981 0.0412468
0.787001 -0.104299 0.0689332
0.701494 -0.0409097 0.0932006
0.596238 0.0347505 0.113116
0.475279 0.119774 0.127915
0.343264 0.210894 0.137029
0.205268 0.304608 0.140107
0.0665918 0.397316 0.13703
-0.0674341 0.485455 0.127918
-0.19166 0.565637 0.11312
-0.301311 0.634781 0.0932055
-0.392175 0.690231 0.068939
-0.460759 0.729855 0.0412533
-0.504428 0.752131 0.0112123
-0.521503 0.756203 -0.0200295
-0.51133 0.741914 -0.0512716
-0.474297 0.709814 -0.0813134
-0.41183 0.661135 -0.109
-0.326327 0.597749 -0.133269
-0.221075 0.522091 -0.153186
-0.100119 0.437069 -0.167986
0.0318935 0.34595 -0.177101
0.169889 0.252236 -0.18018
0.308566 0.159527 -0.177105
0.442593 0.0713875 -0.167994
0.566821 -0.00879673 -0.153197
0.676477 -0.077944 -0.133283
0.767345 -0.133397 -0.109018
0.835934 -0.173025 -0.0813326
0.879609 -0.195305 -0.051292
0.89669 -0.199381 -0.0200504
0.886523 -0.185096 0.0111918
0.849496 -0.152999 0.041234
0.787034 -0.104324 0.0689216
0.701536 -0.0409406 0.0931907
0.596288 0.0347148 0.113109
0.475335 0.119735 0.12791
0.343324 0.210853 0.137026
0.205329 0.304567 0.140107
0.0666525 0.397276 0.137033
-0.0673766 0.485417 0.127923
-0.191608 0.565604 0.113128
-0.301266 0.634754 0.0932153
-0.392139 0.69021 0.0689505
-0.460734 0.729842 0.0412661
-0.504414 0.752126 0.0112259
-0.521502 0.756205 -0.0200156
-0.51134 0.741924 -0.051258
-0.474319 0.709831 -0.0813005
-0.411862 0.66116 -0.108989
-0.326369 0.59778 -0.133259
-0.221126 0.522127 -0.153178
-0.100175 0.437108 -0.16798
0.0318334 0.345991 -0.177098
0.169828 0.252277 -0.18018
0.308505 0.159568 -0.177107
0.442536 0.0714249 -0.167999
0.566769 -0.00876352 -0.153205
0.676432 -0.0779163 -0.133293
0.767309 -0.133376 -0.109029
0.835909 -0.173011 -0.0813455
0.879595 -0.195299 -0.0513057
0.896689 -0.199383 -0.0200643
0.886533 -0.185106 0.0111782
0.849518 -0.153017 0.0412212
0.787067 -0.104349 0.0689101
0.701578 -0.0409715 0.0931809
0.596338 0.034679 0.113101
0.475391 0.119696 0.127905
0.343384 0.210812 0.137024
0.205391 0.304526 0.140107
0.0667131 0.397236 0.137036
-0.0673192 0.48538 0.127929
-0.191556 0.56557 0.113136
-0.301222 0.634726 0.0932251
-0.392104 0.690189 0.0689621
-0.460709 0.729828 0.0412789
-0.504401 0.75212 0.0112395
-0.5215 0.756208 -0.0200017
-0.511351 0.741935 -0.0512443
-0.474342 0.709849 -0.0812877
-0.411895 0.661185 -0.108977
-0.326412 0.59781 -0.133249
-0.221176 0.522162 -0.15317
-0.100232 0.437147 -0.167975
0.0317734 0.346032 -0.177095
0.169766 0.252319 -0.18018
0.308444 0.159608 -0.17711
0.442478 0.0714624 -0.168004
0.566717 -0.0087303 -0.153213
0.676387 -0.0778886 -0.133303
0.767274 -0.133355 -0.109041
0.835884 -0.172998 -0.0813583
0.879582 -0.195293 -0.0513193
0.896687 -0.199385 -0.0200782
0.886544 -0.185116 0.0111646
0.84954 -0.153035 0.0412083
0.7871 -0.104374 0.0688985
0.701621 -0.0410024 0.0931711
0.596389 0.0346433 0.113093
0.475447 0.119657 0.1279
0.343444 0.210771 0.137021
0.205452 0.304484 0.140107
0.0667738 0.397196 0.137038
-0.0672617 0.485342 0.127934
-0.191504 0.565537 0.113143
-0.301177 0.634698 0.093235
-0.392068 0.690168 0.0689736
-0.460684 0.729814 0.0412918
-0.504387 0.752114 0.0112532
-0.521499 0.75621 -0.0199878
-0.511361 0.741945 -0.0512307
-0.474364 0.709867 -0.0812748
-0.411928 0.66121 -0.108966
-0.326454 0.597841 -0.133239
-0.221226 0.522198 -0.153162
-0.100288 0.437186 -0.16797
0.0317133 0.346073 -0.177092
0.169705 0.25236 -0.18018
0.308384 0.159648 -0.177113
0.442421 0.0714998 -0.16801
0.566665 -0.00869708 -0.15322
0.676343 -0.0778609 -0.133313
0.767238 -0.133334 -0.109052
0.835859 -0.172984 -0.0813711
0.879568 -0.195287 -0.0513329
0.896686 -0.199388 -0.0200921
0.886554 -0.185127 0.0111509
0.849562 -0.153053 0.0411955
0.787132 -0.104399 0.068887
0.701663 -0.0410333 0.0931613
0.596439 0.0346076 0.113086
0.475504 0.119617 0.127894
0.343504 0.21073 0.137018
0.205514 0.304443 0.140107
0.0668344 0.397155 0.137041
-0.0672043 0.485305 0.127939
-0.191452 0.565504 0.113151
-0.301133 0.63467 0.0932448
-0.392033 0.690147 0.0689852
-0.460659 0.7298 0.0413046
-0.504374 0.752108 0.0112668
-0.521497 0.756212 -0.0199739
-0.511372 0.741955 -0.0512171
-0.474386 0.709885 -0.081262
-0.411961 0.661234 -0.108954
-0.326497 0.597872 -0.133229
-0.221277 0.522234 -0.153155
-0.100344 0.437226 -0.167964
0.0316533 0.346114 -0.17709
0.169643 0.252402 -0.18018
0.308323 0.159688 -0.177115
0.442363 0.0715373 -0.168015
0.566613 -0.00866386 -0.153228
0.676298 -0.0778331 -0.133323
0.767203 -0.133313 -0.109064
0.835834 -0.17297 -0.081384
0.879555 -0.195282 -0.0513466
0.931239 -0.17809 -0.0214692
0.92086 -0.163517 0.010385
0.883096 -0.130784 0.041015
0.819399 -0.0811475 0.0692438
0.732216 -0.0165163 0.0939867
0.624898 0.0606265 0.114293
0.501568 0.147316 0.129382
0.366967 0.240222 0.138674
0.226266 0.335772 0.141812
0.0848731 0.430297 0.138675
-0.051779 0.520162 0.129385
-0.178439 0.601916 0.114297
-0.290239 0.672415 0.0939918
-0.382883 0.728951 0.0692497
-0.452811 0.769352 0.0410215
-0.497336 0.792065 0.0103919
-0.514746 0.796216 -0.0214621
-0.504373 0.781647 -0.0533164
-0.466615 0.748917 -0.0839468
-0.402923 0.699285 -0.112176
-0.315745 0.634657 -0.13692
-0.208431 0.557516 -0.157227
-0.0851045 0.470828 -0.172318
0.0494949 0.377924 -0.181611
0.190195 0.282373 -0.18475
0.331588 0.187848 -0.181615
0.468242 0.0979814 -0.172326
0.594905 0.0162259 -0.157239
0.706708 -0.0542763 -0.136935
0.799357 -0.110816 -0.112194
0.869291 -0.15122 -0.0839664
0.913821 -0.173937 -0.0533372
0.931237 -0.178093 -0.0214833
0.92087 -0.163528 0.0103711
0.883118 -0.130802 0.0410019
0.819432 -0.0811729 0.0692321
0.732259 -0.0165478 0.0939767
0.624949 0.06059 0.114285
0.501626 0.147276 0.129376
0.367028 0.24018 0.138671
0.226329 0.33573 0.141812
0.0849349 0.430256 0.138678
-0.0517204 0.520124 0.12939
-0.178386 0.601882 0.114305
-0.290193 0.672387 0.0940018
-0.382847 0.72893 0.0692615
-0.452785 0.769338 0.0410346
-0.497322 0.792059 0.0104058
-0.514744 0.796218 -0.0214479
-0.504383 0.781658 -0.0533025
-0.466637 0.748936 -0.0839337
-0.402957 0.69931 -0.112165
-0.315788 0.634688 -0.13691
-0.208482 0.557553 -0.157219
-0.0851619 0.470868 -0.172312
0.0494336 0.377966 -0.181608
0.190132 0.282416 -0.18475
0.331527 0.187889 -0.181618
0.468184 0.0980196 -0.172331
0.594852 0.0162598 -0.157247
0.706663 -0.054248 -0.136945
0.799321 -0.110794 -0.112206
0.869265 -0.151206 -0.0839795
0.913807 -0.173931 -0.0533511
0.931236 -0.178095 -0.0214975
0.920881 -0.163538 0.0103572
0.883141 -0.13082 0.0409888
0.819466 -0.0811983 0.0692203
0.732302 -0.0165793 0.0939667
0.625 0.0605536 0.114277
0.501683 0.147236 0.129371
0.367089 0.240138 0.138668
0.226392 0.335688 0.141812
0.0849968 0.430215 0.138681
-0.0516619 0.520086 0.129395
-0.178333 0.601848 0.114313
-0.290148 0.672358 0.0940118
-0.382811 0.728908 0.0692733
-0.45276 0.769324 0.0410477
-0.497308 0.792053 0.0104197
-0.514743 0.796221 -0.0214338
-0.504394 0.781668 -0.0532886
-0.46666 0.748954 -0.0839206
-0.40299 0.699336 -0.112153
-0.315831 0.63472 -0.1369
-0.208533 0.557589 -0.157212
-0.0852192 0.470908 -0.172307
0.0493724 0.378008 -0.181605
0.190069 0.282458 -0.18475
0.331465 0.18793 -0.181621
0.468125 0.0980577 -0.172336
0.594799 0.0162937 -0.157255
0.706618 -0.0542198 -0.136955
0.799285 -0.110773 -0.112218
0.86924 -0.151192 -0.0839926
0.913793 -0.173925 -0.053365
0.931234 -0.178097 -0.0215117
0.920892 -0.163549 0.0103433
0.883163 -0.130839 0.0409757
0.819499 -0.0812238 0.0692085
0.732345 -0.0166108 0.0939567
0.625051 0.0605172 0.114269
0.50174 0.147196 0.129366
0.367151 0.240096 0.138666
0.226454 0.335646 0.141812
0.0850586 0.430174 0.138684
-0.0516033 0.520048 0.129401
-0.17828 0.601814 0.11432
-0.290102 0.67233 0.0940218
-0.382774 0.728887 0.0692851
-0.452735 0.76931 0.0410608
-0.497294 0.792047 0.0104336
-0.514741 0.796223 -0.0214196
-0.504405 0.781679 -0.0532747
-0.466682 0.748972 -0.0839075
-0.403024 0.699361 -0.112141
-0.315875 0.634751 -0.13689
-0.208585 0.557626 -0.157204
-0.0852766 0.470948 -0.172301
0.0493112 0.37805 -0.181603
0.190007 0.2825 -0.18475
0.331403 0.187971 -0.181623
0.468066 0.0980959 -0.172342
0.594745 0.0163275 -0.157263
0.706572 -0.0541915 -0.136965
0.799249 -0.110751 -0.112229
0.869214 -0.151178 -0.0840057
0.91378 -0.173919 -0.0533789
0.931233 -0.1781 -0.0215259
0.920902 -0.163559 0.0103294
0.883186 -0.130857 0.0409626
0.819533 -0.0812492 0.0691967
0.732389 -0.0166424 0.0939467
0.625103 0.0604807 0.114261
0.501798 0.147156 0.12936
0.367212 0.240054 0.138663
0.226517 0.335603 0.141812
0.0851205 0.430133 0.138686
-0.0515447 0.52001 0.129406
-0.178227 0.60178 0.114328
-0.290057 0.672302 0.0940318
-0.382738 0.728865 0.0692969
-0.452709 0.769296 0.0410739
-0.49728 0.792041 0.0104475
-0.51474 0.796225 -0.0214054
-0.504415 0.781689 -0.0532608
-0.466705 0.748991 -0.0838944
-0.403057 0.699386 -0.112129
-0.315918 0.634783 -0.13688
-0.208636 0.557662 -0.157196
-0.0853339 0.470988 -0.172296
0.04925 0.378092 -0.1816
0.189944 0.282542 -0.18475
0.331341 0.188012 -0.181626
0.468008 0.0981341 -0.172347
0.594692 0.0163614 -0.157271
0.706527 -0.0541632 -0.136975
0.799213 -0.11073 -0.112241
0.869189 -0.151164 -0.0840188
0.913766 -0.173913 -0.0533928
0.931231 -0.178102 -0.02154
0.920913 -0.16357 0.0103155
0.883209 -0.130875 0.0409495
0.938003 -0.138082 -0.0229019
0.927823 -0.123788 0.00834033
0.890784 -0.0916836 0.038382
0.828311 -0.043001 0.0660685
0.742803 0.0203887 0.0903361
0.637546 0.0960496 0.110252
0.516586 0.181074 0.125051
0.38457 0.272195 0.134165
0.246572 0.36591 0.137243
0.107896 0.458618 0.134166
-0.0261315 0.546758 0.125054
-0.150358 0.62694 0.110256
-0.260011 0.696086 0.0903411
-0.350875 0.751536 0.0660743
-0.41946 0.79116 0.0383884
-0.463129 0.813437 0.00834715
-0.480205 0.817508 -0.0228949
-0.470031 0.803219 -0.0541373
-0.432998 0.771118 -0.0841793
-0.37053 0.722439 -0.111867
-0.285027 0.659053 -0.136135
-0.179774 0.583394 -0.156052
-0.0588168 0.498371 -0.170852
0.0731969 0.407252 -0.179967
0.211194 0.313537 -0.183046
0.349871 0.220827 -0.179971
0.4839 0.132687 -0.17086
0.608129 0.052502 -0.156064
0.717785 -0.0166459 -0.13615
0.808654 -0.0720995 -0.111884
0.877244 -0.111728 -0.0841986
0.920919 -0.134008 -0.0541577
0.938001 -0.138084 -0.0229158
0.927833 -0.123799 0.0083267
0.890807 -0.0917016 0.0383691
0.828344 -0.0430259 0.066057
0.742845 0.0203578 0.0903263
0.637596 0.0960138 0.110244
0.516642 0.181035 0.125046
0.38463 0.272154 0.134162
0.246634 0.365868 0.137243
0.107956 0.458578 0.134169
-0.0260741 0.54672 0.125059
-0.150306 0.626907 0.110264
-0.259966 0.696058 0.0903509
-0.35084 0.751515 0.0660859
-0.419435 0.791147 0.0384012
-0.463115 0.813431 0.00836077
-0.480203 0.817511 -0.022881
-0.470041 0.80323 -0.0541237
-0.43302 0.771136 -0.0841665
-0.370563 0.722464 -0.111855
-0.285069 0.659083 -0.136125
-0.179824 0.58343 -0.156044
-0.0588731 0.498411 -0.170847
0.0731368 0.407293 -0.179965
0.211132 0.313578 -0.183046
0.349811 0.220868 -0.179974
0.483843 0.132724 -0.170866
0.608077 0.0525352 -0.156071
0.717741 -0.0166182 -0.13616
0.808619 -0.0720784 -0.111895
0.877219 -0.111714 -0.0842114
0.920906 -0.134002 -0.0541714
0.938 -0.138086 -0.0229297
0.927844 -0.123809 0.00831307
0.890829 -0.0917195 0.0383563
0.828377 -0.0430508 0.0660454
0.742888 0.0203269 0.0903165
0.637647 0.0959781 0.110237
0.516698 0.180996 0.125041
0.38469 0.272112 0.134159
0.246696 0.365827 0.137243
0.108017 0.458538 0.134172
-0.0260166 0.546683 0.125065
-0.150254 0.626874 0.110271
-0.259921 0.69603 0.0903607
-0.350804 0.751494 0.0660974
-0.41941 0.791133 0.0384141
-0.463102 0.813425 0.0083744
-0.480202 0.817513 -0.0228671
-0.470052 0.80324 -0.05411
-0.433043 0.771154 -0.0841536
-0.370596 0.722489 -0.111843
-0.285112 0.659114 -0.136115
-0.179875 0.583466 -0.156037
-0.0589293 0.49845 -0.170842
0.0730768 0.407334 -0.179962
0.211071 0.31362 -0.183046
0.34975 0.220908 -0.179977
0.483785 0.132762 -0.170871
0.608025 0.0525684 -0.156079
0.717696 -0.0165905 -0.136169
0.808584 -0.0720572 -0.111907
0.877194 -0.1117 -0.0842242
0.920892 -0.133996 -0.054185
0.937998 -0.138088 -0.0229436
0.927854 -0.123819 0.00829944
0.890851 -0.0917375 0.0383434
0.828409 -0.0430757 0.0660339
0.74293 0.020296 0.0903067
0.637697 0.0959424 0.110229
0.516755 0.180956 0.125035
0.38475 0.272071 0.134157
0.246757 0.365785 0.137243
0.108077 0.458498 0.134174
-0.0259592 0.546645 0.12507
-0.150202 0.626841 0.110279
-0.259877 0.696002 0.0903705
-0.350769 0.751472 0.066109
-0.419385 0.791119 0.0384269
-0.463088 0.813419 0.00838803
-0.4802 0.817515 -0.0228532
-0.470062 0.80325 -0.0540964
-0.433065 0.771172 -0.0841408
-0.370629 0.722514 -0.111832
-0.285154 0.659145 -0.136106
-0.179925 0.583501 -0.156029
-0.0589856 0.498489 -0.170836
0.0730167 0.407375 -0.179959
0.211009 0.313661 -0.183046
0.349689 0.220948 -0.179979
0.483728 0.132799 -0.170876
0.607973 0.0526016 -0.156087
0.717652 -0.0165628 -0.136179
0.808548 -0.072036 -0.111919
0.877169 -0.111686 -0.0842371
0.920879 -0.13399 -0.0541986
0.937997 -0.138091 -0.0229575
0.927865 -0.12383 0.00828581
0.890873 -0.0917554 0.0383306
0.828442 -0.0431006 0.0660223
0.742972 0.0202651 0.0902968
0.637747 0.0959066 0.110221
0.516811 0.180917 0.12503
0.38481 0.27203 0.134154
0.246819 0.365744 0.137243
0.108138 0.458458 0.134177
-0.0259018 0.546608 0.125075
-0.15015 0.626808 0.110287
-0.259832 0.695975 0.0903804
-0.350733 0.751451 0.0661205
-0.41936 0.791105 0.0384397
-0.463075 0.813413 0.00840166
-0.480199 0.817518 -0.0228393
-0.470073 0.803261 -0.0540828
-0.433087 0.77119 -0.0841279
-0.370662 0.722539 -0.11182
-0.285196 0.659176 -0.136096
-0.179975 0.583537 -0.156021
-0.0590419 0.498528 -0.170831
0.0729567 0.407416 -0.179956
0.210948 0.313703 -0.183046
0.349629 0.220988 -0.179982
0.48367 0.132837 -0.170882
0.607921 0.0526348 -0.156095
0.717607 -0.016535 -0.136189
0.808513 -0.0720149 -0.11193
0.877144 -0.111673 -0.0842499
0.920865 -0.133984 -0.0542122
0.916723 -0.0808896 -0.0242795
0.907134 -0.0674256 0.00515017
0.872244 -0.0371834 0.0334489
0.813395 0.00867495 0.0595293
0.732848 0.0683871 0.082389
0.633697 0.139659 0.10115
0.519755 0.21975 0.11509
0.395398 0.305585 0.123675
0.265406 0.393863 0.126574
0.134774 0.481193 0.123676
0.0085228 0.564219 0.115093
-0.108497 0.63975 0.101153
-0.211788 0.704884 0.0823937
-0.297381 0.757117 0.0595347
-0.361987 0.794443 0.033455
-0.403122 0.815427 0.00515659
-0.419208 0.819262 -0.024273
-0.409624 0.805802 -0.0537028
-0.37474 0.775564 -0.082002
-0.315896 0.729708 -0.108083
-0.235353 0.669999 -0.130943
-0.136206 0.59873 -0.149705
-0.0222663 0.51864 -0.163647
0.102089 0.432806 -0.172233
0.23208 0.344528 -0.175133
0.362712 0.257197 -0.172237
0.488965 0.17417 -0.163654
0.605987 0.0986373 -0.149716
0.709282 0.033501 -0.130957
0.794879 -0.0187354 -0.108099
0.85949 -0.0560647 -0.0820201
0.900631 -0.0770523 -0.0537221
0.916722 -0.0808917 -0.0242926
0.907144 -0.0674353 0.00513733
0.872265 -0.0372003 0.0334368
0.813426 0.00865147 0.0595184
0.732888 0.068358 0.0823798
0.633745 0.139625 0.101142
0.519808 0.219713 0.115085
0.395454 0.305546 0.123673
0.265464 0.393824 0.126574
0.134831 0.481155 0.123679
0.00857691 0.564184 0.115098
-0.108448 0.639719 0.101161
-0.211746 0.704858 0.0824029
-0.297347 0.757097 0.0595456
-0.361963 0.79443 0.0334671
-0.40311 0.815421 0.00516943
-0.419206 0.819264 -0.0242599
-0.409634 0.805812 -0.05369
-0.374761 0.77558 -0.0819899
-0.315927 0.729732 -0.108072
-0.235393 0.670028 -0.130934
-0.136254 0.598764 -0.149698
-0.0223193 0.518677 -0.163642
0.102032 0.432845 -0.17223
0.232022 0.344567 -0.175133
0.362655 0.257235 -0.172239
0.488911 0.174206 -0.163659
0.605938 0.0986686 -0.149723
0.70924 0.0335271 -0.130967
0.794846 -0.0187155 -0.10811
0.859466 -0.0560518 -0.0820322
0.900618 -0.0770468 -0.0537349
0.91672 -0.0808938 -0.0243057
0.907154 -0.067445 0.00512449
0.872286 -0.0372172 0.0334248
0.813457 0.008628 0.0595075
0.732928 0.0683289 0.0823705
0.633792 0.139591 0.101135
0.519861 0.219676 0.11508
0.395511 0.305507 0.12367
0.265522 0.393785 0.126574
0.134889 0.481117 0.123681
0.00863101 0.564148 0.115103
-0.108399 0.639687 0.101168
-0.211704 0.704831 0.0824122
-0.297314 0.757077 0.0595565
-0.36194 0.794417 0.0334792
-0.403097 0.815416 0.00518227
-0.419205 0.819267 -0.0242468
-0.409644 0.805822 -0.0536771
-0.374781 0.775597 -0.0819778
-0.315958 0.729755 -0.108061
-0.235433 0.670057 -0.130925
-0.136301 0.598797 -0.149691
-0.0223723 0.518714 -0.163637
0.101976 0.432884 -0.172228
0.231964 0.344606 -0.175133
0.362598 0.257273 -0.172242
0.488857 0.174241 -0.163664
0.605889 0.0986999 -0.149731
0.709198 0.0335532 -0.130976
0.794812 -0.0186956 -0.108121
0.859443 -0.0560388 -0.0820443
0.900605 -0.0770413 -0.0537478
0.916719 -0.080896 -0.0243188
0.907164 -0.0674547 0.00511165
0.872307 -0.0372341 0.0334127
0.813488 0.00860452 0.0594966
0.732967 0.0682997 0.0823613
0.63384 0.139558 0.101128
0.519914 0.21964 0.115075
0.395568 0.305468 0.123667
0.26558 0.393746 0.126574
0.134946 0.481079 0.123684
0.00868512 0.564113 0.115108
-0.10835 0.639656 0.101175
-0.211662 0.704805 0.0824214
-0.297281 0.757057 0.0595674
-0.361916 0.794404 0.0334913
-0.403084 0.81541 0.00519511
-0.419203 0.819269 -0.0242337
-0.409654 0.805831 -0.0536643
-0.374802 0.775614 -0.0819657
-0.315989 0.729779 -0.10805
-0.235473 0.670086 -0.130916
-0.136348 0.598831 -0.149683
-0.0224253 0.518751 -0.163632
0.101919 0.432923 -0.172225
0.231906 0.344645 -0.175133
0.362541 0.257311 -0.172244
0.488803 0.174276 -0.163669
0.60584 0.0987312 -0.149738
0.709156 0.0335793 -0.130985
0.794779 -0.0186757 -0.108132
0.859419 -0.0560258 -0.0820564
0.900593 -0.0770357 -0.0537606
0.916717 -0.0808981 -0.0243319
0.907173 -0.0674645 0.00509881
0.872328 -0.0372511 0.0334006
0.813519 0.00858105 0.0594858
0.733007 0.0682706 0.082352
0.633887 0.139524 0.101121
0.519967 0.219603 0.11507
0.395624 0.30543 0.123665
0.265638 0.393707 0.126574
0.135003 0.481042 0.123687
0.00873923 0.564078 0.115113
-0.108301 0.639625 0.101182
-0.21162 0.704779 0.0824307
-0.297247 0.757037 0.0595783
-0.361892 0.794391 0.0335034
-0.403071 0.815405 0.00520794
-0.419202 0.819271 -0.0242206
-0.409663 0.805841 -0.0536515
-0.374823 0.775631 -0.0819536
-0.31602 0.729802 -0.108039
-0.235513 0.670116 -0.130906
-0.136396 0.598865 -0.149676
-0.0224782 0.518787 -0.163627
0.868218 -0.00871223 -0.0255492
0.859588 0.00340511 0.000937066
0.828188 0.0306226 0.0264055
0.775224 0.0718944 0.0498774
0.702733 0.125634 0.0704508
0.613499 0.189778 0.0873351
0.510953 0.261859 0.0998814
0.399034 0.339108 0.107608
0.282043 0.418557 0.110217
0.164477 0.497153 0.107609
0.0508523 0.571875 0.0998836
-0.0544636 0.639852 0.0873383
-0.147424 0.698471 0.070455
-0.224456 0.74548 0.0498823
-0.2826 0.779073 0.026411
-0.319622 0.797958 0.000942843
-0.334098 0.80141 -0.0255433
-0.325473 0.789296 -0.0520297
-0.294078 0.762082 -0.0774985
-0.241119 0.720813 -0.100971
-0.168632 0.667076 -0.121545
-0.0794016 0.602935 -0.13843
0.0231426 0.530855 -0.150978
0.13506 0.453606 -0.158705
0.25205 0.374157 -0.161315
0.369617 0.295561 -0.158708
0.483243 0.220838 -0.150984
0.588561 0.152859 -0.13844
0.681524 0.0942375 -0.121558
0.75856 0.0472255 -0.100986
0.816709 0.0136297 -0.0775148
0.853735 -0.00525878 -0.052047
0.868217 -0.00871416 -0.025561
0.859597 0.00339636 0.000925511
0.828207 0.0306074 0.0263946
0.775252 0.0718733 0.0498676
0.702769 0.125608 0.0704425
0.613542 0.189747 0.0873285
0.511 0.261826 0.0998769
0.399085 0.339073 0.107605
0.282095 0.418522 0.110217
0.164528 0.497119 0.107611
0.050901 0.571843 0.0998881
-0.0544195 0.639824 0.0873449
-0.147386 0.698448 0.0704633
-0.224426 0.745462 0.0498921
-0.282579 0.779061 0.0264218
-0.31961 0.797953 0.000954398
-0.334097 0.801412 -0.0255315
-0.325482 0.789305 -0.0520181
-0.294097 0.762097 -0.0774876
-0.241147 0.720834 -0.100961
-0.168668 0.667102 -0.121537
-0.0794442 0.602965 -0.138424
0.0230949 0.530888 -0.150973
0.135009 0.453641 -0.158703
0.251998 0.374192 -0.161315
0.369566 0.295595 -0.158711
0.483194 0.220869 -0.150989
0.588517 0.152887 -0.138447
0.681486 0.094261 -0.121566
0.75853 0.0472434 -0.100995
0.816688 0.0136414 -0.0775257
0.853724 -0.00525381 -0.0520586
0.868216 -0.00871608 -0.0255728
0.859606 0.00338762 0.000913956
0.828225 0.0305922 0.0263837
0.77528 0.0718521 0.0498578
0.702805 0.125582 0.0704341
0.613585 0.189717 0.087322
0.511048 0.261792 0.0998723
0.399136 0.339039 0.107603
0.282147 0.418487 0.110217
0.164579 0.497085 0.107613
0.0509497 0.571812 0.0998926
-0.0543754 0.639796 0.0873514
-0.147348 0.698424 0.0704716
-0.224396 0.745445 0.0499019
-0.282558 0.77905 0.0264327
-0.319599 0.797948 0.000965953
-0.334096 0.801414 -0.0255197
-0.325491 0.789314 -0.0520066
-0.294115 0.762112 -0.0774767
-0.241175 0.720855 -0.100951
-0.168704 0.667128 -0.121528
-0.0794869 0.602995 -0.138417
0.0230472 0.530921 -0.150968
0.134958 0.453676 -0.1587
0.251946 0.374227 -0.161315
0.369514 0.295629 -0.158713
0.483145 0.220901 -0.150993
0.588473 0.152915 -0.138453
0.681449 0.0942844 -0.121574
0.7585 0.0472613 -0.101005
0.816667 0.0136531 -0.0775366
0.853712 -0.00524883 -0.0520701
0.868214 -0.008718 -0.0255845
0.859615 0.00337888 0.0009024
0.828244 0.0305769 0.0263729
0.775308 0.071831 0.049848
0.702841 0.125556 0.0704258
0.613627 0.189687 0.0873154
0.511096 0.261759 0.0998678
0.399186 0.339004 0.107601
0.2822 0.418452 0.110217
0.164631 0.497051 0.107616
0.0509983 0.57178 0.0998971
-0.0543313 0.639767 0.087358
-0.14731 0.698401 0.07048
-0.224366 0.745427 0.0499117
-0.282537 0.779038 0.0264436
-0.319587 0.797943 0.000977507
-0.334094 0.801416 -0.025508
-0.3255 0.789322 -0.051995
-0.294134 0.762128 -0.0774658
-0.241203 0.720876 -0.100942
-0.16874 0.667154 -0.12152
-0.0795295 0.603025 -0.138411
0.0229995 0.530954 -0.150964
0.134907 0.453711 -0.158698
0.251894 0.374262 -0.161315
0.369463 0.295663 -0.158715
0.483097 0.220933 -0.150998
0.588428 0.152944 -0.13846
0.681411 0.0943079 -0.121583
0.75847 0.0472793 -0.101015
0.816645 0.0136647 -0.0775475
0.853701 -0.00524386 -0.0520817
0.868213 -0.00871992 -0.0255963
0.859623 0.00337014 0.000890845
0.828263 0.0305617 0.026362
0.775336 0.0718099 0.0498382
0.702877 0.12553 0.0704175
0.61367 0.189656 0.0873089
0.511144 0.261726 0.0998633
0.399237 0.338969 0.107598
0.794352 0.0756768 -0.0266621
0.787012 0.0859819 -0.00413708
0.760308 0.109129 0.0175223
0.715266 0.144228 0.0374838
0.653616 0.189931 0.0549802
0.577728 0.244481 0.0693393
0.490518 0.305781 0.0800092
0.395338 0.371478 0.0865799
0.295844 0.439044 0.0887989
0.195861 0.505885 0.0865809
0.0992302 0.569432 0.0800111
0.00966531 0.627242 0.0693421
-0.0693919 0.677094 0.0549838
-0.134903 0.717073 0.037488
-0.184351 0.745641 0.017527
-0.215836 0.761702 -0.00413217
-0.228147 0.764638 -0.0266571
-0.220812 0.754336 -0.0491822
-0.194112 0.731192 -0.0708419
-0.149074 0.696095 -0.0908038
-0.087428 0.650394 -0.108301
-0.011543 0.595846 -0.122661
0.0756648 0.534546 -0.133331
0.170844 0.468851 -0.139903
0.270337 0.401284 -0.142123
0.370321 0.334443 -0.139906
0.466953 0.270895 -0.133337
0.556519 0.213084 -0.122669
0.635579 0.163229 -0.108311
0.701094 0.123248 -0.0908163
0.750546 0.0946773 -0.0708557
0.782035 0.0786137 -0.0491969
0.79435 0.0756751 -0.0266721
0.78702 0.0859744 -0.00414691
0.760324 0.109116 0.0175131
0.71529 0.14421 0.0374755
0.653647 0.189908 0.0549732
0.577765 0.244455 0.0693337
0.490559 0.305753 0.0800054
0.395381 0.371448 0.0865779
0.295889 0.439014 0.0887989
0.195905 0.505856 0.0865828
0.0992716 0.569405 0.0800149
0.00970282 0.627218 0.0693477
-0.0693597 0.677074 0.0549909
-0.134878 0.717058 0.0374963
-0.184333 0.745632 0.0175362
-0.215826 0.761698 -0.00412234
-0.228146 0.764639 -0.0266471
-0.22082 0.754343 -0.0491723
-0.194128 0.731204 -0.0708326
-0.149098 0.696113 -0.0907955
-0.0874586 0.650417 -0.108294
-0.0115792 0.595872 -0.122655
0.0756242 0.534575 -0.133328
0.170801 0.468881 -0.139901
0.270293 0.401314 -0.142123
0.370277 0.334472 -0.139908
0.466911 0.270922 -0.133341
0.556482 0.213108 -0.122675
0.635547 0.163249 -0.108319
0.701068 0.123264 -0.0908246
0.750528 0.0946872 -0.070865
0.782025 0.078618 -0.0492067
0.794349 0.0756735 -0.0266821
0.787027 0.085967 -0.00415673
0.76034 0.109103 0.0175038
0.715313 0.144192 0.0374671
0.653677 0.189886 0.0549661
0.577801 0.244429 0.0693282
0.4906 0.305725 0.0800015
0.395424 0.371418 0.086576
0.295933 0.438985 0.0887988
0.195948 0.505827 0.0865848
0.099313 0.569378 0.0800188
0.00974032 0.627194 0.0693532
-0.0693275 0.677054 0.054998
-0.134852 0.717042 0.0375046
-0.184315 0.745622 0.0175455
-0.215817 0.761694 -0.00411251
-0.228145 0.764641 -0.026637
-0.220827 0.754351 -0.0491625
-0.194144 0.731217 -0.0708234
-0.149122 0.696131 -0.0907871
-0.0874892 0.650439 -0.108287
-0.0116155 0.595898 -0.12265
0.0755836 0.534603 -0.133324
0.170757 0.46891 -0.139899
0.270248 0.401344 -0.142123
0.370233 0.334501 -0.13991
0.46687 0.270949 -0.133345
0.556444 0.213132 -0.12268
0.635515 0.163269 -0.108326
0.701043 0.123279 -0.090833
0.75051 0.0946971 -0.0708743
0.782015 0.0786222 -0.0492166
0.794348 0.0756719 -0.0266921
0.787035 0.0859596 -0.00416656
0.760356 0.10909 0.0174946
0.715337 0.144174 0.0374588
0.653708 0.189864 0.054959
0.577837 0.244403 0.0693226
0.49064 0.305697 0.0799977
0.395468 0.371389 0.086574
0.295977 0.438955 0.0887988
0.195992 0.505798 0.0865867
0.0993544 0.569351 0.0800226
0.00977783 0.62717 0.0693588
-0.0692954 0.677034 0.055005
-0.134827 0.717027 0.0375129
-0.184297 0.745612 0.0175547
-0.215807 0.761689 -0.00410269
-0.228144 0.764643 -0.026627
-0.220835 0.754358 -0.0491527
-0.19416 0.73123 -0.0708141
-0.149145 0.696149 -0.0907788
0.697962 0.169035 -0.0275754
0.692195 0.177131 -0.00987728
0.671214 0.195318 0.00714075
0.635823 0.222896 0.0228247
0.587385 0.258805 0.0365718
0.527759 0.301666 0.0478539
0.459237 0.34983 0.0562374
0.384453 0.401448 0.0614
0.306279 0.454536 0.0631435
0.227721 0.507054 0.0614008
0.151798 0.556983 0.0562389
0.0814254 0.602405 0.0478561
0.0193094 0.641575 0.0365746
-0.0321637 0.672986 0.022828
-0.0710156 0.695433 0.00714439
-0.0957535 0.708052 -0.00987342
-0.105427 0.710359 -0.0275715
-0.0996633 0.702264 -0.0452697
-0.078685 0.68408 -0.0622879
-0.0432979 0.656504 -0.0779723
0.00513818 0.620596 -0.0917199
0.0647619 0.577737 -0.103003
0.133282 0.529573 -0.111387
0.208065 0.477956 -0.11655
0.286238 0.424868 -0.118294
0.364796 0.37235 -0.116552
0.440721 0.32242 -0.111391
0.511095 0.276997 -0.103009
0.573213 0.237826 -0.0917282
0.624688 0.206412 -0.0779821
0.663543 0.183963 -0.0622989
0.688284 0.171342 -0.0452813
0.697961 0.169033 -0.0275833
0.692201 0.177126 -0.009885
0.671226 0.195308 0.00713348
0.635842 0.222882 0.0228181
0.587409 0.258788 0.0365663
0.527787 0.301645 0.0478495
0.459269 0.349808 0.0562343
0.384487 0.401425 0.0613985
0.306314 0.454513 0.0631435
0.227756 0.507031 0.0614023
0.15183 0.556962 0.0562419
0.0814549 0.602387 0.0478605
0.0193346 0.641559 0.0365802
-0.0321436 0.672974 0.0228345
-0.0710015 0.695425 0.00715166
-0.0957458 0.708049 -0.0098657
-0.105426 0.71036 -0.0275636
-0.0996692 0.70227 -0.045262
-0.0786975 0.68409 -0.0622807
-0.0433165 0.656518 -0.0779657
0.00511415 0.620614 -0.0917143
0.0647334 0.577757 -0.102998
0.13325 0.529596 -0.111384
0.208031 0.477979 -0.116549
0.286203 0.424891 -0.118294
0.364762 0.372373 -0.116554
0.440688 0.322441 -0.111394
0.511065 0.277015 -0.103013
0.573188 0.237841 -0.0917338
0.624668 0.206424 -0.0779886
0.663529 0.183971 -0.0623061
0.688277 0.171345 -0.045289
0.69796 0.169032 -0.0275912
0.692207 0.17712 -0.00989272
0.671239 0.195298 0.00712621
0.635861 0.222868 0.0228116
0.587433 0.25877 0.0365607
0.527816 0.301625 0.0478452
0.459301 0.349786 0.0562313
0.384521 0.401402 0.0613969
0.306349 0.454489 0.0631435
0.22779 0.507009 0.0614039
0.151863 0.556941 0.0562449
0.0814844 0.602368 0.0478648
0.0193599 0.641543 0.0365858
-0.0321235 0.672963 0.0228411
-0.0709873 0.695417 0.00715893
-0.0957382 0.708046 -0.00985797
-0.105425 0.710361 -0.0275557
-0.0996752 0.702276 -0.0452543
-0.0787101 0.6841 -0.0622734
-0.0433352 0.656532 -0.0779592
0.00509012 0.620631 -0.0917088
0.0647049 0.577778 -0.102994
0.133218 0.529618 -0.111381
0.207997 0.478002 -0.116547
0.286168 0.424915 -0.118294
0.364728 0.372395 -0.116555
0.440656 0.322462 -0.111397
0.582753 0.267773 -0.0282541
0.578781 0.273351 -0.0160629
0.564328 0.285879 -0.00434026
0.53995 0.304875 0.00646345
0.506583 0.329611 0.015933
0.465511 0.359135 0.0237045
0.41831 0.392313 0.0294794
0.366796 0.427869 0.0330356
0.312947 0.464438 0.0342366
0.258833 0.500614 0.0330362
0.206534 0.535008 0.0294804
0.158059 0.566296 0.0237061
0.115271 0.593278 0.0159349
0.0798146 0.614915 0.0064657
0.0530519 0.630377 -0.00433775
0.0360115 0.63907 -0.0160603
0.0293482 0.640659 -0.0282514
0.0333182 0.635083 -0.0404426
0.0477689 0.622556 -0.0521654
0.0721449 0.603561 -0.0629694
0.10551 0.578827 -0.0724393
0.146581 0.549304 -0.0802112
0.19378 0.516127 -0.0859866
0.245294 0.48057 -0.0895433
0.299142 0.444001 -0.0907448
0.353256 0.407825 -0.0895449
0.405556 0.373431 -0.0859897
0.454032 0.342142 -0.0802158
0.496821 0.315159 -0.0724451
0.53228 0.293521 -0.0629762
0.559045 0.278057 -0.052173
0.576087 0.269363 -0.0404506
0.582753 0.267773 -0.0282595
0.578785 0.273347 -0.0160683
0.564337 0.285872 -0.00434527
0.539963 0.304866 0.00645894
0.5066 0.329599 0.0159292
0.46553 0.359121 0.0237015
0.418332 0.392297 0.0294773
0.366819 0.427853 0.0330346
0.312971 0.464422 0.0342366
0.258857 0.500599 0.0330372
0.206557 0.534993 0.0294825
0.158079 0.566283 0.0237091
0.115289 0.593267 0.0159388
0.0798284 0.614907 0.00647021
0.0530616 0.630372 -0.00433274
0.0360167 0.639067 -0.016055
0.0293488 0.640659 -0.028246
0.0333141 0.635087 -0.0404373
0.0477603 0.622563 -0.0521604
0.0721321 0.603571 -0.0629649
0.105493 0.578839 -0.0724355
0.146561 0.549318 -0.0802082
0.193758 0.516142 -0.0859845
0.24527 0.480586 -0.0895422
0.299118 0.444018 -0.0907448
0.353232 0.407841 -0.0895459
0.405533 0.373446 -0.0859917
0.454012 0.342155 -0.0802188
0.496804 0.31517 -0.0724489
0.532266 0.293529 -0.0629807
0.559035 0.278062 -0.052178
0.453153 0.368099 -0.0286721
0.451128 0.370943 -0.0224564
0.443759 0.37733 -0.0164795
0.43133 0.387016 -0.0109712
0.414318 0.399627 -0.00614312
0.393377 0.41468 -0.00218078
0.369311 0.431596 0.000763539
0.343047 0.449725 0.0025767
0.315592 0.468369 0.00318902
0.288002 0.486814 0.00257697
0.261337 0.504349 0.000764068
0.236622 0.520302 -0.00218001
0.214806 0.534058 -0.00614214
0.196728 0.54509 -0.0109701
0.183083 0.552974 -0.0164782
0.174395 0.557406 -0.022455
0.170998 0.558216 -0.0286707
0.173022 0.555373 -0.0348864
0.18039 0.548986 -0.0408633
0.192818 0.539302 -0.0463718
0.209829 0.526691 -0.0512
0.230769 0.511638 -0.0551626
0.254834 0.494723 -0.0581071
0.281098 0.476594 -0.0599205
0.308553 0.45795 -0.0605331
0.336143 0.439505 -0.0599214
0.362809 0.421969 -0.0581087
0.387524 0.406016 -0.0551649
0.409341 0.392259 -0.051203
0.427419 0.381226 -0.0463752
0.441065 0.373342 -0.0408672
0.449754 0.36891 -0.0348905
0.314142 0.466156 -0.0288132
