0.124446 -0.931998 -4.40226e-12
0.18343 -0.92405 -4.36456e-12
0.182266 -0.923979 -4.307e-12
0.178881 -0.924212 -4.25127e-12
0.173403 -0.924743 -4.19964e-12
0.166044 -0.925549 -4.15473e-12
0.157085 -0.9266 -4.11793e-12
0.146872 -0.927856 -4.09034e-12
0.135797 -0.929269 -4.07352e-12
0.124286 -0.930784 -4.06775e-12
0.11278 -0.932342 -4.07335e-12
0.101722 -0.933885 -4.09045e-12
0.0915368 -0.935353 -4.1176e-12
0.0826162 -0.936689 -4.15479e-12
0.0753026 -0.937842 -4.19942e-12
0.0698772 -0.938767 -4.25099e-12
0.0665484 -0.93943 -4.30683e-12
0.0654442 -0.939805 -4.3644e-12
0.066607 -0.939876 -4.42274e-12
0.0699921 -0.939643 -4.47836e-12
0.0754694 -0.939113 -4.52949e-12
0.0828285 -0.938306 -4.57462e-12
0.0917865 -0.937255 -4.61137e-12
0.101999 -0.935999 -4.63907e-12
0.113074 -0.934586 -4.65572e-12
0.124586 -0.933072 -4.66155e-12
0.136092 -0.931513 -4.65583e-12
0.14715 -0.92997 -4.63929e-12
0.157335 -0.928503 -4.61198e-12
0.166256 -0.927167 -4.57434e-12
0.17357 -0.926014 -4.52954e-12
0.178996 -0.925088 -4.47836e-12
0.182325 -0.924425 -4.42285e-12
0.240128 -0.916268 -4.25293e-12
0.237846 -0.916127 -4.13908e-12
0.231205 -0.916585 -4.02961e-12
0.22046 -0.917625 -3.92891e-12
0.206023 -0.919207 -3.84104e-12
0.188451 -0.921269 -3.7686e-12
0.168418 -0.923733 -3.71453e-12
0.146693 -0.926504 -3.68144e-12
0.124112 -0.929475 -3.67029e-12
0.101543 -0.932533 -3.68139e-12
0.0798517 -0.935559 -3.71453e-12
0.0598732 -0.938438 -3.7686e-12
0.0423746 -0.941058 -3.84093e-12
0.0280286 -0.94332 -3.92919e-12
0.0173862 -0.945135 -4.02961e-12
0.0108566 -0.946436 -4.1388e-12
0.00869064 -0.94717 -4.25265e-12
0.0109715 -0.947311 -4.3664e-12
0.0176117 -0.946853 -4.47564e-12
0.0283558 -0.945813 -4.57617e-12
0.0427912 -0.944232 -4.66449e-12
0.060363 -0.942169 -4.73688e-12
0.0803959 -0.939705 -4.79089e-12
0.10212 -0.936935 -4.82397e-12
0.124701 -0.933963 -4.83508e-12
0.147271 -0.930906 -4.82414e-12
0.168962 -0.92788 -4.791e-12
0.188941 -0.925001 -4.73693e-12
0.20644 -0.92238 -4.66466e-12
0.220787 -0.920119 -4.57634e-12
0.23143 -0.918303 -4.47581e-12
0.237961 -0.917003 -4.3664e-12
0.240128 -0.916268 -4.25276e-12
0.237848 -0.916127 -4.1393e-12
0.231208 -0.916585 -4.02978e-12
0.220465 -0.917625 -3.92936e-12
0.206031 -0.919206 -3.84109e-12
0.188459 -0.921268 -3.76865e-12
0.168427 -0.923732 -3.71481e-12
0.146703 -0.926503 -3.68139e-12
0.124122 -0.929474 -3.67034e-12
0.101552 -0.932531 -3.6815e-12
0.079861 -0.935558 -3.71481e-12
0.0598815 -0.938436 -3.76837e-12
0.0423817 -0.941057 -3.84087e-12
0.0280341 -0.943319 -3.92919e-12
0.0173901 -0.945135 -4.0295e-12
0.0108586 -0.946435 -4.13891e-12
0.00869062 -0.94717 -4.25276e-12
0.0109696 -0.947311 -4.36629e-12
0.0176078 -0.946853 -4.47542e-12
0.0283502 -0.945814 -4.57612e-12
0.042784 -0.944232 -4.66455e-12
0.0603546 -0.94217 -4.73704e-12
0.0803866 -0.939707 -4.79078e-12
0.10211 -0.936936 -4.82414e-12
0.124691 -0.933965 -4.83502e-12
0.147261 -0.930907 -4.82397e-12
0.168953 -0.927881 -4.79117e-12
0.188933 -0.925002 -4.7371e-12
0.206433 -0.922382 -4.66477e-12
0.220781 -0.92012 -4.57645e-12
0.231426 -0.918304 -4.47592e-12
0.292361 -0.908948 -4.07113e-12
0.289048 -0.908744 -3.90626e-12
0.279407 -0.909409 -3.74756e-12
0.263808 -0.910919 -3.60123e-12
0.24285 -0.913215 -3.47333e-12
0.217338 -0.91621 -3.36781e-12
0.188254 -0.919787 -3.28976e-12
0.156715 -0.923809 -3.24168e-12
0.123933 -0.928123 -3.22531e-12
0.0911667 -0.932562 -3.24157e-12
0.0596765 -0.936955 -3.28987e-12
0.0306722 -0.941134 -3.3677e-12
0.0052682 -0.944939 -3.47306e-12
-0.0155591 -0.948222 -3.60129e-12
-0.0310094 -0.950858 -3.74722e-12
-0.0404889 -0.952746 -3.90593e-12
-0.0436334 -0.953812 -4.07085e-12
-0.0403221 -0.954017 -4.23567e-12
-0.0306821 -0.953352 -4.39432e-12
-0.015084 -0.951842 -4.54081e-12
0.0058729 -0.949546 -4.66865e-12
0.0313832 -0.946552 -4.77413e-12
0.0604666 -0.942975 -4.85229e-12
0.0920055 -0.938952 -4.90025e-12
0.124788 -0.934639 -4.91651e-12
0.157554 -0.9302 -4.90036e-12
0.189044 -0.925807 -4.85245e-12
0.21805 -0.921627 -4.77435e-12
0.243454 -0.917823 -4.66899e-12
0.264283 -0.914539 -4.54087e-12
0.279734 -0.911903 -4.39471e-12
0.289215 -0.910015 -4.23606e-12
0.292361 -0.908949 -4.07108e-12
0.289051 -0.908744 -3.90599e-12
0.279413 -0.909409 -3.74761e-12
0.263816 -0.910918 -3.60123e-12
0.24286 -0.913214 -3.47339e-12
0.217351 -0.916208 -3.36786e-12
0.188268 -0.919785 -3.28992e-12
0.156729 -0.923808 -3.24152e-12
0.123947 -0.928121 -3.22559e-12
0.091181 -0.93256 -3.24163e-12
0.05969 -0.936953 -3.28959e-12
0.0306843 -0.941133 -3.36792e-12
0.00527849 -0.944937 -3.47294e-12
-0.015551 -0.948221 -3.60117e-12
-0.0310038 -0.950857 -3.74711e-12
-0.0404861 -0.952745 -3.90565e-12
-0.0436335 -0.953812 -4.07074e-12
-0.040325 -0.954017 -4.23589e-12
-0.0306877 -0.953352 -4.39443e-12
-0.0150921 -0.951843 -4.54048e-12
0.00586257 -0.949547 -4.6686e-12
0.0313711 -0.946553 -4.77379e-12
0.0604531 -0.942977 -4.85223e-12
0.0919912 -0.938954 -4.89997e-12
0.124773 -0.934641 -4.9169e-12
0.15754 -0.930202 -4.90025e-12
0.189031 -0.925808 -4.85217e-12
0.218037 -0.921629 -4.77418e-12
0.243444 -0.917824 -4.66921e-12
0.264275 -0.914541 -4.54092e-12
0.279729 -0.911904 -4.39476e-12
0.289212 -0.910016 -4.23611e-12
0.292361 -0.908949 -4.07097e-12
0.289054 -0.908744 -3.90626e-12
0.279418 -0.909408 -3.74756e-12
0.263824 -0.910918 -3.60162e-12
0.24287 -0.913213 -3.47328e-12
0.217363 -0.916207 -3.36792e-12
0.188281 -0.919783 -3.28998e-12
0.156744 -0.923806 -3.24146e-12
0.123962 -0.928119 -3.22542e-12
0.0911953 -0.932558 -3.24146e-12
0.0597034 -0.936951 -3.28976e-12
0.0306964 -0.941131 -3.36786e-12
0.00528877 -0.944936 -3.47333e-12
-0.015543 -0.948219 -3.60095e-12
-0.0309983 -0.950856 -3.74739e-12
-0.0404833 -0.952744 -3.90576e-12
-0.0436335 -0.953812 -4.07074e-12
-0.0403278 -0.954017 -4.23578e-12
-0.0306933 -0.953353 -4.39454e-12
-0.0151002 -0.951844 -4.54098e-12
0.00585224 -0.949548 -4.66838e-12
0.0313589 -0.946555 -4.77396e-12
0.0604396 -0.942978 -4.85234e-12
0.0919769 -0.938956 -4.90025e-12
0.124759 -0.934643 -4.91662e-12
0.157525 -0.930204 -4.90019e-12
0.189018 -0.92581 -4.85251e-12
0.338123 -0.902374 -3.82638e-12
0.333907 -0.902114 -3.6165e-12
0.321636 -0.902961 -3.41444e-12
0.301782 -0.904883 -3.22847e-12
0.275107 -0.907805 -3.06544e-12
0.242637 -0.911616 -2.93138e-12
0.20562 -0.916169 -2.83185e-12
0.165478 -0.921289 -2.77117e-12
0.123754 -0.926779 -2.7498e-12
0.082051 -0.932428 -2.77095e-12
0.0419715 -0.93802 -2.83201e-12
0.00505592 -0.943339 -2.93104e-12
-0.0272772 -0.948181 -3.0651e-12
-0.0537854 -0.95236 -3.2282e-12
-0.0734499 -0.955715 -3.41438e-12
-0.0855151 -0.958118 -3.61594e-12
-0.0895173 -0.959475 -3.82622e-12
-0.0853027 -0.959735 -4.03583e-12
-0.0730334 -0.958889 -4.23767e-12
-0.0531807 -0.956967 -4.42429e-12
-0.0265076 -0.954045 -4.58683e-12
0.00596092 -0.950234 -4.72106e-12
0.0429771 -0.945682 -4.82053e-12
0.0831185 -0.940562 -4.88193e-12
0.124843 -0.935072 -4.90252e-12
0.166546 -0.929422 -4.88171e-12
0.206626 -0.92383 -4.8207e-12
0.243542 -0.918511 -4.72139e-12
0.275877 -0.913669 -4.58755e-12
0.302386 -0.90949 -4.42429e-12
0.322052 -0.906135 -4.23828e-12
0.334119 -0.903732 -4.03633e-12
0.338123 -0.902374 -3.82638e-12
0.333911 -0.902114 -3.61638e-12
0.321643 -0.90296 -3.41449e-12
0.301792 -0.904881 -3.22842e-12
0.27512 -0.907803 -3.06521e-12
0.242653 -0.911614 -2.93132e-12
0.205638 -0.916167 -2.83223e-12
0.165497 -0.921286 -2.77073e-12
0.123773 -0.926776 -2.75008e-12
0.0820692 -0.932426 -2.77095e-12
0.0419887 -0.938018 -2.83201e-12
0.00507132 -0.943337 -2.93138e-12
-0.0272641 -0.948179 -3.06516e-12
-0.0537751 -0.952358 -3.2282e-12
-0.0734428 -0.955714 -3.41432e-12
-0.0855115 -0.958117 -3.61594e-12
-0.0895173 -0.959475 -3.82616e-12
-0.0853064 -0.959736 -4.03594e-12
-0.0730405 -0.958889 -4.23794e-12
-0.053191 -0.956968 -4.42413e-12
-0.0265207 -0.954047 -4.58694e-12
0.00594547 -0.950236 -4.72095e-12
0.04296 -0.945684 -4.82042e-12
0.0831003 -0.940564 -4.88176e-12
0.124824 -0.935074 -4.90263e-12
0.166528 -0.929425 -4.88193e-12
0.206609 -0.923833 -4.82059e-12
0.243527 -0.918514 -4.72122e-12
0.275864 -0.913671 -4.58739e-12
0.302376 -0.909492 -4.42457e-12
0.322045 -0.906136 -4.23844e-12
0.334116 -0.903733 -4.03627e-12
0.338123 -0.902375 -3.82677e-12
0.333914 -0.902114 -3.61655e-12
0.32165 -0.90296 -3.41455e-12
0.301802 -0.90488 -3.22858e-12
0.275133 -0.907802 -3.06566e-12
0.242668 -0.911612 -2.93143e-12
0.205655 -0.916164 -2.83212e-12
0.165515 -0.921284 -2.77123e-12
0.123791 -0.926774 -2.74991e-12
0.0820874 -0.932423 -2.77084e-12
0.0420058 -0.938015 -2.83185e-12
0.00508673 -0.943335 -2.93127e-12
-0.027251 -0.948177 -3.06505e-12
-0.0537648 -0.952357 -3.22775e-12
-0.0734358 -0.955713 -3.41394e-12
-0.0855079 -0.958116 -3.61577e-12
-0.0895174 -0.959474 -3.82605e-12
-0.08531 -0.959736 -4.03577e-12
-0.0730476 -0.95889 -4.23767e-12
-0.0532014 -0.956969 -4.42385e-12
-0.0265339 -0.954048 -4.58672e-12
0.00593002 -0.950238 -4.72111e-12
0.0429428 -0.945686 -4.82037e-12
0.0830821 -0.940567 -4.88193e-12
0.124805 -0.935077 -4.90258e-12
0.16651 -0.929427 -4.88198e-12
0.206592 -0.923835 -4.82059e-12
0.243512 -0.918516 -4.72128e-12
0.275851 -0.913673 -4.58744e-12
0.302366 -0.909493 -4.42452e-12
0.322038 -0.906137 -4.23828e-12
0.334112 -0.903734 -4.03666e-12
0.338123 -0.902375 -3.82666e-12
0.333918 -0.902113 -3.61666e-12
0.321657 -0.902959 -3.41466e-12
0.301813 -0.904879 -3.2287e-12
0.275147 -0.9078 -3.06549e-12
0.242684 -0.91161 -2.93165e-12
0.205672 -0.916162 -2.83223e-12
0.165533 -0.921281 -2.77117e-12
0.12381 -0.926771 -2.74997e-12
0.0821056 -0.932421 -2.77106e-12
0.0420229 -0.938013 -2.83185e-12
0.00510213 -0.943332 -2.93116e-12
-0.027238 -0.948175 -3.06505e-12
-0.0537546 -0.952355 -3.22797e-12
-0.0734287 -0.955711 -3.41388e-12
-0.0855043 -0.958115 -3.61583e-12
-0.0895174 -0.959474 -3.82572e-12
-0.0853137 -0.959736 -4.03566e-12
-0.0730548 -0.958891 -4.23767e-12
-0.0532117 -0.95697 -4.42396e-12
0.375655 -0.896797 -3.52818e-12
0.370697 -0.896491 -3.28143e-12
0.356268 -0.897487 -3.04418e-12
0.332922 -0.899747 -2.82507e-12
0.301556 -0.903183 -2.63373e-12
0.263376 -0.907665 -2.47591e-12
0.219848 -0.913018 -2.35889e-12
0.172646 -0.919039 -2.28723e-12
0.123583 -0.925494 -2.26308e-12
0.0745457 -0.932137 -2.28706e-12
0.0274171 -0.938713 -2.35889e-12
-0.0159911 -0.944967 -2.47596e-12
-0.0540109 -0.950661 -2.63334e-12
-0.0851813 -0.955575 -2.82485e-12
-0.108304 -0.95952 -3.04384e-12
-0.122492 -0.962345 -3.28115e-12
-0.127198 -0.963941 -3.52796e-12
-0.122242 -0.964247 -3.77504e-12
-0.107815 -0.963252 -4.01235e-12
-0.0844702 -0.960992 -4.23095e-12
-0.0531059 -0.957556 -4.42274e-12
-0.014927 -0.953075 -4.5805e-12
0.0285996 -0.947722 -4.69735e-12
0.075801 -0.941702 -4.76963e-12
0.124863 -0.935246 -4.79367e-12
0.173901 -0.928603 -4.76946e-12
0.221031 -0.922027 -4.69758e-12
0.26444 -0.915773 -4.58056e-12
0.302461 -0.910079 -4.42324e-12
0.333633 -0.905165 -4.23128e-12
0.356758 -0.90122 -4.01279e-12
0.370947 -0.898394 -3.77492e-12
0.375655 -0.896798 -3.52846e-12
0.370702 -0.896491 -3.28143e-12
0.356277 -0.897487 -3.04401e-12
0.332934 -0.899746 -2.82518e-12
0.301571 -0.903182 -2.6335e-12
0.263394 -0.907662 -2.47602e-12
0.219868 -0.913016 -2.35911e-12
0.172668 -0.919036 -2.28706e-12
0.123605 -0.925491 -2.26297e-12
0.0745671 -0.932135 -2.28689e-12
0.0274372 -0.93871 -2.3585e-12
-0.015973 -0.944965 -2.47596e-12
-0.0539956 -0.950658 -2.63317e-12
-0.0851692 -0.955573 -2.82463e-12
-0.108296 -0.959518 -3.04384e-12
-0.122487 -0.962344 -3.28099e-12
-0.127198 -0.963941 -3.52773e-12
-0.122246 -0.964248 -3.77487e-12
-0.107823 -0.963252 -4.01207e-12
-0.0844824 -0.960994 -4.23078e-12
-0.0531214 -0.957558 -4.42291e-12
-0.0149451 -0.953077 -4.58061e-12
0.0285794 -0.947724 -4.69741e-12
0.0757795 -0.941704 -4.76941e-12
0.124842 -0.935249 -4.79361e-12
0.17388 -0.928606 -4.76952e-12
0.22101 -0.92203 -4.69752e-12
0.264422 -0.915775 -4.58078e-12
0.302446 -0.910081 -4.42318e-12
0.333621 -0.905167 -4.23128e-12
0.35675 -0.901221 -4.0129e-12
0.370943 -0.898395 -3.77526e-12
0.375655 -0.896798 -3.52829e-12
0.370706 -0.896491 -3.28149e-12
0.356285 -0.897486 -3.04445e-12
0.332946 -0.899745 -2.82546e-12
0.301587 -0.90318 -2.6335e-12
0.263412 -0.90766 -2.47602e-12
0.219888 -0.913013 -2.35906e-12
0.172689 -0.919033 -2.28717e-12
0.123627 -0.925488 -2.26291e-12
0.0745885 -0.932132 -2.28706e-12
0.0274574 -0.938707 -2.35884e-12
-0.0159549 -0.944962 -2.47585e-12
-0.0539802 -0.950656 -2.63317e-12
-0.0851571 -0.955571 -2.82463e-12
-0.108288 -0.959517 -3.04362e-12
-0.122483 -0.962343 -3.28099e-12
-0.127198 -0.96394 -3.52757e-12
-0.12225 -0.964248 -3.77465e-12
-0.107831 -0.963253 -4.01229e-12
-0.0844946 -0.960995 -4.231e-12
-0.0531369 -0.95756 -4.42257e-12
-0.0149633 -0.95308 -4.5805e-12
0.0285592 -0.947727 -4.69724e-12
0.0757581 -0.941707 -4.76935e-12
0.12482 -0.935252 -4.79372e-12
0.173859 -0.928609 -4.76952e-12
0.22099 -0.922033 -4.69758e-12
0.264404 -0.915778 -4.58078e-12
0.30243 -0.910084 -4.42352e-12
0.333609 -0.905169 -4.23134e-12
0.356741 -0.901223 -4.01285e-12
0.370939 -0.898396 -3.77537e-12
0.375656 -0.896799 -3.52857e-12
0.37071 -0.896491 -3.28176e-12
0.356293 -0.897485 -3.04445e-12
0.332958 -0.899743 -2.82552e-12
0.301602 -0.903178 -2.63373e-12
0.26343 -0.907658 -2.47624e-12
0.219909 -0.913011 -2.35878e-12
0.17271 -0.91903 -2.28695e-12
0.123649 -0.925486 -2.2628e-12
0.0746098 -0.932129 -2.28673e-12
0.0274775 -0.938704 -2.35872e-12
-0.0159368 -0.944959 -2.47552e-12
-0.0539648 -0.950654 -2.633e-12
-0.0851451 -0.955569 -2.82457e-12
-0.108279 -0.959515 -3.04373e-12
-0.122479 -0.962342 -3.28082e-12
-0.127198 -0.96394 -3.52768e-12
-0.122255 -0.964248 -3.7747e-12
-0.10784 -0.963254 -4.01218e-12
-0.0845067 -0.960996 -4.23073e-12
-0.0531523 -0.957561 -4.42263e-12
-0.0149815 -0.953082 -4.58023e-12
0.028539 -0.947729 -4.69708e-12
0.0757367 -0.94171 -4.76957e-12
0.124798 -0.935255 -4.79378e-12
0.173837 -0.928612 -4.76957e-12
0.22097 -0.922036 -4.69763e-12
0.264385 -0.915781 -4.58084e-12
0.302415 -0.910086 -4.42335e-12
0.333597 -0.905171 -4.23156e-12
0.356733 -0.901224 -4.01307e-12
0.370935 -0.898397 -3.77554e-12
0.375656 -0.896799 -3.52846e-12
0.370715 -0.896491 -3.28199e-12
0.356302 -0.897485 -3.0444e-12
0.332971 -0.899742 -2.82535e-12
0.301618 -0.903176 -2.63384e-12
0.263448 -0.907656 -2.47607e-12
0.219929 -0.913008 -2.35906e-12
0.172732 -0.919027 -2.28711e-12
0.403515 -0.892432 -3.18823e-12
0.398006 -0.892093 -2.91411e-12
0.381973 -0.893199 -2.65016e-12
0.356032 -0.89571 -2.40702e-12
0.32118 -0.899528 -2.19375e-12
0.278756 -0.904508 -2.01911e-12
0.230391 -0.910456 -1.88916e-12
0.177943 -0.917146 -1.80883e-12
0.123427 -0.924319 -1.78202e-12
0.0689391 -0.9317 -1.80883e-12
0.0165726 -0.939006 -1.88899e-12
-0.0316602 -0.945956 -2.01855e-12
-0.0739057 -0.952283 -2.19341e-12
-0.10854 -0.957743 -2.40685e-12
-0.134233 -0.962126 -2.64966e-12
-0.149997 -0.965265 -2.91356e-12
-0.155227 -0.967039 -3.18773e-12
-0.14972 -0.967379 -3.46212e-12
-0.133689 -0.966273 -3.72596e-12
-0.10775 -0.963762 -3.9691e-12
-0.0729001 -0.959944 -4.18227e-12
-0.0304778 -0.954965 -4.35718e-12
0.0178864 -0.949017 -4.48713e-12
0.0703339 -0.942328 -4.56735e-12
0.124849 -0.935154 -4.59399e-12
0.179338 -0.927773 -4.56712e-12
0.231705 -0.920467 -4.48719e-12
0.279939 -0.913517 -4.35763e-12
0.322186 -0.90719 -4.18293e-12
0.356822 -0.90173 -3.96921e-12
0.382517 -0.897346 -3.72624e-12
0.398284 -0.894207 -3.46279e-12
0.403515 -0.892433 -3.18828e-12
0.398011 -0.892092 -2.91411e-12
0.381982 -0.893198 -2.65005e-12
0.356046 -0.895709 -2.40707e-12
0.321197 -0.899526 -2.19397e-12
0.278776 -0.904505 -2.01905e-12
0.230413 -0.910453 -1.88927e-12
0.177967 -0.917143 -1.80911e-12
0.123451 -0.924316 -1.78169e-12
0.0689629 -0.931697 -1.80872e-12
0.0165949 -0.939003 -1.8886e-12
-0.0316401 -0.945953 -2.01855e-12
-0.0738886 -0.95228 -2.19358e-12
-0.108527 -0.95774 -2.40674e-12
-0.134224 -0.962125 -2.64982e-12
-0.149993 -0.965264 -2.91361e-12
-0.155227 -0.967038 -3.18773e-12
-0.149725 -0.967379 -3.46223e-12
-0.133699 -0.966274 -3.72585e-12
-0.107764 -0.963764 -3.96905e-12
-0.0729173 -0.959946 -4.1821e-12
-0.030498 -0.954968 -4.35701e-12
0.017864 -0.94902 -4.48719e-12
0.0703101 -0.942331 -4.5674e-12
0.124825 -0.935158 -4.59421e-12
0.179314 -0.927776 -4.56712e-12
0.231682 -0.92047 -4.4873e-12
0.279919 -0.91352 -4.35735e-12
0.322169 -0.907193 -4.18271e-12
0.356809 -0.901732 -3.96955e-12
0.382508 -0.897348 -3.72624e-12
0.398279 -0.894208 -3.46284e-12
0.403515 -0.892433 -3.18851e-12
0.398016 -0.892092 -2.91411e-12
0.381992 -0.893198 -2.65049e-12
0.356059 -0.895707 -2.40741e-12
0.321214 -0.899524 -2.19386e-12
0.278797 -0.904503 -2.019e-12
0.230436 -0.91045 -1.88916e-12
0.17799 -0.917139 -1.80889e-12
0.123476 -0.924312 -1.78202e-12
0.0689867 -0.931694 -1.80872e-12
0.0166173 -0.939 -1.88871e-12
-0.03162 -0.94595 -2.0185e-12
-0.0738715 -0.952277 -2.19336e-12
-0.108514 -0.957738 -2.40663e-12
-0.134215 -0.962123 -2.6496e-12
-0.149988 -0.965263 -2.91339e-12
-0.155227 -0.967038 -3.18756e-12
-0.14973 -0.967379 -3.4619e-12
-0.133708 -0.966274 -3.72541e-12
-0.107777 -0.963765 -3.96883e-12
-0.0729344 -0.959948 -4.18227e-12
-0.0305181 -0.95497 -4.35685e-12
0.0178416 -0.949023 -4.48708e-12
0.0702864 -0.942334 -4.56701e-12
0.124801 -0.935161 -4.59405e-12
0.17929 -0.927779 -4.5674e-12
0.23166 -0.920473 -4.48763e-12
0.279898 -0.913523 -4.35763e-12
0.322151 -0.907196 -4.18299e-12
0.356795 -0.901735 -3.96977e-12
0.382499 -0.89735 -3.72646e-12
0.398274 -0.894209 -3.46284e-12
0.403515 -0.892434 -3.18839e-12
0.39802 -0.892092 -2.91384e-12
0.382001 -0.893197 -2.65049e-12
0.356073 -0.895706 -2.40735e-12
0.321232 -0.899522 -2.1938e-12
0.278817 -0.9045 -2.01916e-12
0.230458 -0.910448 -1.88904e-12
0.178014 -0.917136 -1.80905e-12
0.1235 -0.924309 -1.7818e-12
0.0690104 -0.931691 -1.809e-12
0.0166397 -0.938997 -1.88832e-12
-0.0315998 -0.945947 -2.01872e-12
-0.0738544 -0.952275 -2.19319e-12
-0.1085 -0.957736 -2.40641e-12
-0.134206 -0.962121 -2.64944e-12
-0.149983 -0.965262 -2.91311e-12
-0.155227 -0.967038 -3.18739e-12
-0.149734 -0.96738 -3.46206e-12
-0.133717 -0.966275 -3.72569e-12
-0.107791 -0.963766 -3.96899e-12
-0.0729516 -0.95995 -4.18199e-12
-0.0305383 -0.954973 -4.3569e-12
0.0178192 -0.949025 -4.48713e-12
0.0702626 -0.942337 -4.56735e-12
0.124777 -0.935164 -4.59416e-12
0.179266 -0.927783 -4.56757e-12
0.231638 -0.920476 -4.48747e-12
0.279878 -0.913526 -4.3579e-12
0.322134 -0.907198 -4.18299e-12
0.356782 -0.901737 -3.96994e-12
0.38249 -0.897351 -3.72663e-12
0.39827 -0.89421 -3.46306e-12
0.403515 -0.892434 -3.18851e-12
0.398025 -0.892092 -2.91411e-12
0.38201 -0.893196 -2.65066e-12
0.356086 -0.895704 -2.40702e-12
0.321249 -0.899521 -2.1943e-12
0.278837 -0.904498 -2.01911e-12
0.230481 -0.910445 -1.88916e-12
0.178038 -0.917133 -1.80922e-12
0.123524 -0.924306 -1.78202e-12
0.0690342 -0.931687 -1.80911e-12
0.0166621 -0.938994 -1.88866e-12
-0.0315797 -0.945944 -2.01861e-12
-0.0738373 -0.952272 -2.1933e-12
-0.108487 -0.957734 -2.40635e-12
-0.134196 -0.96212 -2.64949e-12
-0.149979 -0.965261 -2.91311e-12
-0.155227 -0.967037 -3.18767e-12
-0.149739 -0.96738 -3.46195e-12
-0.133726 -0.966276 -3.72552e-12
-0.107804 -0.963768 -3.96871e-12
-0.0729688 -0.959952 -4.18188e-12
-0.0305585 -0.954975 -4.35679e-12
0.0177968 -0.949028 -4.48697e-12
0.420632 -0.889447 -2.81897e-12
0.414784 -0.889086 -2.52798e-12
0.397763 -0.890261 -2.24787e-12
0.370224 -0.892927 -1.98969e-12
0.333225 -0.89698 -1.76353e-12
0.288188 -0.902266 -1.57774e-12
0.236844 -0.908581 -1.43985e-12
0.181165 -0.915683 -1.35497e-12
0.123291 -0.923298 -1.32616e-12
0.0654468 -0.931134 -1.35497e-12
0.00985463 -0.93889 -1.43979e-12
-0.0413492 -0.946268 -1.57757e-12
-0.0861968 -0.952984 -1.76359e-12
-0.122965 -0.95878 -1.98946e-12
-0.150241 -0.963434 -2.2477e-12
-0.166976 -0.966766 -2.52753e-12
-0.172527 -0.968649 -2.81869e-12
-0.166681 -0.96901 -3.10996e-12
-0.149663 -0.967836 -3.39007e-12
-0.122126 -0.965171 -3.64803e-12
-0.0851293 -0.961118 -3.8744e-12
-0.0400939 -0.955832 -4.05992e-12
0.0112494 -0.949517 -4.1982e-12
0.0669276 -0.942416 -4.28313e-12
0.124801 -0.934801 -4.31177e-12
0.182646 -0.926964 -4.28307e-12
0.238238 -0.919208 -4.19809e-12
0.289443 -0.91183 -4.06042e-12
0.334293 -0.905114 -3.87484e-12
0.371063 -0.899318 -3.64819e-12
0.398341 -0.894664 -3.39068e-12
0.415078 -0.891331 -3.11035e-12
0.420632 -0.889448 -2.81908e-12
0.414789 -0.889086 -2.52809e-12
0.397773 -0.89026 -2.24809e-12
0.370238 -0.892925 -1.98985e-12
0.333243 -0.896978 -1.76364e-12
0.28821 -0.902263 -1.57785e-12
0.236867 -0.908578 -1.44024e-12
0.18119 -0.915679 -1.35508e-12
0.123317 -0.923294 -1.32616e-12
0.0654721 -0.931131 -1.35508e-12
0.00987838 -0.938887 -1.4399e-12
-0.0413278 -0.946265 -1.57735e-12
-0.0861787 -0.952981 -1.76326e-12
-0.122951 -0.958778 -1.98935e-12
-0.150231 -0.963432 -2.24726e-12
-0.166971 -0.966765 -2.52748e-12
-0.172527 -0.968649 -2.81886e-12
-0.166686 -0.969011 -3.11007e-12
-0.149673 -0.967837 -3.38995e-12
-0.122141 -0.965172 -3.6478e-12
-0.0851475 -0.96112 -3.87446e-12
-0.0401153 -0.955835 -4.05975e-12
0.0112256 -0.94952 -4.19792e-12
0.0669023 -0.942419 -4.28296e-12
0.124775 -0.934804 -4.31194e-12
0.18262 -0.926968 -4.28313e-12
0.238215 -0.919212 -4.19836e-12
0.289422 -0.911834 -4.06059e-12
0.334275 -0.905117 -3.87479e-12
0.371049 -0.89932 -3.64875e-12
0.398331 -0.894665 -3.39051e-12
0.415073 -0.891332 -3.11035e-12
0.420632 -0.889448 -2.81969e-12
0.414794 -0.889086 -2.52814e-12
0.397783 -0.89026 -2.24792e-12
0.370253 -0.892924 -1.98991e-12
0.333262 -0.896976 -1.76348e-12
0.288231 -0.902261 -1.57807e-12
0.236891 -0.908575 -1.44013e-12
0.181215 -0.915676 -1.35525e-12
0.123343 -0.923291 -1.32599e-12
0.0654973 -0.931127 -1.35503e-12
0.00990213 -0.938883 -1.43979e-12
-0.0413064 -0.946262 -1.57752e-12
-0.0861605 -0.952978 -1.76309e-12
-0.122936 -0.958776 -1.98924e-12
-0.150221 -0.96343 -2.24737e-12
-0.166966 -0.966764 -2.52731e-12
-0.172527 -0.968648 -2.81875e-12
-0.166691 -0.969011 -3.10973e-12
-0.149683 -0.967838 -3.38968e-12
-0.122155 -0.965174 -3.64808e-12
-0.0851658 -0.961122 -3.87429e-12
-0.0401367 -0.955837 -4.05986e-12
0.0112018 -0.949523 -4.19798e-12
0.0668771 -0.942422 -4.28291e-12
0.124749 -0.934807 -4.31205e-12
0.182595 -0.926971 -4.28313e-12
0.238191 -0.919215 -4.19814e-12
0.289401 -0.911837 -4.06064e-12
0.334256 -0.90512 -3.87484e-12
0.371034 -0.899322 -3.6488e-12
0.398321 -0.894667 -3.39023e-12
0.415068 -0.891333 -3.11068e-12
0.420632 -0.889449 -2.81947e-12
0.414799 -0.889086 -2.52842e-12
0.397793 -0.890259 -2.24809e-12
0.370267 -0.892922 -1.98991e-12
0.33328 -0.896974 -1.76387e-12
0.288252 -0.902258 -1.57785e-12
0.236915 -0.908572 -1.43996e-12
0.181241 -0.915673 -1.35497e-12
0.123368 -0.923288 -1.32638e-12
0.0655225 -0.931124 -1.35514e-12
0.00992589 -0.93888 -1.43985e-12
-0.0412851 -0.946258 -1.57763e-12
-0.0861424 -0.952976 -1.76292e-12
-0.122922 -0.958773 -1.98908e-12
-0.150211 -0.963429 -2.24737e-12
-0.166961 -0.966763 -2.52715e-12
-0.172527 -0.968648 -2.81841e-12
-0.166696 -0.969011 -3.10957e-12
-0.149693 -0.967838 -3.38962e-12
-0.122169 -0.965175 -3.64769e-12
-0.085184 -0.961124 -3.87401e-12
-0.0401582 -0.95584 -4.05997e-12
0.011178 -0.949526 -4.19798e-12
0.0668518 -0.942426 -4.28274e-12
0.124724 -0.934811 -4.31183e-12
0.18257 -0.926975 -4.28318e-12
0.238167 -0.919218 -4.19864e-12
0.289379 -0.91184 -4.06047e-12
0.334238 -0.905123 -3.87507e-12
0.37102 -0.899325 -3.6488e-12
0.398311 -0.894669 -3.39057e-12
0.415063 -0.891334 -3.11084e-12
0.420632 -0.889449 -2.81969e-12
0.414804 -0.889086 -2.52826e-12
0.397803 -0.890258 -2.24842e-12
0.370281 -0.892921 -1.99002e-12
0.333298 -0.896972 -1.76376e-12
0.288274 -0.902256 -1.57802e-12
0.236939 -0.908569 -1.44029e-12
0.181266 -0.91567 -1.35508e-12
0.123394 -0.923284 -1.32611e-12
0.0655478 -0.93112 -1.35481e-12
0.00994964 -0.938877 -1.43957e-12
-0.0412637 -0.946255 -1.5774e-12
-0.0861242 -0.952973 -1.76276e-12
-0.122908 -0.958771 -1.98874e-12
-0.150201 -0.963427 -2.24704e-12
-0.166956 -0.966762 -2.52698e-12
-0.172527 -0.968647 -2.81836e-12
-0.166701 -0.969011 -3.10951e-12
-0.149702 -0.967839 -3.38934e-12
-0.122184 -0.965177 -3.64753e-12
-0.0852023 -0.961126 -3.87407e-12
-0.0401796 -0.955842 -4.05975e-12
0.0111542 -0.949529 -4.19803e-12
0.0668265 -0.942429 -4.28291e-12
0.124698 -0.934814 -4.31172e-12
0.182545 -0.926978 -4.28313e-12
0.238143 -0.919222 -4.19847e-12
0.289358 -0.911843 -4.06075e-12
0.33422 -0.905125 -3.87523e-12
0.371006 -0.899327 -3.64897e-12
0.398302 -0.894671 -3.39101e-12
0.415058 -0.891336 -3.11118e-12
0.426348 -0.887956 -2.43561e-12
0.420385 -0.887588 -2.13857e-12
0.403031 -0.888786 -1.85318e-12
0.374952 -0.891504 -1.58945e-12
0.337228 -0.895637 -1.35902e-12
0.291309 -0.901026 -1.16984e-12
0.238958 -0.907465 -1.02868e-12
0.182188 -0.914706 -9.42191e-13
0.123181 -0.92247 -9.13103e-13
0.064203 -0.93046 -9.42246e-13
0.00752146 -0.938368 -1.02918e-12
-0.0446857 -0.94589 -1.16968e-12
-0.0904121 -0.952738 -1.35902e-12
-0.127901 -0.958648 -1.58945e-12
-0.155711 -0.963393 -1.85285e-12
-0.172774 -0.966791 -2.13812e-12
-0.178434 -0.96871 -2.43539e-12
-0.172473 -0.969079 -2.73215e-12
-0.155122 -0.967881 -3.01753e-12
-0.127046 -0.965164 -3.28043e-12
-0.0893237 -0.961031 -3.51141e-12
-0.0434058 -0.955642 -3.70026e-12
0.00894359 -0.949203 -3.84126e-12
0.0657127 -0.941963 -3.92808e-12
0.12472 -0.934198 -3.95728e-12
0.183698 -0.926209 -3.92791e-12
0.24038 -0.918301 -3.84137e-12
0.292589 -0.910778 -3.70065e-12
0.338317 -0.90393 -3.51136e-12
0.375808 -0.89802 -3.28065e-12
0.40362 -0.893275 -3.01781e-12
0.420685 -0.889877 -2.73248e-12
0.426348 -0.887957 -2.4355e-12
0.42039 -0.887588 -2.13862e-12
0.403041 -0.888785 -1.85324e-12
0.374967 -0.891502 -1.58967e-12
0.337247 -0.895635 -1.35919e-12
0.291331 -0.901024 -1.16984e-12
0.238983 -0.907462 -1.02912e-12
0.182214 -0.914703 -9.42024e-13
0.123207 -0.922467 -9.13269e-13
0.0642287 -0.930456 -9.42357e-13
0.00754568 -0.938365 -1.02907e-12
-0.0446639 -0.945887 -1.16951e-12
-0.0903936 -0.952735 -1.35858e-12
-0.127886 -0.958646 -1.58917e-12
-0.155701 -0.963391 -1.85263e-12
-0.172769 -0.966789 -2.13785e-12
-0.178434 -0.96871 -2.435e-12
-0.172479 -0.969079 -2.73181e-12
-0.155132 -0.967882 -3.01709e-12
-0.12706 -0.965165 -3.28054e-12
-0.0893423 -0.961033 -3.51097e-12
-0.0434276 -0.955645 -3.70054e-12
0.00891932 -0.949206 -3.84137e-12
0.065687 -0.941966 -3.92819e-12
0.124694 -0.934202 -3.95722e-12
0.183672 -0.926212 -3.92819e-12
0.240356 -0.918304 -3.84159e-12
0.292567 -0.910781 -3.70098e-12
0.338298 -0.903933 -3.51152e-12
0.375793 -0.898023 -3.28138e-12
0.40361 -0.893277 -3.01797e-12
0.42068 -0.889878 -2.73265e-12
0.426348 -0.887957 -2.43555e-12
0.420395 -0.887588 -2.13868e-12
0.403051 -0.888785 -1.85335e-12
0.374982 -0.891501 -1.59001e-12
0.337266 -0.895633 -1.35936e-12
0.291353 -0.901021 -1.17006e-12
0.239007 -0.907459 -1.02912e-12
0.18224 -0.914699 -9.42357e-13
0.123233 -0.922463 -9.12992e-13
0.0642545 -0.930453 -9.42191e-13
0.00756989 -0.938361 -1.02868e-12
-0.0446421 -0.945884 -1.1694e-12
-0.0903751 -0.952732 -1.35875e-12
-0.127872 -0.958643 -1.58901e-12
-0.155691 -0.963389 -1.85219e-12
-0.172764 -0.966788 -2.1379e-12
-0.178434 -0.968709 -2.43466e-12
-0.172484 -0.969079 -2.73165e-12
-0.155142 -0.967883 -3.0172e-12
-0.127075 -0.965167 -3.28026e-12
-0.0893609 -0.961035 -3.51086e-12
-0.0434495 -0.955647 -3.70015e-12
0.00889505 -0.949209 -3.84093e-12
0.0656612 -0.941969 -3.92775e-12
0.124668 -0.934205 -3.95745e-12
0.183647 -0.926216 -3.9283e-12
0.240332 -0.918308 -3.84148e-12
0.292545 -0.910785 -3.70093e-12
0.33828 -0.903936 -3.51186e-12
0.375778 -0.898025 -3.28126e-12
0.4036 -0.893279 -3.01814e-12
0.420675 -0.889879 -2.73298e-12
0.426348 -0.887958 -2.43588e-12
0.4204 -0.887588 -2.13901e-12
0.403061 -0.888784 -1.85341e-12
0.374996 -0.891499 -1.58995e-12
0.337284 -0.895631 -1.35952e-12
0.291374 -0.901018 -1.17012e-12
0.239031 -0.907456 -1.02923e-12
0.182266 -0.914696 -9.42635e-13
0.12326 -0.92246 -9.13269e-13
0.0642802 -0.930449 -9.41969e-13
0.00759411 -0.938358 -1.02895e-12
-0.0446203 -0.945881 -1.16945e-12
-0.0903566 -0.95273 -1.35858e-12
-0.127857 -0.958641 -1.58917e-12
-0.155681 -0.963387 -1.85202e-12
-0.172759 -0.966787 -2.1379e-12
-0.178434 -0.968709 -2.43455e-12
-0.172489 -0.969079 -2.73132e-12
-0.155152 -0.967884 -3.01709e-12
-0.127089 -0.965168 -3.28015e-12
-0.0893795 -0.961037 -3.51097e-12
-0.0434713 -0.95565 -3.69976e-12
0.00887079 -0.949212 -3.84115e-12
0.0656355 -0.941973 -3.9278e-12
0.124641 -0.934209 -3.9575e-12
0.183621 -0.926219 -3.92841e-12
0.240308 -0.918311 -3.84193e-12
0.292523 -0.910788 -3.70098e-12
0.338261 -0.903939 -3.51175e-12
0.375764 -0.898027 -3.2811e-12
0.40359 -0.89328 -3.01803e-12
0.42067 -0.889881 -2.73265e-12
0.426348 -0.887958 -2.43616e-12
0.420406 -0.887588 -2.13912e-12
0.403071 -0.888783 -1.85368e-12
0.375011 -0.891498 -1.59001e-12
0.337303 -0.895628 -1.35952e-12
0.291396 -0.901016 -1.17001e-12
0.239055 -0.907453 -1.02923e-12
0.182291 -0.914693 -9.42413e-13
0.123286 -0.922456 -9.13325e-13
0.0643059 -0.930446 -9.42024e-13
0.00761833 -0.938354 -1.02868e-12
-0.0445985 -0.945878 -1.16934e-12
-0.0903381 -0.952727 -1.35852e-12
-0.127843 -0.958638 -1.58862e-12
-0.155671 -0.963386 -1.8523e-12
-0.172754 -0.966786 -2.13735e-12
-0.178434 -0.968708 -2.43472e-12
-0.172494 -0.969079 -2.73137e-12
-0.155162 -0.967884 -3.01686e-12
-0.127104 -0.96517 -3.27999e-12
-0.0893981 -0.96104 -3.51086e-12
-0.0434932 -0.955652 -3.70026e-12
0.00884652 -0.949215 -3.84104e-12
0.0656097 -0.941976 -3.92769e-12
0.124615 -0.934212 -3.95728e-12
0.183595 -0.926223 -3.92791e-12
0.240284 -0.918314 -3.84165e-12
0.292502 -0.910791 -3.70093e-12
0.338243 -0.903942 -3.51191e-12
0.375749 -0.89803 -3.28126e-12
0.40358 -0.893282 -3.01842e-12
0.420665 -0.889882 -2.73304e-12
0.426348 -0.887959 -2.43594e-12
0.420411 -0.887588 -2.1389e-12
0.403081 -0.888782 -1.85341e-12
0.420443 -0.888017 -2.05164e-12
0.414595 -0.887656 -1.7602e-12
0.397574 -0.888831 -1.48043e-12
0.370035 -0.891497 -1.22208e-12
0.333036 -0.89555 -9.95815e-13
0.287999 -0.900836 -8.10352e-13
0.236654 -0.907151 -6.7224e-13
0.180974 -0.914253 -5.86919e-13
0.1231 -0.921868 -5.58442e-13
0.0652554 -0.929704 -5.8703e-13
0.00966272 -0.93746 -6.72296e-13
-0.0415415 -0.944838 -8.09741e-13
-0.0863896 -0.951554 -9.95648e-13
-0.123158 -0.957351 -1.2218e-12
-0.150434 -0.962004 -1.48004e-12
-0.167169 -0.965337 -1.76004e-12
-0.17272 -0.96722 -2.05147e-12
-0.166875 -0.967581 -2.34268e-12
-0.149856 -0.966406 -2.62251e-12
-0.122319 -0.963741 -2.88042e-12
-0.085322 -0.959688 -3.10646e-12
-0.0402862 -0.954402 -3.29242e-12
0.0110575 -0.948087 -3.43064e-12
0.0667362 -0.940986 -3.51558e-12
0.12461 -0.933371 -3.54411e-12
0.182455 -0.925535 -3.51535e-12
0.238049 -0.917778 -3.43076e-12
0.289254 -0.9104 -3.29287e-12
0.334104 -0.903684 -3.10735e-12
0.370874 -0.897888 -2.88097e-12
0.398152 -0.893234 -2.62274e-12
0.41489 -0.889901 -2.34307e-12
0.420444 -0.888018 -2.05175e-12
0.4146 -0.887656 -1.76043e-12
0.397584 -0.88883 -1.48032e-12
0.37005 -0.891495 -1.22191e-12
0.333054 -0.895548 -9.96037e-13
0.28802 -0.900833 -8.10407e-13
0.236678 -0.907148 -6.72296e-13
0.181 -0.914249 -5.87197e-13
0.123126 -0.921865 -5.58276e-13
0.0652807 -0.929701 -5.86975e-13
0.00968647 -0.937457 -6.71851e-13
-0.0415201 -0.944835 -8.09963e-13
-0.0863714 -0.951552 -9.95481e-13
-0.123144 -0.957348 -1.22169e-12
-0.150424 -0.962003 -1.47987e-12
-0.167164 -0.965336 -1.7597e-12
-0.17272 -0.967219 -2.05125e-12
-0.16688 -0.967581 -2.34257e-12
-0.149866 -0.966407 -2.62229e-12
-0.122334 -0.963743 -2.8802e-12
-0.0853403 -0.95969 -3.10652e-12
-0.0403076 -0.954405 -3.29231e-12
0.0110337 -0.94809 -3.43042e-12
0.0667109 -0.940989 -3.5153e-12
0.124584 -0.933374 -3.54422e-12
0.18243 -0.925538 -3.51552e-12
0.238025 -0.917782 -3.43053e-12
0.289233 -0.910404 -3.29287e-12
0.334085 -0.903687 -3.10701e-12
0.37086 -0.89789 -2.88103e-12
0.398142 -0.893235 -2.62318e-12
0.414885 -0.889902 -2.34318e-12
0.420444 -0.888018 -2.05203e-12
0.414605 -0.887656 -1.76065e-12
0.397594 -0.888829 -1.48054e-12
0.370064 -0.891494 -1.22274e-12
0.333073 -0.895546 -9.96037e-13
0.288042 -0.900831 -8.10352e-13
0.236701 -0.907145 -6.72407e-13
0.181025 -0.914246 -5.87419e-13
0.123152 -0.921861 -5.58498e-13
0.0653059 -0.929697 -5.87363e-13
0.00971023 -0.937454 -6.71796e-13
-0.0414988 -0.944832 -8.10019e-13
-0.0863533 -0.951549 -9.95481e-13
-0.12313 -0.957346 -1.22136e-12
-0.150414 -0.962001 -1.48009e-12
-0.167159 -0.965335 -1.75931e-12
-0.17272 -0.967219 -2.05119e-12
-0.166885 -0.967581 -2.34224e-12
-0.149876 -0.966408 -2.62229e-12
-0.122348 -0.963744 -2.88058e-12
-0.0853585 -0.959692 -3.10685e-12
-0.0403291 -0.954408 -3.29237e-12
0.0110099 -0.948093 -3.4302e-12
0.0666856 -0.940993 -3.5153e-12
0.124559 -0.933378 -3.54411e-12
0.182405 -0.925542 -3.5158e-12
0.238001 -0.917785 -3.43064e-12
0.289211 -0.910407 -3.29275e-12
0.334067 -0.90369 -3.10729e-12
0.370846 -0.897892 -2.88108e-12
0.398133 -0.893237 -2.62285e-12
0.41488 -0.889903 -2.34329e-12
0.420444 -0.888019 -2.05197e-12
0.41461 -0.887656 -1.76081e-12
0.397604 -0.888829 -1.4807e-12
0.370078 -0.891492 -1.22236e-12
0.333091 -0.895544 -9.96037e-13
0.288063 -0.900828 -8.10185e-13
0.236725 -0.907142 -6.7224e-13
0.18105 -0.914243 -5.87475e-13
0.123177 -0.921858 -5.58831e-13
0.0653311 -0.929694 -5.87086e-13
0.00973398 -0.93745 -6.71629e-13
-0.0414774 -0.944829 -8.09741e-13
-0.0863351 -0.951546 -9.95592e-13
-0.123115 -0.957344 -1.22152e-12
-0.150405 -0.961999 -1.47971e-12
-0.167154 -0.965333 -1.75948e-12
-0.172721 -0.967218 -2.05103e-12
-0.16689 -0.967581 -2.34202e-12
-0.149886 -0.966409 -2.62207e-12
-0.122362 -0.963746 -2.88014e-12
-0.0853767 -0.959694 -3.10629e-12
-0.0403505 -0.95441 -3.29214e-12
0.0109861 -0.948096 -3.43031e-12
0.0666604 -0.940996 -3.5153e-12
0.124533 -0.933381 -3.54411e-12
0.182379 -0.925545 -3.51547e-12
0.237977 -0.917789 -3.4307e-12
0.28919 -0.91041 -3.29275e-12
0.334049 -0.903693 -3.10724e-12
0.370831 -0.897895 -2.88131e-12
0.398123 -0.893239 -2.62323e-12
0.414875 -0.889904 -2.3434e-12
0.420444 -0.888019 -2.05225e-12
0.414615 -0.887656 -1.7607e-12
0.397614 -0.888828 -1.48109e-12
0.370093 -0.891491 -1.22241e-12
0.333109 -0.895542 -9.96259e-13
0.288084 -0.900826 -8.10518e-13
0.236749 -0.907139 -6.72296e-13
0.181075 -0.91424 -5.87086e-13
0.123203 -0.921854 -5.5872e-13
0.0653563 -0.92969 -5.86975e-13
0.00975774 -0.937447 -6.72018e-13
-0.041456 -0.944826 -8.09741e-13
-0.0863169 -0.951543 -9.95426e-13
-0.123101 -0.957341 -1.22136e-12
-0.150395 -0.961997 -1.47948e-12
-0.167149 -0.965332 -1.7592e-12
-0.172721 -0.967218 -2.05075e-12
-0.166895 -0.967582 -2.34185e-12
-0.149896 -0.96641 -2.6219e-12
-0.122377 -0.963747 -2.88014e-12
-0.085395 -0.959696 -3.10629e-12
-0.0403719 -0.954413 -3.2922e-12
0.0109623 -0.948099 -3.43026e-12
0.0666351 -0.940999 -3.51535e-12
0.124507 -0.933385 -3.54422e-12
0.182354 -0.925548 -3.51563e-12
0.237954 -0.917792 -3.43081e-12
0.289169 -0.910413 -3.29331e-12
0.334031 -0.903695 -3.10735e-12
0.370817 -0.897897 -2.8812e-12
0.398113 -0.893241 -2.62346e-12
0.41487 -0.889905 -2.34357e-12
0.403146 -0.889627 -1.68265e-12
0.397637 -0.889287 -1.40832e-12
0.381603 -0.890394 -1.14447e-12
0.355662 -0.892905 -9.01224e-13
0.320809 -0.896723 -6.88227e-13
0.278385 -0.901702 -5.1309e-13
0.230018 -0.907651 -3.83138e-13
0.177569 -0.914341 -3.03202e-13
0.123053 -0.921514 -2.76057e-13
0.0685636 -0.928896 -3.03313e-13
0.0161961 -0.936202 -3.82971e-13
-0.0320375 -0.943152 -5.12923e-13
-0.0742837 -0.949478 -6.88283e-13
-0.108919 -0.954938 -9.0089e-13
-0.134613 -0.959322 -1.14403e-12
-0.150377 -0.962461 -1.40776e-12
-0.155606 -0.964235 -1.68232e-12
-0.150099 -0.964575 -1.95644e-12
-0.134068 -0.963469 -2.22039e-12
-0.108129 -0.960958 -2.46336e-12
-0.0732781 -0.95714 -2.67669e-12
-0.030855 -0.952161 -2.85161e-12
0.01751 -0.946213 -2.98156e-12
0.0699585 -0.939523 -3.06127e-12
0.124475 -0.93235 -3.08853e-12
0.178964 -0.924968 -3.06177e-12
0.231332 -0.917662 -2.98161e-12
0.279567 -0.910712 -2.85194e-12
0.321815 -0.904385 -2.67697e-12
0.356452 -0.898925 -2.46392e-12
0.382147 -0.894541 -2.2205e-12
0.397914 -0.891402 -1.95721e-12
0.403146 -0.889628 -1.68271e-12
0.397641 -0.889287 -1.40854e-12
0.381613 -0.890393 -1.14458e-12
0.355675 -0.892903 -9.01446e-13
0.320826 -0.896721 -6.88338e-13
0.278405 -0.9017 -5.13312e-13
0.230041 -0.907648 -3.83027e-13
0.177593 -0.914338 -3.03257e-13
0.123077 -0.921511 -2.76223e-13
0.0685874 -0.928893 -3.03202e-13
0.0162185 -0.936199 -3.83138e-13
-0.0320174 -0.943149 -5.12923e-13
-0.0742666 -0.949476 -6.8795e-13
-0.108906 -0.954936 -9.00779e-13
-0.134603 -0.95932 -1.14386e-12
-0.150372 -0.96246 -1.40776e-12
-0.155606 -0.964234 -1.6821e-12
-0.150104 -0.964575 -1.95638e-12
-0.134078 -0.963469 -2.22039e-12
-0.108142 -0.96096 -2.46347e-12
-0.0732953 -0.957142 -2.67658e-12
-0.0308752 -0.952164 -2.85166e-12
0.0174876 -0.946215 -2.9815e-12
0.0699347 -0.939526 -3.0615e-12
0.124451 -0.932353 -3.08847e-12
0.17894 -0.924971 -3.06161e-12
0.23131 -0.917665 -2.98178e-12
0.279547 -0.910715 -2.85211e-12
0.321798 -0.904388 -2.67703e-12
0.356438 -0.898927 -2.4642e-12
0.382138 -0.894543 -2.22083e-12
0.397909 -0.891403 -1.95743e-12
0.403146 -0.889628 -1.68288e-12
0.397646 -0.889287 -1.40837e-12
0.381622 -0.890392 -1.14458e-12
0.355689 -0.892902 -9.01224e-13
0.320843 -0.896719 -6.88449e-13
0.278425 -0.901697 -5.1309e-13
0.230063 -0.907645 -3.83193e-13
0.177617 -0.914335 -3.03257e-13
0.123101 -0.921508 -2.76112e-13
0.0686112 -0.928889 -3.03202e-13
0.0162409 -0.936196 -3.82971e-13
-0.0319973 -0.943146 -5.12757e-13
-0.0742495 -0.949473 -6.87894e-13
-0.108892 -0.954934 -9.00613e-13
-0.134594 -0.959319 -1.14397e-12
-0.150367 -0.962459 -1.40749e-12
-0.155606 -0.964234 -1.68215e-12
-0.150109 -0.964575 -1.95644e-12
-0.134087 -0.96347 -2.22006e-12
-0.108156 -0.960961 -2.46342e-12
-0.0733125 -0.957144 -2.67636e-12
-0.0308954 -0.952166 -2.85172e-12
0.0174652 -0.946218 -2.98139e-12
0.0699109 -0.939529 -3.06155e-12
0.124426 -0.932356 -3.08853e-12
0.178917 -0.924975 -3.06188e-12
0.231287 -0.917668 -2.98173e-12
0.279527 -0.910718 -2.85216e-12
0.321781 -0.904391 -2.6773e-12
0.356425 -0.898929 -2.46408e-12
0.382129 -0.894544 -2.22106e-12
0.397905 -0.891404 -1.95771e-12
0.403146 -0.889628 -1.68293e-12
0.397651 -0.889287 -1.4086e-12
0.381631 -0.890392 -1.14503e-12
0.355702 -0.892901 -9.01779e-13
0.320861 -0.896717 -6.88505e-13
0.278445 -0.901695 -5.13312e-13
0.230086 -0.907643 -3.83193e-13
0.177641 -0.914331 -3.03313e-13
0.123125 -0.921504 -2.76112e-13
0.0686349 -0.928886 -3.03257e-13
0.0162633 -0.936192 -3.82749e-13
-0.0319771 -0.943143 -5.12757e-13
-0.0742324 -0.94947 -6.87728e-13
-0.108879 -0.954932 -9.00668e-13
-0.134585 -0.959317 -1.14386e-12
-0.150363 -0.962458 -1.40749e-12
-0.155606 -0.964234 -1.68204e-12
-0.150114 -0.964576 -1.95632e-12
-0.134096 -0.963471 -2.22e-12
-0.10817 -0.960962 -2.46303e-12
-0.0733297 -0.957146 -2.67641e-12
-0.0309156 -0.952168 -2.85133e-12
0.0174428 -0.946221 -2.98123e-12
0.0698871 -0.939532 -3.06144e-12
0.124402 -0.932359 -3.08836e-12
0.178893 -0.924978 -3.06172e-12
0.231265 -0.917671 -2.98184e-12
0.279507 -0.910721 -2.852e-12
0.321763 -0.904393 -2.67714e-12
0.356412 -0.898932 -2.4642e-12
0.38212 -0.894546 -2.22106e-12
0.3979 -0.891405 -1.95738e-12
0.403146 -0.889629 -1.68304e-12
0.397656 -0.889287 -1.4086e-12
0.381641 -0.890391 -1.14486e-12
0.355716 -0.892899 -9.01834e-13
0.320878 -0.896715 -6.88616e-13
0.278465 -0.901693 -5.13367e-13
0.230108 -0.90764 -3.83249e-13
0.177664 -0.914328 -3.03257e-13
0.12315 -0.921501 -2.76057e-13
0.0686587 -0.928883 -3.03257e-13
0.0162856 -0.936189 -3.82472e-13
-0.031957 -0.94314 -5.12701e-13
-0.0742153 -0.949468 -6.87894e-13
-0.108865 -0.95493 -9.00668e-13
-0.134576 -0.959315 -1.14359e-12
-0.150358 -0.962457 -1.40721e-12
-0.155606 -0.964233 -1.68165e-12
-0.150119 -0.964576 -1.95582e-12
-0.134106 -0.963472 -2.21972e-12
-0.108183 -0.960964 -2.4632e-12
-0.0733468 -0.957148 -2.67653e-12
-0.0309358 -0.952171 -2.85122e-12
0.0174203 -0.946224 -2.98128e-12
0.375119 -0.892725 -1.34259e-12
0.370161 -0.892419 -1.09551e-12
0.355731 -0.893415 -8.57869e-13
0.332384 -0.895674 -6.39433e-13
0.301017 -0.899111 -4.47364e-13
0.262836 -0.903592 -2.90157e-13
0.219307 -0.908946 -1.73195e-13
0.172104 -0.914966 -1.00642e-13
0.12304 -0.921422 -7.67164e-14
0.0740005 -0.928066 -1.00808e-13
0.0268706 -0.934641 -1.73139e-13
-0.0165389 -0.940896 -2.89768e-13
-0.0545598 -0.94659 -4.47253e-13
-0.0857311 -0.951504 -6.38822e-13
-0.108855 -0.955449 -8.5798e-13
-0.123042 -0.958274 -1.09518e-12
-0.127749 -0.95987 -1.34204e-12
-0.122793 -0.960177 -1.5889e-12
-0.108365 -0.959181 -1.82648e-12
-0.08502 -0.956921 -2.04536e-12
-0.0536548 -0.953485 -2.23715e-12
-0.0154747 -0.949004 -2.3947e-12
0.0280531 -0.943651 -2.51138e-12
0.0752559 -0.93763 -2.5836e-12
0.12432 -0.931174 -2.60764e-12
0.173359 -0.924531 -2.58382e-12
0.22049 -0.917955 -2.51171e-12
0.2639 -0.911701 -2.39475e-12
0.301922 -0.906007 -2.23754e-12
0.333095 -0.901092 -2.04553e-12
0.356221 -0.897147 -1.82682e-12
0.370411 -0.894322 -1.58945e-12
0.375119 -0.892725 -1.34265e-12
0.370165 -0.892418 -1.09557e-12
0.35574 -0.893414 -8.58202e-13
0.332396 -0.895673 -6.39377e-13
0.301033 -0.899109 -4.47642e-13
0.262854 -0.90359 -2.89768e-13
0.219327 -0.908943 -1.72973e-13
0.172125 -0.914964 -1.01252e-13
0.123062 -0.921419 -7.65499e-14
0.0740219 -0.928063 -1.0103e-13
0.0268908 -0.934638 -1.72973e-13
-0.0165208 -0.940893 -2.89602e-13
-0.0545444 -0.946587 -4.47253e-13
-0.085719 -0.951502 -6.38878e-13
-0.108846 -0.955447 -8.57703e-13
-0.123038 -0.958273 -1.09496e-12
-0.127749 -0.95987 -1.34226e-12
-0.122797 -0.960177 -1.58912e-12
-0.108373 -0.959182 -1.82626e-12
-0.0850321 -0.956923 -2.04531e-12
-0.0536702 -0.953487 -2.23732e-12
-0.0154929 -0.949006 -2.39436e-12
0.0280329 -0.943653 -2.51132e-12
0.0752345 -0.937633 -2.58338e-12
0.124298 -0.931177 -2.60791e-12
0.173338 -0.924534 -2.58371e-12
0.22047 -0.917958 -2.51171e-12
0.263882 -0.911703 -2.3947e-12
0.301907 -0.906009 -2.23754e-12
0.333083 -0.901094 -2.04553e-12
0.356213 -0.897148 -1.82698e-12
0.370406 -0.894323 -1.58951e-12
0.375119 -0.892725 -1.34281e-12
0.37017 -0.892418 -1.09546e-12
0.355748 -0.893413 -8.58591e-13
0.332409 -0.895672 -6.39433e-13
0.301048 -0.899107 -4.47808e-13
0.262872 -0.903588 -2.90101e-13
0.219348 -0.908941 -1.73139e-13
0.172147 -0.914961 -1.00808e-13
0.123083 -0.921417 -7.68274e-14
0.0740433 -0.92806 -1.00919e-13
0.0269109 -0.934635 -1.72862e-13
-0.0165027 -0.940891 -2.89602e-13
-0.054529 -0.946585 -4.47031e-13
-0.0857069 -0.9515 -6.38822e-13
-0.108838 -0.955446 -8.57425e-13
-0.123034 -0.958272 -1.0949e-12
-0.127749 -0.95987 -1.34204e-12
-0.122801 -0.960177 -1.58884e-12
-0.108382 -0.959182 -1.82615e-12
-0.0850443 -0.956924 -2.04509e-12
-0.0536857 -0.953489 -2.23688e-12
-0.015511 -0.949009 -2.39436e-12
0.0280127 -0.943656 -2.51144e-12
0.075213 -0.937636 -2.58343e-12
0.124276 -0.93118 -2.60802e-12
0.173316 -0.924537 -2.58388e-12
0.220449 -0.917961 -2.5116e-12
0.263864 -0.911706 -2.39475e-12
0.301892 -0.906011 -2.2376e-12
0.333071 -0.901096 -2.04581e-12
0.356204 -0.89715 -1.82698e-12
0.370402 -0.894323 -1.58967e-12
0.375119 -0.892726 -1.34281e-12
0.370174 -0.892418 -1.09573e-12
0.355756 -0.893413 -8.58258e-13
0.332421 -0.895671 -6.39599e-13
0.301064 -0.899106 -4.47808e-13
0.26289 -0.903586 -2.90101e-13
0.219368 -0.908938 -1.7325e-13
0.172168 -0.914958 -1.01141e-13
0.123105 -0.921414 -7.67719e-14
0.0740647 -0.928057 -1.01086e-13
0.026931 -0.934633 -1.72751e-13
-0.0164846 -0.940888 -2.89602e-13
-0.0545136 -0.946583 -4.46976e-13
-0.0856948 -0.951498 -6.386e-13
-0.10883 -0.955444 -8.5737e-13
-0.12303 -0.958271 -1.09479e-12
-0.127749 -0.959869 -1.34187e-12
-0.122806 -0.960177 -1.58873e-12
-0.10839 -0.959183 -1.82598e-12
-0.0850565 -0.956925 -2.04503e-12
-0.0537012 -0.95349 -2.23704e-12
-0.0155292 -0.949011 -2.39436e-12
0.0279926 -0.943658 -2.51138e-12
0.0751916 -0.937638 -2.58371e-12
0.124254 -0.931183 -2.6078e-12
0.173295 -0.92454 -2.58399e-12
0.220429 -0.917964 -2.51166e-12
0.263846 -0.911709 -2.39475e-12
0.301876 -0.906014 -2.2376e-12
0.333059 -0.901098 -2.04592e-12
0.356196 -0.897151 -1.82715e-12
0.370398 -0.894324 -1.59001e-12
0.375119 -0.892726 -1.34293e-12
0.370178 -0.892418 -1.09585e-12
0.355765 -0.893412 -8.5848e-13
0.332433 -0.895669 -6.39599e-13
0.301079 -0.899104 -4.47975e-13
0.262909 -0.903583 -2.8999e-13
0.219388 -0.908936 -1.73306e-13
0.172189 -0.914955 -1.01252e-13
0.337441 -0.89719 -1.04383e-12
0.333224 -0.89693 -8.34222e-13
0.320952 -0.897777 -6.32328e-13
0.301097 -0.899699 -4.46199e-13
0.274422 -0.902622 -2.83218e-13
0.241951 -0.906433 -1.49158e-13
0.204932 -0.910986 -4.99045e-14
0.164788 -0.916106 1.14353e-14
0.123062 -0.921596 3.20299e-14
0.0813572 -0.927246 1.16018e-14
0.041276 -0.932838 -4.97935e-14
0.00435876 -0.938157 -1.49103e-13
-0.0279758 -0.942999 -2.82829e-13
-0.0544851 -0.947179 -4.46032e-13
-0.0741504 -0.950534 -6.32272e-13
-0.0862161 -0.952936 -8.34e-13
-0.0902185 -0.954294 -1.04389e-12
-0.0860038 -0.954554 -1.254e-12
-0.0737339 -0.953707 -1.45589e-12
-0.0538804 -0.951786 -1.64219e-12
-0.0272061 -0.948864 -1.80506e-12
0.0052638 -0.945053 -1.93884e-12
0.0422816 -0.9405 -2.03881e-12
0.0824248 -0.93538 -2.1001e-12
0.124151 -0.92989 -2.12058e-12
0.165856 -0.92424 -2.09999e-12
0.205938 -0.918648 -2.03842e-12
0.242856 -0.913328 -1.93923e-12
0.275191 -0.908486 -1.80539e-12
0.301702 -0.904307 -1.6423e-12
0.321369 -0.900951 -1.45617e-12
0.333436 -0.898549 -1.25427e-12
0.337441 -0.897191 -1.04439e-12
0.333228 -0.89693 -8.34388e-13
0.32096 -0.897777 -6.32328e-13
0.301108 -0.899698 -4.46088e-13
0.274435 -0.90262 -2.83218e-13
0.241966 -0.906431 -1.49381e-13
0.204949 -0.910983 -4.996e-14
0.164806 -0.916103 1.14353e-14
0.123081 -0.921594 3.20299e-14
0.0813754 -0.927243 1.12688e-14
0.0412931 -0.932836 -4.96825e-14
0.00437416 -0.938155 -1.49047e-13
-0.0279627 -0.942997 -2.82885e-13
-0.0544748 -0.947177 -4.4581e-13
-0.0741434 -0.950533 -6.31994e-13
-0.0862126 -0.952936 -8.33889e-13
-0.0902186 -0.954294 -1.04405e-12
-0.0860075 -0.954554 -1.25394e-12
-0.073741 -0.953708 -1.45578e-12
-0.0538907 -0.951787 -1.64202e-12
-0.0272193 -0.948865 -1.80511e-12
0.00524835 -0.945055 -1.939e-12
0.0422644 -0.940502 -2.03842e-12
0.0824066 -0.935382 -2.09988e-12
0.124132 -0.929892 -2.12036e-12
0.165838 -0.924242 -2.09988e-12
0.20592 -0.91865 -2.03848e-12
0.24284 -0.913331 -1.93928e-12
0.275178 -0.908488 -1.80567e-12
0.301692 -0.904308 -1.64224e-12
0.321362 -0.900953 -1.45622e-12
0.333433 -0.898549 -1.25439e-12
0.337441 -0.897191 -1.0445e-12
0.333231 -0.89693 -8.3461e-13
0.320967 -0.897776 -6.32661e-13
0.301118 -0.899697 -4.46254e-13
0.274448 -0.902619 -2.83107e-13
0.241981 -0.906429 -1.49492e-13
0.204966 -0.910981 -5.00155e-14
0.164825 -0.916101 1.14908e-14
0.123099 -0.921591 3.20854e-14
0.0813936 -0.927241 1.15463e-14
0.0413102 -0.932833 -4.93494e-14
0.00438957 -0.938153 -1.49158e-13
-0.0279496 -0.942995 -2.8294e-13
-0.0544645 -0.947175 -4.45866e-13
-0.0741363 -0.950531 -6.31828e-13
-0.086209 -0.952935 -8.34055e-13
-0.0902186 -0.954293 -1.04367e-12
-0.0860111 -0.954555 -1.254e-12
-0.0737482 -0.953709 -1.45589e-12
-0.0539011 -0.951788 -1.64185e-12
-0.0272324 -0.948867 -1.80506e-12
0.00523289 -0.945057 -1.939e-12
0.0422473 -0.940504 -2.03848e-12
0.0823883 -0.935385 -2.09982e-12
0.124114 -0.929894 -2.12069e-12
0.165819 -0.924245 -2.09999e-12
0.205903 -0.918653 -2.03892e-12
0.242825 -0.913333 -1.9395e-12
0.275165 -0.90849 -1.8055e-12
0.301681 -0.90431 -1.64252e-12
0.321355 -0.900954 -1.45628e-12
0.333429 -0.89855 -1.25466e-12
0.337441 -0.897191 -1.04433e-12
0.333235 -0.89693 -8.3461e-13
0.320974 -0.897775 -6.32716e-13
0.301128 -0.899696 -4.46643e-13
0.274461 -0.902617 -2.83162e-13
0.241997 -0.906427 -1.49603e-13
0.204983 -0.910979 -4.996e-14
0.164843 -0.916099 1.14908e-14
0.123118 -0.921589 3.2252e-14
0.0814118 -0.927238 1.18239e-14
0.0413273 -0.932831 -4.9738e-14
0.00440497 -0.93815 -1.49103e-13
-0.0279365 -0.942993 -2.82774e-13
-0.0544543 -0.947173 -4.45699e-13
-0.0741293 -0.95053 -6.31883e-13
-0.0862054 -0.952934 -8.33833e-13
-0.0902187 -0.954293 -1.04383e-12
-0.0860148 -0.954555 -1.25377e-12
-0.0737553 -0.953709 -1.45545e-12
-0.0539114 -0.951789 -1.6418e-12
0.291558 -0.902853 -7.99527e-13
0.288245 -0.902649 -6.34326e-13
0.278603 -0.903314 -4.76008e-13
0.263003 -0.904824 -3.2957e-13
0.242044 -0.90712 -2.01339e-13
0.216531 -0.910115 -9.65894e-14
0.187445 -0.913692 -1.79301e-14
0.155904 -0.917715 2.9865e-14
0.123119 -0.922029 4.61298e-14
0.0903509 -0.926468 3.0087e-14
0.0588586 -0.930862 -1.82077e-14
0.0298524 -0.935041 -9.63118e-14
0.00444678 -0.938846 -2.0145e-13
-0.0163819 -0.942129 -3.29514e-13
-0.0318332 -0.944765 -4.7562e-13
-0.0413133 -0.946653 -6.34326e-13
-0.044458 -0.94772 -7.99305e-13
-0.0411465 -0.947924 -9.64617e-13
-0.0315059 -0.947259 -1.12299e-12
-0.0159067 -0.945749 -1.26937e-12
0.00505152 -0.943453 -1.39727e-12
0.0305635 -0.940459 -1.50258e-12
0.0596488 -0.936882 -1.58046e-12
0.0911897 -0.932859 -1.62909e-12
0.123974 -0.928545 -1.64513e-12
0.156742 -0.924106 -1.62892e-12
0.188235 -0.919712 -1.5809e-12
0.217242 -0.915533 -1.50252e-12
0.242648 -0.911728 -1.39744e-12
0.263478 -0.908444 -1.26943e-12
0.278931 -0.905808 -1.12327e-12
0.288412 -0.90392 -9.64506e-13
0.291558 -0.902853 -7.99361e-13
0.288248 -0.902648 -6.34659e-13
0.278609 -0.903314 -4.76064e-13
0.263011 -0.904823 -3.29625e-13
0.242054 -0.907119 -2.01394e-13
0.216543 -0.910113 -9.66449e-14
0.187458 -0.91369 -1.79301e-14
0.155918 -0.917713 2.9865e-14
0.123133 -0.922027 4.61298e-14
0.0903652 -0.926466 2.99205e-14
0.0588721 -0.93086 -1.82077e-14
0.0298645 -0.935039 -9.62008e-14
0.00445706 -0.938844 -2.01172e-13
-0.0163738 -0.942128 -3.29181e-13
-0.0318276 -0.944764 -4.75675e-13
-0.0413105 -0.946653 -6.3427e-13
-0.0444581 -0.94772 -7.98916e-13
-0.0411493 -0.947925 -9.64451e-13
-0.0315115 -0.94726 -1.12316e-12
-0.0159149 -0.94575 -1.26921e-12
0.00504118 -0.943454 -1.39727e-12
0.0305513 -0.940461 -1.50241e-12
0.0596353 -0.936883 -1.5804e-12
0.0911754 -0.932861 -1.62881e-12
0.12396 -0.928547 -1.64507e-12
0.156728 -0.924108 -1.62909e-12
0.188222 -0.919714 -1.58068e-12
0.21723 -0.915535 -1.50246e-12
0.242638 -0.91173 -1.3976e-12
0.26347 -0.908446 -1.2696e-12
0.278925 -0.905809 -1.12332e-12
0.288409 -0.903921 -9.64395e-13
0.291558 -0.902854 -7.99472e-13
0.288251 -0.902648 -6.34881e-13
0.278615 -0.903313 -4.7623e-13
0.263019 -0.904822 -3.29736e-13
0.242064 -0.907118 -2.01394e-13
0.216555 -0.910112 -9.65339e-14
0.187472 -0.913689 -1.80966e-14
0.155932 -0.917711 2.96985e-14
0.123148 -0.922025 4.58522e-14
0.0903795 -0.926464 2.9976e-14
0.0588855 -0.930858 -1.79301e-14
0.0298766 -0.935038 -9.63118e-14
0.00446734 -0.938843 -2.01228e-13
-0.0163657 -0.942127 -3.29292e-13
-0.0318221 -0.944763 -4.75731e-13
-0.0413077 -0.946652 -6.34159e-13
-0.0444581 -0.947719 -7.99361e-13
-0.0411522 -0.947925 -9.64229e-13
-0.0315171 -0.94726 -1.12305e-12
-0.015923 -0.945751 -1.26937e-12
0.00503085 -0.943456 -1.39705e-12
0.0305392 -0.940462 -1.50235e-12
0.0596218 -0.936885 -1.58068e-12
0.0911611 -0.932863 -1.62886e-12
0.123945 -0.928549 -1.64513e-12
0.156714 -0.92411 -1.62897e-12
0.188208 -0.919716 -1.58079e-12
0.239236 -0.909495 -6.17228e-13
0.236953 -0.909354 -5.04152e-13
0.230312 -0.909812 -3.94906e-13
0.219565 -0.910853 -2.93821e-13
0.205128 -0.912434 -2.05835e-13
0.187554 -0.914497 -1.33449e-13
0.167518 -0.916961 -7.92699e-14
0.145791 -0.919732 -4.65183e-14
0.123208 -0.922704 -3.50275e-14
0.100636 -0.925762 -4.61853e-14
0.0789429 -0.928788 -7.93809e-14
0.0589623 -0.931667 -1.33393e-13
0.0414619 -0.934288 -2.0578e-13
0.0271143 -0.93655 -2.93765e-13
0.0164709 -0.938366 -3.94684e-13
0.00994059 -0.939666 -5.03819e-13
0.00777439 -0.940401 -6.17506e-13
0.0100555 -0.940542 -7.31248e-13
0.0166963 -0.940083 -8.40827e-13
0.0274416 -0.939043 -9.4097e-13
0.0418785 -0.937462 -1.02968e-12
0.0594521 -0.935399 -1.10223e-12
0.0794872 -0.932935 -1.15558e-12
0.101214 -0.930164 -1.18922e-12
0.123797 -0.927192 -1.20026e-12
0.146369 -0.924135 -1.18883e-12
0.168062 -0.921108 -1.15613e-12
0.188043 -0.918229 -1.10206e-12
0.205544 -0.915608 -1.02968e-12
0.219893 -0.913346 -9.41469e-13
0.230537 -0.91153 -8.40716e-13
0.237068 -0.91023 -7.31581e-13
0.239236 -0.909495 -6.17506e-13
0.236955 -0.909354 -5.04374e-13
0.230316 -0.909812 -3.94851e-13
0.219571 -0.910852 -2.94043e-13
0.205135 -0.912433 -2.05724e-13
0.187562 -0.914496 -1.33449e-13
0.167527 -0.91696 -7.93809e-14
0.145801 -0.919731 -4.65183e-14
0.123218 -0.922703 -3.50275e-14
0.100646 -0.92576 -4.65183e-14
0.0789522 -0.928787 -7.94365e-14
0.0589706 -0.931666 -1.3306e-13
0.041469 -0.934287 -2.05669e-13
0.0271199 -0.936549 -2.93932e-13
0.0164747 -0.938365 -3.94684e-13
0.00994253 -0.939666 -5.04152e-13
0.00777437 -0.940401 -6.17451e-13
0.0100535 -0.940542 -7.31137e-13
0.0166925 -0.940084 -8.40716e-13
0.027436 -0.939044 -9.41247e-13
0.0418714 -0.937463 -1.02973e-12
0.0594437 -0.9354 -1.10179e-12
0.0794779 -0.932936 -1.15585e-12
0.101204 -0.930165 -1.18899e-12
0.123787 -0.927194 -1.20032e-12
0.146359 -0.924136 -1.1891e-12
0.168053 -0.921109 -1.15613e-12
0.188035 -0.91823 -1.10206e-12
0.205537 -0.915609 -1.02973e-12
0.219887 -0.913347 -9.41469e-13
0.230533 -0.911531 -8.40883e-13
0.182483 -0.91686 -5.0554e-13
0.181319 -0.916789 -4.47808e-13
0.177933 -0.917022 -3.9202e-13
0.172454 -0.917553 -3.40394e-13
0.165093 -0.918359 -2.95541e-13
0.156133 -0.919411 -2.58737e-13
0.145917 -0.920667 -2.31204e-13
0.13484 -0.92208 -2.14162e-13
0.123326 -0.923595 -2.08777e-13
0.111817 -0.925154 -2.14329e-13
0.100757 -0.926697 -2.31148e-13
0.0905698 -0.928165 -2.58571e-13
0.0816472 -0.929501 -2.95597e-13
0.0743321 -0.930655 -3.40727e-13
0.0689055 -0.93158 -3.91853e-13
0.065576 -0.932243 -4.47642e-13
0.0644715 -0.932618 -5.05485e-13
0.0656346 -0.93269 -5.63605e-13
0.0690204 -0.932456 -6.19227e-13
0.0744989 -0.931926 -6.70797e-13
0.0818596 -0.93112 -7.15539e-13
0.0908196 -0.930068 -7.52509e-13
0.101035 -0.928812 -7.79987e-13
0.112112 -0.927399 -7.96641e-13
0.123626 -0.925884 -8.02802e-13
0.135134 -0.924325 -7.96918e-13
0.146195 -0.922782 -7.79987e-13
0.156382 -0.921314 -7.52898e-13
0.165305 -0.919977 -7.15761e-13
0.172621 -0.918824 -6.70963e-13
0.178048 -0.917898 -6.19393e-13
0.181378 -0.917235 -5.6366e-13
0.123481 -0.924667 -4.67792e-13
