0.35145 -0.586552 0.0096694
0.464879 -0.517991 0.00940568
0.46218 -0.518441 0.00942325
0.455215 -0.521491 0.00944014
0.444253 -0.527024 0.0094557
0.429715 -0.534829 0.00946934
0.412158 -0.544604 0.00948054
0.392259 -0.555974 0.00948886
0.370781 -0.568502 0.00949398
0.348551 -0.581707 0.00949571
0.326421 -0.595081 0.00949398
0.305244 -0.608111 0.00948886
0.285832 -0.620296 0.00948054
0.268931 -0.631167 0.00946935
0.255192 -0.640306 0.0094557
0.245141 -0.647363 0.00944014
0.239166 -0.652066 0.00942325
0.237495 -0.654235 0.00940569
0.240193 -0.653786 0.00938812
0.247157 -0.650736 0.00937123
0.258119 -0.645203 0.00935567
0.272656 -0.6374 0.00934202
0.290212 -0.627625 0.00933083
0.310111 -0.616255 0.00932251
0.331588 -0.603727 0.00931738
0.353819 -0.590522 0.00931565
0.375948 -0.577148 0.00931738
0.397126 -0.564118 0.0093225
0.416539 -0.551933 0.00933082
0.43344 -0.541062 0.00934202
0.44718 -0.531922 0.00935566
0.457232 -0.524865 0.00937122
0.463208 -0.520161 0.00938811
0.573424 -0.451188 0.00862466
0.568129 -0.45207 0.00865912
0.554467 -0.458053 0.00869224
0.532964 -0.468907 0.00872278
0.504446 -0.484215 0.00874954
0.470008 -0.50339 0.0087715
0.430974 -0.525693 0.00878782
0.388844 -0.550268 0.00879787
0.345237 -0.576171 0.00880126
0.301829 -0.602406 0.00879787
0.260287 -0.627965 0.00878782
0.222209 -0.651865 0.0087715
0.189058 -0.673189 0.00874954
0.162106 -0.691117 0.00872278
0.142391 -0.70496 0.00869225
0.13067 -0.714186 0.00865912
0.127393 -0.71844 0.00862467
0.132686 -0.717559 0.00859022
0.146346 -0.711577 0.00855709
0.167848 -0.700724 0.00852656
0.196365 -0.685416 0.00849979
0.230802 -0.666242 0.00847783
0.269835 -0.64394 0.00846151
0.311964 -0.619365 0.00845146
0.355571 -0.593462 0.00844806
0.398979 -0.567227 0.00845145
0.440521 -0.541668 0.0084615
0.4786 -0.517767 0.00847782
0.511753 -0.496443 0.00849978
0.538706 -0.478514 0.00852654
0.558423 -0.46467 0.00855707
0.570146 -0.455444 0.0085902
0.573425 -0.451188 0.00862465
0.568133 -0.452068 0.0086591
0.554475 -0.458049 0.00869223
0.532975 -0.468901 0.00872276
0.50446 -0.484208 0.00874953
0.470024 -0.503381 0.00877149
0.430992 -0.525683 0.00878781
0.388863 -0.550257 0.00879787
0.345256 -0.576159 0.00880126
0.301847 -0.602394 0.00879788
0.260305 -0.627954 0.00878783
0.222225 -0.651855 0.00877151
0.189071 -0.673181 0.00874955
0.162117 -0.69111 0.0087228
0.142398 -0.704955 0.00869227
0.130674 -0.714183 0.00865914
0.127393 -0.718439 0.00862469
0.132682 -0.71756 0.00859023
0.146338 -0.711581 0.0085571
0.167837 -0.700729 0.00852657
0.196351 -0.685424 0.0084998
0.230785 -0.666252 0.00847784
0.269817 -0.64395 0.00846151
0.311945 -0.619376 0.00845146
0.355552 -0.593474 0.00844806
0.398961 -0.567239 0.00845145
0.440504 -0.541679 0.00846149
0.478585 -0.517777 0.00847781
0.51174 -0.496451 0.00849977
0.538696 -0.478521 0.00852652
0.558416 -0.464675 0.00855705
0.672913 -0.388708 0.00735636
0.665226 -0.389989 0.00740637
0.645392 -0.398675 0.00745447
0.614174 -0.414433 0.00749879
0.572772 -0.436658 0.00753765
0.522775 -0.464494 0.00756953
0.466107 -0.496874 0.00759322
0.404944 -0.532552 0.00760781
0.341636 -0.570157 0.00761274
0.278617 -0.608244 0.00760782
0.218308 -0.645349 0.00759323
0.163027 -0.680048 0.00756954
0.114899 -0.711005 0.00753765
0.0757717 -0.737033 0.0074988
0.0471499 -0.757129 0.00745448
0.0301333 -0.770523 0.00740638
0.0253758 -0.776699 0.00735637
0.0330602 -0.77542 0.00730635
0.0528913 -0.766736 0.00725825
0.0841068 -0.750979 0.00721393
0.125507 -0.728756 0.00717507
0.175502 -0.70092 0.00714319
0.232169 -0.668542 0.00711949
0.293332 -0.632864 0.0071049
0.356639 -0.59526 0.00709997
0.419658 -0.557172 0.00710489
0.479968 -0.520066 0.00711948
0.53525 -0.485367 0.00714317
0.583381 -0.454409 0.00717505
0.62251 -0.42838 0.0072139
0.651134 -0.408282 0.00725822
0.668153 -0.394887 0.00730632
0.672914 -0.388709 0.00735633
0.665232 -0.389987 0.00740635
0.645404 -0.39867 0.00745445
0.61419 -0.414425 0.00749878
0.572792 -0.436647 0.00753763
0.522799 -0.464481 0.00756952
0.466133 -0.496859 0.00759321
0.404971 -0.532535 0.00760781
0.341664 -0.57014 0.00761274
0.278644 -0.608227 0.00760782
0.218334 -0.645334 0.00759324
0.16305 -0.680033 0.00756955
0.114918 -0.710993 0.00753767
0.0757867 -0.737022 0.00749882
0.0471601 -0.757122 0.0074545
0.0301382 -0.770518 0.00740641
0.0253752 -0.776698 0.00735639
0.0330541 -0.775422 0.00730637
0.0528799 -0.766741 0.00725827
0.0840907 -0.750987 0.00721394
0.125487 -0.728767 0.00717509
0.175478 -0.700934 0.0071432
0.232143 -0.668557 0.0071195
0.293304 -0.632881 0.0071049
0.356611 -0.595277 0.00709997
0.419631 -0.557189 0.00710489
0.479942 -0.520082 0.00711947
0.535227 -0.485382 0.00714316
0.583361 -0.454421 0.00717503
0.622495 -0.428391 0.00721388
0.651124 -0.40829 0.0072582
0.668149 -0.394892 0.00730629
0.672914 -0.388711 0.00735631
0.665238 -0.389984 0.00740633
0.645415 -0.398664 0.00745443
0.614207 -0.414416 0.00749876
0.572812 -0.436635 0.00753761
0.522823 -0.464468 0.00756951
0.466159 -0.496844 0.00759321
0.404999 -0.532519 0.00760781
0.341692 -0.570123 0.00761274
0.278672 -0.60821 0.00760782
0.21836 -0.645318 0.00759324
0.163073 -0.680019 0.00756956
0.114937 -0.71098 0.00753768
0.0758018 -0.737012 0.00749884
0.0471702 -0.757114 0.00745452
0.030143 -0.770514 0.00740643
0.0253745 -0.776697 0.00735641
0.033048 -0.775425 0.00730639
0.0528686 -0.766746 0.00725829
0.0840745 -0.750996 0.00721396
0.125467 -0.728778 0.0071751
0.175454 -0.700947 0.00714321
0.232117 -0.668572 0.00711951
0.293276 -0.632897 0.00710491
0.356583 -0.595293 0.00709997
0.419604 -0.557206 0.00710488
0.479917 -0.520098 0.00711946
0.759523 -0.332955 0.0056495
0.749739 -0.334584 0.00571316
0.724495 -0.34564 0.00577437
0.684762 -0.365696 0.00583079
0.632067 -0.393983 0.00588024
0.568434 -0.429412 0.00592082
0.496308 -0.470623 0.00595097
0.418462 -0.516033 0.00596954
0.337887 -0.563895 0.00597582
0.257679 -0.612371 0.00596955
0.18092 -0.659597 0.00595098
0.110561 -0.70376 0.00592083
0.0493044 -0.743162 0.00588025
-0.000494947 -0.776288 0.0058308
-0.0369236 -0.801866 0.00577439
-0.0585816 -0.818913 0.00571317
-0.0646367 -0.826774 0.00564951
-0.0548563 -0.825146 0.00558585
-0.0296162 -0.814093 0.00552464
0.0101137 -0.794038 0.00546822
0.0628067 -0.765754 0.00541877
0.126438 -0.730325 0.00537819
0.198562 -0.689115 0.00534803
0.276407 -0.643707 0.00532945
0.356982 -0.595845 0.00532318
0.43719 -0.547369 0.00532945
0.51395 -0.500142 0.00534801
0.584311 -0.455978 0.00537816
0.64557 -0.416576 0.00541874
0.695372 -0.383448 0.00546818
0.731804 -0.357868 0.0055246
0.753465 -0.340819 0.00558581
0.759524 -0.332956 0.00564947
0.749747 -0.334582 0.00571313
0.72451 -0.345633 0.00577435
0.684783 -0.365685 0.00583076
0.632093 -0.393968 0.00588022
0.568464 -0.429395 0.0059208
0.496341 -0.470604 0.00595096
0.418497 -0.516012 0.00596954
0.337922 -0.563873 0.00597582
0.257713 -0.612349 0.00596955
0.180953 -0.659577 0.00595099
0.11059 -0.703741 0.00592084
0.0493291 -0.743145 0.00588027
-0.000475768 -0.776275 0.00583082
-0.0369106 -0.801857 0.00577441
-0.0585754 -0.818907 0.0057132
-0.0646376 -0.826772 0.00564954
-0.0548641 -0.825149 0.00558588
-0.0296306 -0.8141 0.00552466
0.0100932 -0.794049 0.00546824
0.0627808 -0.765768 0.00541879
0.126408 -0.730342 0.0053782
0.198528 -0.689134 0.00534804
0.276372 -0.643728 0.00532946
0.356946 -0.595866 0.00532318
0.437156 -0.54739 0.00532944
0.513917 -0.500162 0.005348
0.584282 -0.455997 0.00537815
0.645545 -0.416592 0.00541872
0.695353 -0.383461 0.00546816
0.731791 -0.357877 0.00552457
0.753459 -0.340824 0.00558578
0.759524 -0.332957 0.00564944
0.749754 -0.334579 0.0057131
0.724524 -0.345626 0.00577432
0.684804 -0.365675 0.00583074
0.632119 -0.393954 0.0058802
0.568494 -0.429378 0.00592079
0.496375 -0.470585 0.00595095
0.418532 -0.515991 0.00596953
0.337958 -0.563852 0.00597582
0.257748 -0.612328 0.00596956
0.180985 -0.659557 0.005951
0.110619 -0.703723 0.00592086
0.0493538 -0.743129 0.00588029
-0.000456587 -0.776262 0.00583085
-0.0368977 -0.801847 0.00577444
-0.0585693 -0.818902 0.00571323
-0.0646384 -0.826771 0.00564957
-0.0548719 -0.825152 0.00558591
-0.0296451 -0.814106 0.00552469
0.0100726 -0.79406 0.00546827
0.0627549 -0.765782 0.00541881
0.126377 -0.730359 0.00537822
0.198495 -0.689154 0.00534805
0.276336 -0.643748 0.00532947
0.35691 -0.595888 0.00532318
0.437121 -0.547412 0.00532944
0.513885 -0.500183 0.00534799
0.584253 -0.456016 0.00537813
0.64552 -0.416608 0.0054187
0.695333 -0.383474 0.00546814
0.731778 -0.357887 0.00552454
0.753453 -0.34083 0.00558575
0.759525 -0.332959 0.00564941
0.749762 -0.334576 0.00571308
0.724539 -0.345619 0.00577429
0.684824 -0.365664 0.00583072
0.632144 -0.39394 0.00588018
0.568524 -0.429361 0.00592077
0.496408 -0.470566 0.00595094
0.418568 -0.51597 0.00596953
0.337994 -0.56383 0.00597582
0.257783 -0.612307 0.00596956
0.181018 -0.659536 0.00595101
0.110649 -0.703704 0.00592087
0.0493785 -0.743113 0.00588031
-0.000437403 -0.776249 0.00583087
-0.0368848 -0.801838 0.00577446
-0.0585631 -0.818896 0.00571326
-0.0646392 -0.826769 0.0056496
-0.0548797 -0.825154 0.00558593
-0.0296595 -0.814113 0.00552471
0.0100521 -0.79407 0.00546829
0.829925 -0.286069 0.00356968
0.818421 -0.287985 0.00364454
0.788737 -0.300985 0.00371652
0.742016 -0.324569 0.00378286
0.680053 -0.35783 0.003841
0.605228 -0.399491 0.00388872
0.520417 -0.44795 0.00392418
0.428879 -0.501346 0.00394602
0.334133 -0.557626 0.00395339
0.239818 -0.614628 0.00394602
0.149559 -0.670161 0.00392419
0.0668252 -0.722091 0.00388873
-0.00520469 -0.768422 0.00384102
-0.0637626 -0.807374 0.00378287
-0.106598 -0.837451 0.00371654
-0.132065 -0.857496 0.00364456
-0.139186 -0.86674 0.0035697
-0.127685 -0.864826 0.00349484
-0.0980056 -0.851828 0.00342286
-0.0512881 -0.828247 0.00335652
0.0106724 -0.794987 0.00329837
0.0854947 -0.753328 0.00325065
0.170304 -0.70487 0.00321519
0.26184 -0.651475 0.00319335
0.356587 -0.595196 0.00318597
0.450902 -0.538194 0.00319334
0.541162 -0.482661 0.00321517
0.623898 -0.43073 0.00325062
0.69593 -0.384397 0.00329834
0.754492 -0.345442 0.00335648
0.797331 -0.315364 0.00342282
0.822802 -0.295316 0.00349479
0.829926 -0.286071 0.00356965
0.81843 -0.287982 0.00364451
0.788754 -0.300977 0.00371649
0.74204 -0.324556 0.00378283
0.680083 -0.357814 0.00384098
0.605263 -0.399471 0.0038887
0.520456 -0.447928 0.00392417
0.428921 -0.501322 0.00394601
0.334175 -0.557601 0.00395339
0.239859 -0.614603 0.00394603
0.149598 -0.670137 0.0039242
0.0668597 -0.722069 0.00388875
-0.00517564 -0.768403 0.00384104
-0.06374 -0.807359 0.0037829
-0.106583 -0.83744 0.00371657
-0.132058 -0.85749 0.00364459
-0.139186 -0.866738 0.00356973
-0.127694 -0.864829 0.00349488
-0.0980226 -0.851836 0.00342289
-0.0513123 -0.828259 0.00335655
0.0106419 -0.795004 0.0032984
0.0854592 -0.753348 0.00325067
0.170264 -0.704893 0.0032152
0.261799 -0.6515 0.00319336
0.356544 -0.595221 0.00318597
0.450861 -0.538219 0.00319333
0.541123 -0.482685 0.00321516
0.623863 -0.430752 0.00325061
0.695901 -0.384416 0.00329832
0.754469 -0.345458 0.00335645
0.797316 -0.315375 0.00342278
0.822795 -0.295323 0.00349476
0.829927 -0.286072 0.00356962
0.818439 -0.287979 0.00364447
0.788771 -0.300969 0.00371646
0.742065 -0.324544 0.0037828
0.680114 -0.357797 0.00384096
0.605299 -0.399451 0.00388869
0.520495 -0.447905 0.00392416
0.428962 -0.501297 0.00394601
0.334217 -0.557576 0.00395339
0.2399 -0.614578 0.00394603
0.149636 -0.670113 0.00392421
0.0668941 -0.722047 0.00388877
-0.0051466 -0.768384 0.00384106
-0.0637175 -0.807344 0.00378293
-0.106568 -0.837429 0.0037166
-0.132051 -0.857483 0.00364462
-0.139187 -0.866736 0.00356977
-0.127703 -0.864832 0.00349491
-0.0980396 -0.851845 0.00342292
-0.0513364 -0.828272 0.00335658
0.0106115 -0.795021 0.00329842
0.0854237 -0.753368 0.00325069
0.170225 -0.704915 0.00321522
0.261757 -0.651524 0.00319336
0.356502 -0.595246 0.00318597
0.45082 -0.538244 0.00319333
0.541085 -0.482708 0.00321515
0.623829 -0.430773 0.00325059
0.695872 -0.384435 0.00329829
0.754446 -0.345473 0.00335643
0.7973 -0.315386 0.00342275
0.822788 -0.295329 0.00349473
0.829928 -0.286074 0.00356958
0.818448 -0.287975 0.00364444
0.788788 -0.300961 0.00371643
0.742089 -0.324531 0.00378278
0.680144 -0.35778 0.00384093
0.605334 -0.399431 0.00388867
0.520535 -0.447883 0.00392414
0.429004 -0.501273 0.003946
0.334259 -0.557551 0.00395339
0.239941 -0.614553 0.00394604
0.149675 -0.670089 0.00392423
0.0669285 -0.722025 0.00388879
-0.00511755 -0.768365 0.00384109
-0.0636949 -0.807328 0.00378296
-0.106553 -0.837418 0.00371663
-0.132044 -0.857477 0.00364465
-0.139188 -0.866735 0.0035698
-0.127712 -0.864836 0.00349494
-0.0980566 -0.851853 0.00342295
-0.0513606 -0.828285 0.00335661
0.0105811 -0.795037 0.00329844
0.0853882 -0.753388 0.00325071
0.170186 -0.704938 0.00321523
0.261716 -0.651549 0.00319337
0.35646 -0.595271 0.00318597
0.450779 -0.538269 0.00319332
0.541046 -0.482732 0.00321513
0.623795 -0.430795 0.00325057
0.695843 -0.384454 0.00329827
0.754424 -0.345489 0.0033564
0.797285 -0.315397 0.00342272
0.82278 -0.295336 0.0034947
0.829929 -0.286075 0.00356955
0.818457 -0.287972 0.00364441
0.788805 -0.300953 0.0037164
0.742113 -0.324518 0.00378275
0.680174 -0.357764 0.00384091
0.60537 -0.399411 0.00388865
0.520574 -0.44786 0.00392413
0.429045 -0.501249 0.00394599
0.881415 -0.249853 0.00119683
0.868632 -0.251982 0.00128001
0.835649 -0.266427 0.00135999
0.783736 -0.292632 0.0014337
0.714885 -0.32959 0.00149831
0.631744 -0.375881 0.00155133
0.537507 -0.429726 0.00159073
0.435796 -0.489057 0.001615
0.330519 -0.551592 0.00162319
0.225721 -0.614929 0.001615
0.125431 -0.676634 0.00159074
0.0335017 -0.734335 0.00155134
-0.0465338 -0.785816 0.00149832
-0.1116 -0.829098 0.00143372
-0.159197 -0.862517 0.00136001
-0.187494 -0.88479 0.00128003
-0.195406 -0.895061 0.00119685
-0.182627 -0.892934 0.00111368
-0.149649 -0.878492 0.00103369
-0.0977391 -0.85229 0.000959982
-0.0288921 -0.815334 0.000895372
0.0542462 -0.769045 0.000842346
0.148481 -0.715201 0.000802943
0.250191 -0.655872 0.000778676
0.355468 -0.593337 0.000770478
0.460266 -0.53 0.000778665
0.560558 -0.468294 0.000802921
0.652489 -0.410592 0.000842315
0.732528 -0.359109 0.000895332
0.797597 -0.315825 0.000959936
0.845198 -0.282403 0.00103364
0.8735 -0.260128 0.00111362
0.881416 -0.249855 0.0011968
0.868642 -0.251978 0.00127998
0.835668 -0.266418 0.00135996
0.783762 -0.292618 0.00143367
0.714919 -0.329571 0.00149828
0.631783 -0.375859 0.00155131
0.537551 -0.429701 0.00159072
0.435842 -0.489029 0.00161499
0.330565 -0.551564 0.00162319
0.225767 -0.614901 0.00161501
0.125474 -0.676607 0.00159076
0.03354 -0.734311 0.00155136
-0.0465015 -0.785795 0.00149835
-0.111575 -0.829081 0.00143375
-0.15918 -0.862505 0.00136004
-0.187486 -0.884783 0.00128007
-0.195407 -0.895059 0.00119689
-0.182637 -0.892938 0.00111371
-0.149668 -0.878501 0.00103373
-0.0977659 -0.852304 0.000960013
-0.0289259 -0.815352 0.000895398
0.0542067 -0.769067 0.000842366
0.148437 -0.715226 0.000802957
0.250145 -0.655899 0.000778683
0.355421 -0.593365 0.000770478
0.46022 -0.530028 0.000778658
0.560515 -0.468321 0.000802907
0.652451 -0.410616 0.000842295
0.732495 -0.35913 0.000895306
0.797572 -0.315842 0.000959905
0.845181 -0.282416 0.00103361
0.873492 -0.260135 0.00111359
0.881417 -0.249856 0.00119676
0.868652 -0.251975 0.00127994
0.835687 -0.266409 0.00135992
0.783789 -0.292604 0.00143364
0.714953 -0.329553 0.00149826
0.631823 -0.375837 0.00155129
0.537594 -0.429676 0.00159071
0.435888 -0.489002 0.00161498
0.330612 -0.551536 0.00162319
0.225813 -0.614873 0.00161502
0.125517 -0.67658 0.00159077
0.0335782 -0.734287 0.00155139
-0.0464693 -0.785774 0.00149838
-0.11155 -0.829064 0.00143378
-0.159163 -0.862493 0.00136008
-0.187478 -0.884776 0.0012801
-0.195408 -0.895057 0.00119693
-0.182647 -0.892942 0.00111375
-0.149687 -0.87851 0.00103376
-0.0977928 -0.852318 0.000960044
-0.0289597 -0.815371 0.000895424
0.0541673 -0.769089 0.000842387
0.148394 -0.715251 0.000802971
0.250099 -0.655926 0.00077869
0.355375 -0.593393 0.000770478
0.460175 -0.530055 0.000778651
0.560472 -0.468347 0.000802893
0.652413 -0.41064 0.000842274
0.732463 -0.359151 0.00089528
0.797547 -0.315859 0.000959874
0.845164 -0.282428 0.00103357
0.873484 -0.260142 0.00111355
0.881418 -0.249858 0.00119672
0.868662 -0.251971 0.0012799
0.835706 -0.2664 0.00135989
0.783816 -0.29259 0.00143361
0.714987 -0.329534 0.00149823
0.631862 -0.375814 0.00155127
0.537638 -0.429651 0.00159069
0.435934 -0.488975 0.00161498
0.330659 -0.551508 0.00162319
0.225858 -0.614845 0.00161502
0.125559 -0.676554 0.00159078
0.0336165 -0.734262 0.00155141
-0.046437 -0.785753 0.0014984
-0.111525 -0.829047 0.00143381
-0.159146 -0.86248 0.00136011
-0.18747 -0.884769 0.00128014
-0.195409 -0.895055 0.00119696
-0.182657 -0.892945 0.00111378
-0.149706 -0.878519 0.0010338
-0.0978196 -0.852332 0.000960074
-0.0289935 -0.81539 0.00089545
0.0541279 -0.769111 0.000842408
0.14835 -0.715276 0.000802985
0.250053 -0.655953 0.000778698
0.355328 -0.593421 0.000770478
0.460129 -0.530083 0.000778643
0.560429 -0.468374 0.000802879
0.652374 -0.410664 0.000842253
0.732431 -0.359172 0.000895254
0.797522 -0.315876 0.000959844
0.845147 -0.282441 0.00103354
0.873476 -0.26015 0.00111351
0.881419 -0.24986 0.00119669
0.868672 -0.251967 0.00127987
0.835725 -0.266391 0.00135986
0.783843 -0.292576 0.00143358
0.71502 -0.329516 0.00149821
0.631902 -0.375792 0.00155125
0.537681 -0.429626 0.00159068
0.43598 -0.488948 0.00161497
0.330705 -0.55148 0.00162319
0.225904 -0.614817 0.00161503
0.125602 -0.676527 0.0015908
0.0336547 -0.734238 0.00155143
-0.0464047 -0.785732 0.00149843
-0.1115 -0.82903 0.00143384
-0.159129 -0.862468 0.00136015
-0.187462 -0.884761 0.00128017
-0.19541 -0.895054 0.001197
-0.182668 -0.892949 0.00111382
-0.149724 -0.878528 0.00103383
-0.0978465 -0.852346 0.000960105
-0.0290273 -0.815408 0.000895476
0.0540884 -0.769134 0.000842428
0.148307 -0.715301 0.000802999
0.912013 -0.225698 -0.00137786
0.898443 -0.227958 -0.00128956
0.863429 -0.243293 -0.00120466
0.808317 -0.271112 -0.0011264
0.735226 -0.310347 -0.00105782
0.646963 -0.359489 -0.00100153
0.546922 -0.416651 -0.0009597
0.438945 -0.479636 -0.000933942
0.327183 -0.546023 -0.000925244
0.215931 -0.613262 -0.000933939
0.109463 -0.678767 -0.000959693
0.0118708 -0.740023 -0.00100152
-0.0730948 -0.794675 -0.0010578
-0.142169 -0.840623 -0.00112639
-0.192697 -0.876101 -0.00120464
-0.222738 -0.899746 -0.00128954
-0.231137 -0.910649 -0.00137784
-0.217571 -0.908392 -0.00146614
-0.182562 -0.89306 -0.00155105
-0.127454 -0.865244 -0.0016293
-0.0543664 -0.826011 -0.0016979
0.033893 -0.776871 -0.00175419
0.133933 -0.71971 -0.00179602
0.241908 -0.656727 -0.00182178
0.353669 -0.59034 -0.00183048
0.464922 -0.523101 -0.00182179
0.571392 -0.457595 -0.00179604
0.668986 -0.396338 -0.00175422
0.753955 -0.341684 -0.00169794
0.823033 -0.295734 -0.00162935
0.873565 -0.260254 -0.00155111
0.903611 -0.236606 -0.0014662
0.912015 -0.2257 -0.0013779
0.898453 -0.227955 -0.0012896
0.863449 -0.243283 -0.00120469
0.808346 -0.271097 -0.00112644
0.735262 -0.310327 -0.00105784
0.647005 -0.359466 -0.00100155
0.546968 -0.416625 -0.000959715
0.438994 -0.479607 -0.00093395
0.327233 -0.545994 -0.000925244
0.215979 -0.613232 -0.000933931
0.109508 -0.678739 -0.000959678
0.0119114 -0.739998 -0.00100149
-0.0730605 -0.794653 -0.00105777
-0.142142 -0.840605 -0.00112636
-0.192679 -0.876088 -0.0012046
-0.222729 -0.899739 -0.0012895
-0.231138 -0.910647 -0.0013778
-0.217582 -0.908396 -0.00146611
-0.182582 -0.89307 -0.00155102
-0.127483 -0.865259 -0.00162927
-0.0544023 -0.826031 -0.00169787
0.0338511 -0.776894 -0.00175417
0.133886 -0.719737 -0.001796
0.241859 -0.656755 -0.00182177
0.35362 -0.59037 -0.00183048
0.464874 -0.523131 -0.0018218
0.571346 -0.457623 -0.00179606
0.668946 -0.396364 -0.00175424
0.753921 -0.341707 -0.00169796
0.823006 -0.295752 -0.00162939
0.873548 -0.260267 -0.00155114
0.903602 -0.236614 -0.00146624
0.912016 -0.225702 -0.00137794
0.898464 -0.227951 -0.00128964
0.863469 -0.243274 -0.00120473
0.808374 -0.271082 -0.00112647
0.735297 -0.310307 -0.00105787
0.647047 -0.359442 -0.00100157
0.547014 -0.416598 -0.00095973
0.439043 -0.479579 -0.000933958
0.327282 -0.545964 -0.000925244
0.216027 -0.613203 -0.000933923
0.109553 -0.678711 -0.000959663
0.011952 -0.739972 -0.00100147
-0.0730263 -0.79463 -0.00105775
-0.142116 -0.840587 -0.00112632
-0.192661 -0.876075 -0.00120456
-0.222721 -0.899731 -0.00128947
-0.231139 -0.910646 -0.00137776
-0.217592 -0.9084 -0.00146607
-0.182602 -0.893079 -0.00155098
-0.127511 -0.865274 -0.00162924
-0.0544382 -0.826051 -0.00169784
0.0338093 -0.776918 -0.00175414
0.13384 -0.719764 -0.00179599
0.24181 -0.656784 -0.00182176
0.35357 -0.590399 -0.00183048
0.464826 -0.52316 -0.00182181
0.571301 -0.457651 -0.00179607
0.668905 -0.396389 -0.00175426
0.753886 -0.341729 -0.00169799
0.82298 -0.29577 -0.00162942
0.87353 -0.26028 -0.00155118
0.903594 -0.236621 -0.00146628
0.912017 -0.225704 -0.00137798
0.898475 -0.227947 -0.00128968
0.863489 -0.243264 -0.00120476
0.808403 -0.271067 -0.0011265
0.735333 -0.310288 -0.0010579
0.647089 -0.359418 -0.00100159
0.54706 -0.416571 -0.000959745
0.439092 -0.47955 -0.000933965
0.327332 -0.545934 -0.000925244
0.216076 -0.613173 -0.000933916
0.109599 -0.678683 -0.000959648
0.0119926 -0.739946 -0.00100145
-0.072992 -0.794608 -0.00105772
-0.142089 -0.840569 -0.00112629
-0.192643 -0.876062 -0.00120453
-0.222712 -0.899723 -0.00128943
-0.23114 -0.910644 -0.00137773
-0.217603 -0.908404 -0.00146603
-0.182622 -0.893089 -0.00155094
-0.12754 -0.865289 -0.00162921
-0.0544741 -0.82607 -0.00169781
0.0337674 -0.776942 -0.00175412
0.133794 -0.71979 -0.00179597
0.241761 -0.656813 -0.00182176
0.35352 -0.590429 -0.00183048
0.464777 -0.52319 -0.00182181
0.571256 -0.45768 -0.00179609
0.668864 -0.396415 -0.00175429
0.753852 -0.341751 -0.00169802
0.822953 -0.295789 -0.00162945
0.873512 -0.260293 -0.00155122
0.903585 -0.236629 -0.00146632
0.912018 -0.225706 -0.00137802
0.898486 -0.227943 -0.00128972
0.863509 -0.243255 -0.0012048
0.808431 -0.271052 -0.00112653
0.735369 -0.310268 -0.00105793
0.647131 -0.359395 -0.00100161
0.547107 -0.416544 -0.00095976
0.439141 -0.479521 -0.000933973
0.327382 -0.545904 -0.000925244
0.216124 -0.613144 -0.000933908
0.109644 -0.678655 -0.000959633
0.0120332 -0.73992 -0.00100143
-0.0729577 -0.794586 -0.00105769
-0.142062 -0.840551 -0.00112626
-0.192626 -0.876049 -0.00120449
-0.222704 -0.899715 -0.00128939
-0.231141 -0.910642 -0.00137769
-0.217614 -0.908407 -0.00146599
-0.182642 -0.893099 -0.00155091
-0.127568 -0.865303 -0.00162917
-0.0545099 -0.82609 -0.00169778
0.0337255 -0.776965 -0.0017541
0.133747 -0.719817 -0.00179596
0.241712 -0.656842 -0.00182175
0.353471 -0.590459 -0.00183048
0.464729 -0.523219 -0.00182182
0.57121 -0.457708 -0.0017961
0.668824 -0.396441 -0.00175431
0.753818 -0.341774 -0.00169805
0.822926 -0.295807 -0.00162948
0.873494 -0.260306 -0.00155125
0.903577 -0.236637 -0.00146636
0.920544 -0.214533 -0.00405547
0.906708 -0.216838 -0.00396544
0.871008 -0.232473 -0.00387887
0.814816 -0.260837 -0.00379908
0.740293 -0.30084 -0.00372915
0.650301 -0.350946 -0.00367176
0.548299 -0.409228 -0.00362911
0.438206 -0.473447 -0.00360285
0.324254 -0.541135 -0.00359398
0.210822 -0.609691 -0.00360284
0.102268 -0.67648 -0.0036291
0.00276353 -0.738936 -0.00367175
-0.0838669 -0.794659 -0.00372914
-0.154295 -0.841507 -0.00379906
-0.205813 -0.877681 -0.00387885
-0.236442 -0.901789 -0.00396542
-0.245006 -0.912906 -0.00405545
-0.231174 -0.910604 -0.00414548
-0.195479 -0.894972 -0.00423205
-0.139291 -0.866611 -0.00431184
-0.0647716 -0.826609 -0.00438177
0.0252173 -0.776506 -0.00443917
0.127217 -0.718225 -0.00448182
0.237308 -0.654007 -0.00450808
0.35126 -0.58632 -0.00451696
0.464693 -0.517764 -0.00450809
0.573248 -0.450974 -0.00448184
0.672755 -0.388516 -0.0044392
0.759389 -0.332792 -0.00438181
0.82982 -0.285941 -0.00431189
0.881343 -0.249766 -0.00423211
0.911977 -0.225655 -0.00414554
0.920546 -0.214535 -0.00405551
0.906719 -0.216834 -0.00396548
0.871028 -0.232463 -0.0038789
0.814845 -0.260822 -0.00379911
0.740329 -0.30082 -0.00372918
0.650343 -0.350922 -0.00367178
0.548346 -0.409201 -0.00362913
0.438256 -0.473418 -0.00360286
0.324305 -0.541105 -0.00359398
0.210871 -0.609661 -0.00360284
0.102314 -0.676451 -0.00362909
0.00280493 -0.73891 -0.00367172
-0.083832 -0.794636 -0.00372911
-0.154267 -0.841489 -0.00379903
-0.205795 -0.877667 -0.00387881
-0.236434 -0.901781 -0.00396538
-0.245007 -0.912904 -0.00405541
-0.231185 -0.910608 -0.00414544
-0.195499 -0.894982 -0.00423201
-0.139321 -0.866626 -0.0043118
-0.0648082 -0.826629 -0.00438174
0.0251746 -0.77653 -0.00443914
0.12717 -0.718253 -0.0044818
0.237258 -0.654037 -0.00450807
0.351209 -0.58635 -0.00451696
0.464643 -0.517794 -0.0045081
0.573202 -0.451003 -0.00448185
0.672714 -0.388543 -0.00443922
0.759354 -0.332815 -0.00438184
0.829793 -0.28596 -0.00431192
0.881325 -0.249779 -0.00423214
0.911969 -0.225662 -0.00414558
0.920547 -0.214537 -0.00405555
0.90673 -0.21683 -0.00396552
0.871049 -0.232453 -0.00387894
0.814874 -0.260806 -0.00379915
0.740366 -0.3008 -0.00372921
0.650386 -0.350898 -0.0036718
0.548393 -0.409173 -0.00362914
0.438306 -0.473388 -0.00360286
0.324356 -0.541074 -0.00359398
0.210921 -0.609631 -0.00360283
0.10236 -0.676423 -0.00362907
0.00284633 -0.738884 -0.0036717
-0.0837971 -0.794614 -0.00372908
-0.15424 -0.841471 -0.003799
-0.205776 -0.877654 -0.00387877
-0.236425 -0.901773 -0.00396534
-0.245008 -0.912902 -0.00405537
-0.231196 -0.910612 -0.0041454
-0.19552 -0.894992 -0.00423198
-0.13935 -0.866641 -0.00431177
-0.0648447 -0.82665 -0.00438171
0.0251319 -0.776554 -0.00443912
0.127123 -0.71828 -0.00448179
0.237208 -0.654066 -0.00450807
0.351158 -0.58638 -0.00451696
0.464594 -0.517824 -0.00450811
0.573156 -0.451031 -0.00448187
0.672672 -0.388569 -0.00443924
0.759319 -0.332837 -0.00438187
0.829766 -0.285978 -0.00431195
0.881307 -0.249792 -0.00423218
0.91196 -0.22567 -0.00414562
0.920548 -0.214539 -0.00405559
0.906741 -0.216826 -0.00396555
0.871069 -0.232443 -0.00387898
0.814903 -0.260791 -0.00379918
0.740402 -0.30078 -0.00372923
0.650429 -0.350874 -0.00367182
0.54844 -0.409146 -0.00362916
0.438356 -0.473359 -0.00360287
0.324406 -0.541044 -0.00359398
0.21097 -0.609601 -0.00360282
0.102407 -0.676394 -0.00362906
0.00288773 -0.738858 -0.00367168
-0.0837621 -0.794591 -0.00372905
-0.154213 -0.841452 -0.00379897
-0.205758 -0.877641 -0.00387874
-0.236416 -0.901766 -0.0039653
-0.245009 -0.9129 -0.00405533
-0.231207 -0.910616 -0.00414536
-0.19554 -0.895001 -0.00423194
-0.139379 -0.866656 -0.00431174
-0.0648813 -0.82667 -0.00438169
0.0250892 -0.776578 -0.0044391
0.127076 -0.718307 -0.00448177
0.237159 -0.654095 -0.00450806
0.351108 -0.586411 -0.00451696
0.464545 -0.517854 -0.00450812
0.57311 -0.45106 -0.00448188
0.672631 -0.388595 -0.00443927
0.759284 -0.33286 -0.0043819
0.829739 -0.285997 -0.00431199
0.881288 -0.249806 -0.00423222
0.911951 -0.225678 -0.00414566
0.920549 -0.214541 -0.00405563
0.906752 -0.216822 -0.00396559
0.871089 -0.232433 -0.00387901
0.814932 -0.260776 -0.00379921
0.740439 -0.30076 -0.00372926
0.650471 -0.350849 -0.00367185
0.548487 -0.409119 -0.00362917
0.438406 -0.47333 -0.00360288
0.324457 -0.541014 -0.00359398
0.211019 -0.60957 -0.00360281
0.102453 -0.676365 -0.00362904
0.00292914 -0.738831 -0.00367166
-0.0837272 -0.794568 -0.00372902
-0.154186 -0.841434 -0.00379893
-0.20574 -0.877627 -0.0038787
-0.236407 -0.901758 -0.00396526
-0.24501 -0.912898 -0.00405529
-0.231218 -0.91062 -0.00414532
-0.19556 -0.895011 -0.0042319
-0.139408 -0.866671 -0.0043117
-0.0649179 -0.82669 -0.00438166
0.0250465 -0.776602 -0.00443908
0.127028 -0.718334 -0.00448175
0.237109 -0.654125 -0.00450805
0.351057 -0.586441 -0.00451696
0.464495 -0.517884 -0.00450813
0.573063 -0.451089 -0.0044819
0.672589 -0.388622 -0.00443929
0.759249 -0.332883 -0.00438193
0.829712 -0.286015 -0.00431202
0.88127 -0.249819 -0.00423225
0.911942 -0.225686 -0.00414569
0.92055 -0.214543 -0.00405567
0.906763 -0.216818 -0.00396563
0.87111 -0.232424 -0.00387905
0.90668 -0.216786 -0.00673308
0.89311 -0.219047 -0.00664478
0.858095 -0.234381 -0.00655987
0.802983 -0.262201 -0.00648162
0.729891 -0.301436 -0.00641303
0.641628 -0.350579 -0.00635674
0.541585 -0.407741 -0.00631492
0.433608 -0.470727 -0.00628916
0.321845 -0.537114 -0.00628046
0.210592 -0.604353 -0.00628916
0.104123 -0.66986 -0.00631491
0.00653003 -0.731116 -0.00635673
-0.0784362 -0.785769 -0.00641302
-0.147511 -0.831717 -0.00648161
-0.19804 -0.867195 -0.00655986
-0.228081 -0.89084 -0.00664476
-0.23648 -0.901744 -0.00673306
-0.222914 -0.899486 -0.00682137
-0.187904 -0.884154 -0.00690627
-0.132796 -0.856338 -0.00698453
-0.0597077 -0.817105 -0.00705312
0.0285525 -0.767964 -0.00710941
0.128593 -0.710803 -0.00715124
0.236569 -0.647819 -0.007177
0.348332 -0.581431 -0.00718571
0.459586 -0.514192 -0.00717702
0.566056 -0.448685 -0.00715126
0.663651 -0.387428 -0.00710944
0.748621 -0.332774 -0.00705316
0.817699 -0.286823 -0.00698458
0.868232 -0.251342 -0.00690633
0.898278 -0.227694 -0.00682142
0.906682 -0.216788 -0.00673312
0.89312 -0.219043 -0.00664482
0.858115 -0.234372 -0.00655991
0.803012 -0.262186 -0.00648166
0.729927 -0.301416 -0.00641306
0.64167 -0.350555 -0.00635677
0.541632 -0.407715 -0.00631493
0.433657 -0.470698 -0.00628917
0.321895 -0.537085 -0.00628046
0.21064 -0.604324 -0.00628915
0.104168 -0.669832 -0.0063149
0.00657064 -0.73109 -0.00635671
-0.078402 -0.785746 -0.00641299
-0.147484 -0.831699 -0.00648157
-0.198022 -0.867182 -0.00655982
-0.228072 -0.890833 -0.00664472
-0.236481 -0.901742 -0.00673302
-0.222924 -0.89949 -0.00682133
-0.187924 -0.884164 -0.00690624
-0.132825 -0.856353 -0.0069845
-0.0597436 -0.817125 -0.00705309
0.0285106 -0.767988 -0.00710939
0.128547 -0.71083 -0.00715123
0.23652 -0.647847 -0.007177
0.348282 -0.581461 -0.00718571
0.459537 -0.514222 -0.00717702
0.566011 -0.448714 -0.00715128
0.66361 -0.387454 -0.00710947
0.748586 -0.332796 -0.00705319
0.817672 -0.286841 -0.00698461
0.868214 -0.251355 -0.00690637
0.898269 -0.227702 -0.00682146
0.906683 -0.21679 -0.00673316
0.893131 -0.219039 -0.00664486
0.858135 -0.234362 -0.00655995
0.80304 -0.262171 -0.00648169
0.729963 -0.301397 -0.00641309
0.641712 -0.350532 -0.00635679
0.541678 -0.407688 -0.00631495
0.433706 -0.470669 -0.00628917
0.321944 -0.537055 -0.00628046
0.210688 -0.604294 -0.00628914
0.104214 -0.669803 -0.00631488
0.00661124 -0.731065 -0.00635669
-0.0783677 -0.785724 -0.00641297
-0.147458 -0.831681 -0.00648154
-0.198004 -0.867169 -0.00655978
-0.228064 -0.890825 -0.00664469
-0.236482 -0.90174 -0.00673299
-0.222935 -0.899494 -0.00682129
-0.187944 -0.884174 -0.0069062
-0.132853 -0.856367 -0.00698446
-0.0597795 -0.817144 -0.00705306
0.0284687 -0.768011 -0.00710937
0.1285 -0.710856 -0.00715121
0.236471 -0.647876 -0.00717699
0.348232 -0.581491 -0.00718571
0.459489 -0.514251 -0.00717703
0.565965 -0.448742 -0.00715129
0.66357 -0.387479 -0.00710949
0.748552 -0.332818 -0.00705322
0.817646 -0.286859 -0.00698464
0.868196 -0.251369 -0.0069064
0.898261 -0.22771 -0.0068215
0.906684 -0.216792 -0.0067332
0.893142 -0.219035 -0.0066449
0.858155 -0.234353 -0.00655998
0.803069 -0.262156 -0.00648172
0.729999 -0.301377 -0.00641312
0.641754 -0.350508 -0.00635681
0.541724 -0.407661 -0.00631496
0.433755 -0.47064 -0.00628918
0.321994 -0.537025 -0.00628046
0.210737 -0.604265 -0.00628913
0.104259 -0.669775 -0.00631486
0.00665185 -0.731039 -0.00635667
-0.0783335 -0.785701 -0.00641294
-0.147431 -0.831662 -0.00648151
-0.197986 -0.867156 -0.00655975
-0.228055 -0.890817 -0.00664465
-0.236483 -0.901738 -0.00673295
-0.222946 -0.899498 -0.00682125
-0.187964 -0.884183 -0.00690617
-0.132882 -0.856382 -0.00698443
-0.0598154 -0.817164 -0.00705304
0.0284269 -0.768035 -0.00710935
0.128454 -0.710883 -0.0071512
0.236422 -0.647905 -0.00717698
0.348183 -0.581521 -0.00718571
0.45944 -0.514281 -0.00717704
0.56592 -0.44877 -0.00715131
0.663529 -0.387505 -0.00710951
0.748518 -0.332841 -0.00705324
0.817619 -0.286878 -0.00698467
0.868178 -0.251382 -0.00690644
0.898252 -0.227718 -0.00682154
0.906685 -0.216794 -0.00673324
0.893153 -0.219031 -0.00664494
0.858175 -0.234343 -0.00656002
0.803097 -0.262141 -0.00648175
0.730035 -0.301357 -0.00641315
0.641795 -0.350484 -0.00635683
0.54177 -0.407634 -0.00631498
0.433803 -0.470612 -0.00628919
0.322043 -0.536996 -0.00628046
0.210785 -0.604235 -0.00628913
0.104304 -0.669747 -0.00631485
0.00669246 -0.731013 -0.00635665
-0.0782992 -0.785679 -0.00641291
-0.147405 -0.831644 -0.00648148
-0.197968 -0.867143 -0.00655971
-0.228047 -0.89081 -0.00664461
-0.236484 -0.901736 -0.00673291
-0.222957 -0.899502 -0.00682121
-0.187984 -0.884193 -0.00690613
-0.13291 -0.856397 -0.0069844
-0.0598512 -0.817184 -0.00705301
0.028385 -0.768059 -0.00710932
0.128408 -0.71091 -0.00715118
0.236373 -0.647934 -0.00717697
0.348133 -0.58155 -0.00718571
0.459392 -0.51431 -0.00717705
0.565874 -0.448798 -0.00715132
0.663489 -0.387531 -0.00710953
0.748483 -0.332863 -0.00705327
0.817593 -0.286896 -0.00698471
0.86816 -0.251395 -0.00690647
0.898244 -0.227725 -0.00682158
0.870954 -0.232372 -0.00930781
0.858171 -0.234501 -0.00922464
0.825188 -0.248946 -0.00914465
0.773273 -0.275152 -0.00907094
0.704421 -0.312111 -0.00900633
0.621279 -0.358403 -0.00895331
0.52704 -0.412249 -0.00891391
0.425327 -0.47158 -0.00888964
0.320048 -0.534116 -0.00888145
0.215249 -0.597454 -0.00888964
0.114956 -0.65916 -0.0089139
0.0230255 -0.716863 -0.0089533
-0.0570115 -0.768345 -0.00900632
-0.122079 -0.811627 -0.00907093
-0.169676 -0.845048 -0.00914464
-0.197974 -0.867321 -0.00922462
-0.205886 -0.877592 -0.0093078
-0.193107 -0.875465 -0.00939098
-0.160128 -0.861023 -0.00947096
-0.108218 -0.83482 -0.00954467
-0.0393695 -0.797863 -0.00960928
0.0437703 -0.751573 -0.00966231
0.138007 -0.697728 -0.00970171
0.239719 -0.638398 -0.00972598
0.344998 -0.575862 -0.00973418
0.449797 -0.512524 -0.00972599
0.550091 -0.450817 -0.00970174
0.642024 -0.393114 -0.00966234
0.722064 -0.34163 -0.00960932
0.787135 -0.298346 -0.00954472
0.834736 -0.264923 -0.00947101
0.863039 -0.242647 -0.00939103
0.870955 -0.232374 -0.00930785
0.858181 -0.234498 -0.00922467
0.825206 -0.248937 -0.00914469
0.7733 -0.275138 -0.00907097
0.704455 -0.312092 -0.00900636
0.621318 -0.35838 -0.00895333
0.527083 -0.412224 -0.00891392
0.425373 -0.471553 -0.00888965
0.320094 -0.534088 -0.00888145
0.215294 -0.597427 -0.00888963
0.114999 -0.659134 -0.00891389
0.0230638 -0.716839 -0.00895328
-0.0569792 -0.768324 -0.00900629
-0.122054 -0.81161 -0.0090709
-0.169659 -0.845035 -0.0091446
-0.197966 -0.867314 -0.00922458
-0.205887 -0.87759 -0.00930776
-0.193117 -0.875469 -0.00939094
-0.160147 -0.861032 -0.00947092
-0.108245 -0.834834 -0.00954464
-0.0394033 -0.797882 -0.00960926
0.0437309 -0.751595 -0.00966229
0.137963 -0.697754 -0.0097017
0.239673 -0.638425 -0.00972597
0.344951 -0.57589 -0.00973418
0.449752 -0.512552 -0.009726
0.550048 -0.450844 -0.00970175
0.641986 -0.393138 -0.00966236
0.722032 -0.341651 -0.00960935
0.78711 -0.298363 -0.00954475
0.834719 -0.264936 -0.00947104
0.863031 -0.242654 -0.00939107
0.870956 -0.232376 -0.00930789
0.858191 -0.234494 -0.00922471
0.825225 -0.248928 -0.00914472
0.773327 -0.275124 -0.009071
0.704489 -0.312073 -0.00900639
0.621357 -0.358358 -0.00895335
0.527127 -0.412198 -0.00891394
0.425419 -0.471526 -0.00888966
0.320141 -0.53406 -0.00888145
0.21534 -0.597399 -0.00888963
0.115042 -0.659107 -0.00891387
0.023102 -0.716815 -0.00895326
-0.0569469 -0.768303 -0.00900627
-0.122029 -0.811593 -0.00907087
-0.169642 -0.845023 -0.00914457
-0.197958 -0.867307 -0.00922455
-0.205888 -0.877588 -0.00930772
-0.193127 -0.875472 -0.0093909
-0.160166 -0.861041 -0.00947089
-0.108271 -0.834848 -0.00954461
-0.0394371 -0.7979 -0.00960923
0.0436915 -0.751618 -0.00966227
0.13792 -0.697779 -0.00970169
0.239627 -0.638452 -0.00972597
0.344904 -0.575918 -0.00973418
0.449706 -0.51258 -0.00972601
0.550005 -0.450871 -0.00970176
0.641947 -0.393162 -0.00966238
0.721999 -0.341672 -0.00960937
0.787085 -0.29838 -0.00954478
0.834703 -0.264948 -0.00947108
0.863023 -0.242662 -0.0093911
0.870957 -0.232377 -0.00930793
0.858201 -0.23449 -0.00922475
0.825244 -0.248919 -0.00914476
0.773353 -0.27511 -0.00907103
0.704523 -0.312055 -0.00900641
0.621397 -0.358336 -0.00895337
0.527171 -0.412173 -0.00891395
0.425465 -0.471499 -0.00888967
0.320188 -0.534032 -0.00888145
0.215385 -0.597371 -0.00888962
0.115085 -0.659081 -0.00891386
0.0231403 -0.71679 -0.00895324
-0.0569146 -0.768282 -0.00900624
-0.122004 -0.811576 -0.00907083
-0.169626 -0.84501 -0.00914453
-0.19795 -0.867299 -0.00922451
-0.205889 -0.877586 -0.00930769
-0.193138 -0.875476 -0.00939087
-0.160185 -0.86105 -0.00947086
-0.108298 -0.834862 -0.00954458
-0.0394709 -0.797919 -0.0096092
0.043652 -0.75164 -0.00966225
0.137876 -0.697804 -0.00970167
0.239581 -0.638479 -0.00972596
0.344857 -0.575946 -0.00973418
0.44966 -0.512607 -0.00972601
0.549963 -0.450897 -0.00970178
0.641909 -0.393187 -0.0096624
0.721967 -0.341694 -0.0096094
0.78706 -0.298397 -0.00954481
0.834686 -0.26496 -0.00947111
0.863015 -0.242669 -0.00939114
0.870958 -0.232379 -0.00930796
0.858211 -0.234487 -0.00922478
0.825263 -0.24891 -0.00914479
0.77338 -0.275095 -0.00907107
0.704556 -0.312036 -0.00900644
0.621436 -0.358313 -0.00895339
0.527214 -0.412148 -0.00891397
0.425511 -0.471472 -0.00888967
0.320235 -0.534004 -0.00888145
0.215431 -0.597343 -0.00888961
0.115127 -0.659054 -0.00891384
0.0231785 -0.716766 -0.00895322
-0.0568824 -0.768261 -0.00900622
-0.121979 -0.811559 -0.0090708
-0.169609 -0.844998 -0.0091445
-0.197942 -0.867292 -0.00922447
-0.20589 -0.877584 -0.00930765
-0.193148 -0.87548 -0.00939083
-0.160204 -0.861059 -0.00947082
-0.108325 -0.834876 -0.00954455
-0.0395047 -0.797937 -0.00960918
0.0436126 -0.751662 -0.00966223
0.137833 -0.697829 -0.00970166
0.814738 -0.260691 -0.0116807
0.803233 -0.262607 -0.0116059
0.773549 -0.275607 -0.0115339
0.726827 -0.299192 -0.0114675
0.664861 -0.332454 -0.0114094
0.590034 -0.374116 -0.0113617
0.505221 -0.422577 -0.0113262
0.413681 -0.475974 -0.0113044
0.318931 -0.532256 -0.011297
0.224614 -0.589259 -0.0113044
0.134352 -0.644794 -0.0113262
0.0516161 -0.696725 -0.0113617
-0.0204159 -0.743058 -0.0114094
-0.0789755 -0.782011 -0.0114675
-0.121812 -0.812089 -0.0115339
-0.14728 -0.832135 -0.0116058
-0.154401 -0.841378 -0.0116807
-0.1429 -0.839464 -0.0117556
-0.11322 -0.826466 -0.0118275
-0.0665007 -0.802884 -0.0118939
-0.0045384 -0.769624 -0.011952
0.0702861 -0.727964 -0.0119998
0.155098 -0.679504 -0.0120352
0.246637 -0.626108 -0.0120571
0.341386 -0.569826 -0.0120644
0.435704 -0.512823 -0.0120571
0.525966 -0.457288 -0.0120352
0.608705 -0.405356 -0.0119998
0.68074 -0.359021 -0.0119521
0.739302 -0.320066 -0.0118939
0.782143 -0.289986 -0.0118276
0.807615 -0.269938 -0.0117556
0.814739 -0.260692 -0.0116808
0.803242 -0.262604 -0.0116059
0.773566 -0.275599 -0.0115339
0.726851 -0.299179 -0.0114676
0.664892 -0.332437 -0.0114094
0.59007 -0.374096 -0.0113617
0.50526 -0.422554 -0.0113262
0.413722 -0.47595 -0.0113044
0.318973 -0.532231 -0.011297
0.224655 -0.589234 -0.0113044
0.134391 -0.64477 -0.0113262
0.0516505 -0.696703 -0.0113616
-0.0203869 -0.743039 -0.0114094
-0.078953 -0.781996 -0.0114675
-0.121797 -0.812078 -0.0115338
-0.147273 -0.832128 -0.0116058
-0.154402 -0.841377 -0.0116807
-0.142909 -0.839468 -0.0117555
-0.113237 -0.826475 -0.0118275
-0.0665248 -0.802897 -0.0118939
-0.00456882 -0.769641 -0.011952
0.0702506 -0.727984 -0.0119997
0.155058 -0.679527 -0.0120352
0.246595 -0.626132 -0.0120571
0.341344 -0.569852 -0.0120644
0.435663 -0.512848 -0.0120571
0.525928 -0.457312 -0.0120353
0.60867 -0.405378 -0.0119998
0.68071 -0.35904 -0.0119521
0.73928 -0.320081 -0.011894
0.782128 -0.289997 -0.0118276
0.807608 -0.269945 -0.0117556
0.81474 -0.260694 -0.0116808
0.803252 -0.2626 -0.0116059
0.773583 -0.275591 -0.0115339
0.726875 -0.299166 -0.0114676
0.664922 -0.332421 -0.0114094
0.590105 -0.374076 -0.0113617
0.505299 -0.422532 -0.0113262
0.413764 -0.475925 -0.0113044
0.319015 -0.532205 -0.011297
0.224696 -0.589209 -0.0113044
0.134429 -0.644746 -0.0113262
0.051685 -0.696681 -0.0113616
-0.0203578 -0.74302 -0.0114093
-0.0789304 -0.781981 -0.0114675
-0.121782 -0.812067 -0.0115338
-0.147266 -0.832122 -0.0116058
-0.154403 -0.841375 -0.0116806
-0.142918 -0.839471 -0.0117555
-0.113254 -0.826483 -0.0118275
-0.066549 -0.80291 -0.0118938
-0.00459924 -0.769657 -0.011952
0.0702151 -0.728004 -0.0119997
0.155019 -0.679549 -0.0120352
0.246554 -0.626157 -0.012057
0.341302 -0.569877 -0.0120644
0.435622 -0.512873 -0.0120571
0.525889 -0.457336 -0.0120353
0.608636 -0.405399 -0.0119998
0.680681 -0.359059 -0.0119521
0.739257 -0.320097 -0.011894
0.782113 -0.290009 -0.0118277
0.8076 -0.269951 -0.0117557
0.814741 -0.260696 -0.0116808
0.803261 -0.262597 -0.011606
0.7736 -0.275583 -0.011534
0.726899 -0.299154 -0.0114676
0.664953 -0.332404 -0.0114095
0.590141 -0.374056 -0.0113617
0.505339 -0.422509 -0.0113262
0.413805 -0.475901 -0.0113044
0.319057 -0.53218 -0.011297
0.224737 -0.589184 -0.0113043
0.134468 -0.644722 -0.0113262
0.0517194 -0.696659 -0.0113616
-0.0203288 -0.743001 -0.0114093
-0.0789079 -0.781965 -0.0114674
-0.121767 -0.812056 -0.0115338
-0.147259 -0.832115 -0.0116057
-0.154404 -0.841373 -0.0116806
-0.142927 -0.839474 -0.0117555
-0.11327 -0.826491 -0.0118275
-0.0665732 -0.802922 -0.0118938
-0.00462966 -0.769674 -0.011952
0.0701796 -0.728024 -0.0119997
0.15498 -0.679572 -0.0120352
0.246512 -0.626181 -0.012057
0.34126 -0.569902 -0.0120644
0.435581 -0.512898 -0.0120571
0.525851 -0.45736 -0.0120353
0.608602 -0.405421 -0.0119998
0.680652 -0.359078 -0.0119521
0.739235 -0.320112 -0.011894
0.782097 -0.29002 -0.0118277
0.807593 -0.269958 -0.0117557
0.814742 -0.260697 -0.0116809
0.80327 -0.262594 -0.011606
0.773617 -0.275575 -0.011534
0.726923 -0.299141 -0.0114676
0.664983 -0.332387 -0.0114095
0.590176 -0.374036 -0.0113617
0.505378 -0.422486 -0.0113263
0.413847 -0.475877 -0.0113044
0.740193 -0.300654 -0.0137606
0.730409 -0.302284 -0.0136969
0.705164 -0.31334 -0.0136357
0.66543 -0.333397 -0.0135793
0.612732 -0.361685 -0.0135299
0.549096 -0.397116 -0.0134893
0.476967 -0.438329 -0.0134591
0.399118 -0.48374 -0.0134405
0.318539 -0.531604 -0.0134343
0.238327 -0.580082 -0.0134405
0.161565 -0.627311 -0.0134591
0.0912031 -0.671476 -0.0134893
0.0299441 -0.710879 -0.0135298
-0.0198573 -0.744007 -0.0135793
-0.0562875 -0.769586 -0.0136357
-0.0779465 -0.786634 -0.0136969
-0.0840019 -0.794495 -0.0137606
-0.0742211 -0.792867 -0.0138243
-0.0489799 -0.781813 -0.0138855
-0.00924822 -0.761758 -0.0139419
0.043447 -0.733472 -0.0139913
0.107081 -0.698042 -0.0140319
0.179208 -0.65683 -0.0140621
0.257057 -0.61142 -0.0140807
0.337635 -0.563556 -0.0140869
0.417847 -0.515078 -0.0140807
0.49461 -0.467849 -0.0140621
0.564974 -0.423683 -0.014032
0.626235 -0.384279 -0.0139914
0.67604 -0.35115 -0.0139419
0.712473 -0.325569 -0.0138855
0.734135 -0.308519 -0.0138243
0.740194 -0.300656 -0.0137606
0.730417 -0.302281 -0.013697
0.705179 -0.313333 -0.0136358
0.66545 -0.333386 -0.0135793
0.612758 -0.361671 -0.0135299
0.549126 -0.397099 -0.0134893
0.477001 -0.43831 -0.0134591
0.399153 -0.483719 -0.0134406
0.318575 -0.531583 -0.0134343
0.238362 -0.580061 -0.0134405
0.161598 -0.627291 -0.0134591
0.0912324 -0.671457 -0.0134893
0.0299688 -0.710863 -0.0135298
-0.0198382 -0.743994 -0.0135793
-0.0562746 -0.769576 -0.0136357
-0.0779403 -0.786628 -0.0136969
-0.0840028 -0.794493 -0.0137606
-0.0742289 -0.79287 -0.0138242
-0.0489943 -0.78182 -0.0138854
-0.00926877 -0.761769 -0.0139419
0.0434211 -0.733486 -0.0139913
0.107051 -0.698059 -0.0140319
0.179175 -0.65685 -0.0140621
0.257021 -0.611441 -0.0140807
0.337599 -0.563577 -0.0140869
0.417812 -0.515099 -0.0140807
0.494577 -0.467869 -0.0140621
0.564945 -0.423702 -0.014032
0.626211 -0.384295 -0.0139914
0.67602 -0.351163 -0.013942
0.71246 -0.325578 -0.0138855
0.734129 -0.308524 -0.0138243
0.740195 -0.300657 -0.0137607
0.730425 -0.302278 -0.013697
0.705193 -0.313326 -0.0136358
0.665471 -0.333376 -0.0135794
0.612784 -0.361657 -0.0135299
0.549156 -0.397082 -0.0134893
0.477034 -0.438291 -0.0134591
0.399188 -0.483699 -0.0134406
0.31861 -0.531562 -0.0134343
0.238397 -0.58004 -0.0134405
0.161631 -0.62727 -0.0134591
0.0912617 -0.671439 -0.0134892
0.0299935 -0.710847 -0.0135298
-0.019819 -0.743981 -0.0135793
-0.0562617 -0.769567 -0.0136357
-0.0779342 -0.786623 -0.0136969
-0.0840036 -0.794492 -0.0137605
-0.0742367 -0.792873 -0.0138242
-0.0490088 -0.781827 -0.0138854
-0.00928932 -0.761779 -0.0139418
0.0433953 -0.7335 -0.0139913
0.10702 -0.698076 -0.0140319
0.179141 -0.656869 -0.0140621
0.256986 -0.611461 -0.0140807
0.337564 -0.563599 -0.0140869
0.417777 -0.515121 -0.0140807
0.494545 -0.467889 -0.0140621
0.564916 -0.423721 -0.014032
0.626186 -0.384311 -0.0139914
0.676001 -0.351176 -0.013942
0.712447 -0.325587 -0.0138856
0.734123 -0.30853 -0.0138244
0.740196 -0.300659 -0.0137607
0.730432 -0.302276 -0.013697
0.705208 -0.313319 -0.0136358
0.665491 -0.333365 -0.0135794
0.612809 -0.361642 -0.0135299
0.549186 -0.397065 -0.0134893
0.477067 -0.438271 -0.0134592
0.399223 -0.483678 -0.0134406
0.318646 -0.53154 -0.0134343
0.238432 -0.580019 -0.0134405
0.161664 -0.62725 -0.0134591
0.0912909 -0.67142 -0.0134892
0.0300182 -0.710831 -0.0135298
-0.0197998 -0.743968 -0.0135792
-0.0562488 -0.769558 -0.0136356
-0.077928 -0.786617 -0.0136968
-0.0840044 -0.794491 -0.0137605
-0.0742444 -0.792875 -0.0138242
-0.0490232 -0.781834 -0.0138854
-0.00930987 -0.76179 -0.0139418
0.650184 -0.350727 -0.0154676
0.642496 -0.352008 -0.0154175
0.622661 -0.360694 -0.0153694
0.591441 -0.376454 -0.0153251
0.550036 -0.39868 -0.0152863
0.500037 -0.426518 -0.0152544
0.443364 -0.4589 -0.0152307
0.382197 -0.49458 -0.0152161
0.318885 -0.532187 -0.0152112
0.255862 -0.570277 -0.0152161
0.19555 -0.607385 -0.0152307
0.140265 -0.642086 -0.0152544
0.0921334 -0.673045 -0.0152862
0.0530038 -0.699074 -0.0153251
0.0243802 -0.719172 -0.0153694
0.00736255 -0.732566 -0.0154175
0.00260475 -0.738743 -0.0154675
0.0102897 -0.737464 -0.0155176
0.030122 -0.728779 -0.0155657
0.0613395 -0.713021 -0.01561
0.102743 -0.690797 -0.0156488
0.152741 -0.662959 -0.0156807
0.209412 -0.630578 -0.0157044
0.270578 -0.594899 -0.015719
0.333889 -0.557292 -0.015724
0.396913 -0.519202 -0.015719
0.457226 -0.482094 -0.0157044
0.512512 -0.447392 -0.0156808
0.560646 -0.416432 -0.0156489
0.599778 -0.390402 -0.01561
0.628404 -0.370302 -0.0155657
0.645424 -0.356906 -0.0155176
0.650185 -0.350728 -0.0154676
0.642502 -0.352005 -0.0154176
0.622673 -0.360689 -0.0153695
0.591458 -0.376445 -0.0153251
0.550056 -0.398668 -0.0152863
0.50006 -0.426505 -0.0152544
0.443391 -0.458885 -0.0152307
0.382225 -0.494563 -0.0152161
0.318914 -0.53217 -0.0152112
0.25589 -0.57026 -0.0152161
0.195575 -0.607369 -0.0152307
0.140288 -0.642071 -0.0152543
0.0921528 -0.673032 -0.0152862
0.0530189 -0.699064 -0.0153251
0.0243904 -0.719164 -0.0153694
0.00736739 -0.732562 -0.0154175
0.0026041 -0.738742 -0.0154675
0.0102835 -0.737466 -0.0155175
0.0301106 -0.728784 -0.0155656
0.0613234 -0.71303 -0.01561
0.102722 -0.690808 -0.0156488
0.152717 -0.662973 -0.0156807
0.209385 -0.630594 -0.0157044
0.27055 -0.594915 -0.015719
0.333861 -0.557309 -0.015724
0.396885 -0.519219 -0.015719
0.457201 -0.48211 -0.0157045
0.512489 -0.447407 -0.0156808
0.560626 -0.416444 -0.0156489
0.599763 -0.390412 -0.01561
0.628394 -0.37031 -0.0155657
0.645419 -0.356911 -0.0155176
0.650185 -0.350729 -0.0154676
0.642508 -0.352003 -0.0154176
0.622684 -0.360684 -0.0153695
0.591474 -0.376437 -0.0153251
0.550077 -0.398657 -0.0152863
0.500084 -0.426491 -0.0152544
0.443417 -0.458869 -0.0152307
0.382252 -0.494547 -0.0152161
0.318942 -0.532153 -0.0152112
0.255917 -0.570243 -0.0152161
0.195601 -0.607353 -0.0152306
0.140311 -0.642056 -0.0152543
0.0921722 -0.67302 -0.0152862
0.053034 -0.699053 -0.0153251
0.0244005 -0.719157 -0.0153694
0.00737224 -0.732558 -0.0154175
0.00260345 -0.738741 -0.0154675
0.0102774 -0.737468 -0.0155175
0.0300993 -0.72879 -0.0155656
0.0613073 -0.713038 -0.01561
0.102702 -0.690819 -0.0156488
0.152693 -0.662986 -0.0156807
0.209359 -0.630609 -0.0157044
0.270523 -0.594932 -0.015719
0.333833 -0.557326 -0.015724
0.396858 -0.519236 -0.015719
0.457175 -0.482126 -0.0157045
0.548169 -0.408985 -0.016736
0.542873 -0.409867 -0.0167015
0.52921 -0.415851 -0.0166684
0.507705 -0.426706 -0.0166378
0.479183 -0.442016 -0.0166111
0.444742 -0.461193 -0.0165891
0.405704 -0.483498 -0.0165728
0.363569 -0.508076 -0.0165627
0.319958 -0.533982 -0.0165593
0.276545 -0.560219 -0.0165627
0.234999 -0.585781 -0.0165728
0.196917 -0.609684 -0.0165891
0.163762 -0.63101 -0.0166111
0.136808 -0.64894 -0.0166378
0.117091 -0.662784 -0.0166684
0.105369 -0.672011 -0.0167015
0.102091 -0.676265 -0.016736
0.107385 -0.675384 -0.0167704
0.121046 -0.669402 -0.0168035
0.14255 -0.658547 -0.0168341
0.17107 -0.643238 -0.0168608
0.205511 -0.624062 -0.0168828
0.244548 -0.601757 -0.0168991
0.286682 -0.57718 -0.0169092
0.330293 -0.551275 -0.0169126
0.373706 -0.525037 -0.0169092
0.415252 -0.499475 -0.0168991
0.453335 -0.475572 -0.0168828
0.486492 -0.454245 -0.0168609
0.513447 -0.436314 -0.0168341
0.533166 -0.422469 -0.0168036
0.54489 -0.413241 -0.0167704
0.548169 -0.408986 -0.016736
0.542878 -0.409865 -0.0167015
0.529218 -0.415847 -0.0166684
0.507716 -0.4267 -0.0166379
0.479197 -0.442009 -0.0166111
0.444758 -0.461183 -0.0165891
0.405722 -0.483488 -0.0165728
0.363588 -0.508065 -0.0165627
0.319977 -0.53397 -0.0165593
0.276564 -0.560208 -0.0165627
0.235017 -0.58577 -0.0165728
0.196933 -0.609674 -0.0165891
0.163775 -0.631001 -0.0166111
0.136818 -0.648933 -0.0166378
0.117098 -0.662779 -0.0166684
0.105372 -0.672008 -0.0167015
0.102091 -0.676264 -0.0167359
0.107381 -0.675386 -0.0167704
0.121038 -0.669405 -0.0168035
0.142539 -0.658553 -0.0168341
0.171056 -0.643246 -0.0168608
0.205494 -0.624072 -0.0168828
0.24453 -0.601768 -0.0168991
0.286663 -0.577191 -0.0169092
0.330274 -0.551286 -0.0169126
0.373687 -0.525049 -0.0169092
0.415235 -0.499486 -0.0168992
0.453319 -0.475582 -0.0168828
0.486478 -0.454254 -0.0168609
0.513437 -0.436321 -0.0168341
0.533159 -0.422474 -0.0168036
0.438069 -0.473189 -0.0175171
0.435369 -0.473639 -0.0174995
0.428402 -0.476689 -0.0174826
0.417438 -0.482224 -0.0174671
0.402896 -0.49003 -0.0174534
0.385336 -0.499807 -0.0174422
0.365432 -0.51118 -0.0174339
0.34395 -0.523711 -0.0174288
0.321714 -0.536919 -0.017427
0.29958 -0.550296 -0.0174288
0.278398 -0.563329 -0.0174339
0.258982 -0.575516 -0.0174422
0.242078 -0.586389 -0.0174534
0.228335 -0.595531 -0.0174671
0.218282 -0.602589 -0.0174826
0.212305 -0.607293 -0.0174995
0.210634 -0.609463 -0.0175171
0.213333 -0.609013 -0.0175347
0.220299 -0.605963 -0.0175516
0.231263 -0.600429 -0.0175671
0.245804 -0.592623 -0.0175808
0.263363 -0.582847 -0.017592
0.283266 -0.571474 -0.0176003
0.304748 -0.558944 -0.0176054
0.326984 -0.545736 -0.0176071
0.349118 -0.532358 -0.0176054
0.370301 -0.519326 -0.0176003
0.389717 -0.507138 -0.017592
0.406622 -0.496265 -0.0175808
0.420366 -0.487123 -0.0175671
0.430419 -0.480064 -0.0175516
0.436397 -0.475359 -0.0175347
0.324114 -0.540872 -0.0177809
