-0.152059 -0.850106 -0.00016786
-0.0731305 -0.863927 -0.000165701
-0.0745957 -0.863375 -0.000169088
-0.0790358 -0.862301 -0.000172344
-0.08628 -0.860749 -0.000175345
-0.0960501 -0.858776 -0.000177976
-0.10797 -0.856459 -0.000180135
-0.121583 -0.853886 -0.000181739
-0.136365 -0.851158 -0.000182727
-0.151748 -0.848378 -0.000183061
-0.167141 -0.845653 -0.000182727
-0.181952 -0.843088 -0.000181739
-0.195612 -0.840782 -0.000180135
-0.207597 -0.838823 -0.000177977
-0.217446 -0.837287 -0.000175346
-0.22478 -0.836232 -0.000172345
-0.229317 -0.835699 -0.000169088
-0.230884 -0.835709 -0.000165702
-0.229419 -0.836261 -0.000162315
-0.22498 -0.837334 -0.000159058
-0.217736 -0.838887 -0.000156057
-0.207967 -0.84086 -0.000153426
-0.196047 -0.843177 -0.000151267
-0.182434 -0.845749 -0.000149663
-0.167653 -0.848478 -0.000148675
-0.15227 -0.851258 -0.000148341
-0.136877 -0.853983 -0.000148674
-0.122066 -0.856547 -0.000149662
-0.108405 -0.858853 -0.000151266
-0.0964194 -0.860812 -0.000153425
-0.0865702 -0.862349 -0.000156055
-0.0792357 -0.863404 -0.000159056
-0.0746976 -0.863937 -0.000162313
0.00286762 -0.87664 -0.000159307
-6.62521e-06 -0.875557 -0.00016595
-0.00871614 -0.873452 -0.000172338
-0.0229262 -0.870406 -0.000178225
-0.0420908 -0.866536 -0.000183386
-0.0654735 -0.861991 -0.00018762
-0.0921756 -0.856945 -0.000190767
-0.121171 -0.851593 -0.000192705
-0.151346 -0.84614 -0.00019336
-0.18154 -0.840795 -0.000192705
-0.210593 -0.835764 -0.000190768
-0.237389 -0.83124 -0.000187621
-0.260899 -0.827398 -0.000183387
-0.280217 -0.824384 -0.000178227
-0.294603 -0.822315 -0.00017234
-0.303504 -0.82127 -0.000165952
-0.306577 -0.82129 -0.000159309
-0.303704 -0.822373 -0.000152665
-0.294995 -0.824477 -0.000146277
-0.280787 -0.827523 -0.00014039
-0.261623 -0.831393 -0.00013523
-0.238241 -0.835938 -0.000130995
-0.21154 -0.840984 -0.000127848
-0.182545 -0.846336 -0.000125909
-0.15237 -0.851789 -0.000125255
-0.122176 -0.857134 -0.000125909
-0.0931221 -0.862165 -0.000127846
-0.0663253 -0.866689 -0.000130992
-0.0428152 -0.870532 -0.000135227
-0.0234954 -0.873545 -0.000140386
-0.00910821 -0.875615 -0.000146273
-0.000206526 -0.87666 -0.000152661
0.00286757 -0.876641 -0.000159304
-4.04951e-06 -0.875558 -0.000165947
-0.00871104 -0.873453 -0.000172336
-0.0229188 -0.870408 -0.000178223
-0.0420814 -0.866538 -0.000183383
-0.0654623 -0.861993 -0.000187619
-0.0921632 -0.856948 -0.000190766
-0.121158 -0.851595 -0.000192705
-0.151332 -0.846142 -0.00019336
-0.181527 -0.840797 -0.000192706
-0.210581 -0.835766 -0.000190769
-0.237378 -0.831242 -0.000187623
-0.260889 -0.8274 -0.000183389
-0.28021 -0.824386 -0.000178229
-0.294598 -0.822316 -0.000172342
-0.303501 -0.821271 -0.000165955
-0.306577 -0.82129 -0.000159312
-0.303706 -0.822372 -0.000152668
-0.295001 -0.824476 -0.00014628
-0.280794 -0.827522 -0.000140392
-0.261632 -0.831391 -0.000135232
-0.238252 -0.835936 -0.000130996
-0.211552 -0.840981 -0.000127849
-0.182558 -0.846334 -0.00012591
-0.152384 -0.851787 -0.000125255
-0.122189 -0.857132 -0.000125908
-0.0931345 -0.862163 -0.000127845
-0.0663365 -0.866687 -0.000130991
-0.0428248 -0.87053 -0.000135224
-0.0235029 -0.873544 -0.000140384
-0.00911339 -0.875614 -0.000146271
0.0730151 -0.887758 -0.000148924
0.0688424 -0.886186 -0.000158569
0.0561981 -0.88313 -0.000167842
0.0355683 -0.878708 -0.000176389
0.00774555 -0.87309 -0.000183881
-0.0262008 -0.866491 -0.000190029
-0.0649663 -0.859166 -0.000194597
-0.107061 -0.851395 -0.000197411
-0.150868 -0.843478 -0.000198361
-0.194703 -0.835719 -0.000197411
-0.236882 -0.828415 -0.000194598
-0.275784 -0.821848 -0.00019003
-0.309914 -0.81627 -0.000183882
-0.337961 -0.811895 -0.000176391
-0.358846 -0.808891 -0.000167844
-0.371768 -0.807374 -0.000158571
-0.376229 -0.807402 -0.000148926
-0.372058 -0.808974 -0.000139282
-0.359415 -0.81203 -0.000130008
-0.338787 -0.816451 -0.000121461
-0.310966 -0.822069 -0.000113969
-0.277021 -0.828668 -0.000107821
-0.238256 -0.835993 -0.000103252
-0.196162 -0.843763 -0.000100438
-0.152355 -0.851681 -9.94876e-05
-0.10852 -0.85944 -0.000100437
-0.0663404 -0.866744 -0.000103249
-0.0274375 -0.873311 -0.000107817
0.00669386 -0.87889 -0.000113965
0.0347419 -0.883265 -0.000121455
0.0556289 -0.886269 -0.000130002
0.0685522 -0.887786 -0.000139276
0.0730151 -0.887759 -0.00014892
0.0688461 -0.886187 -0.000158564
0.0562055 -0.883132 -0.000167839
0.035579 -0.87871 -0.000176386
0.00775929 -0.873092 -0.000183878
-0.0261846 -0.866494 -0.000190026
-0.0649483 -0.859169 -0.000194596
-0.107042 -0.851399 -0.00019741
-0.150849 -0.843482 -0.000198361
-0.194684 -0.835722 -0.000197412
-0.236864 -0.828418 -0.0001946
-0.275768 -0.821851 -0.000190032
-0.309901 -0.816272 -0.000183885
-0.33795 -0.811896 -0.000176395
-0.358839 -0.808892 -0.000167848
-0.371764 -0.807374 -0.000158575
-0.376229 -0.807402 -0.000148931
-0.372062 -0.808973 -0.000139286
-0.359423 -0.812028 -0.000130012
-0.338798 -0.816449 -0.000121464
-0.31098 -0.822067 -0.000113972
-0.277037 -0.828665 -0.000107823
-0.238274 -0.83599 -0.000103254
-0.196181 -0.84376 -0.000100439
-0.152375 -0.851677 -9.94876e-05
-0.108539 -0.859437 -0.000100436
-0.0663584 -0.866741 -0.000103248
-0.0274537 -0.873308 -0.000107815
0.00668003 -0.878888 -0.000113962
0.034731 -0.883263 -0.000121452
0.0556214 -0.886268 -0.000129998
0.0685483 -0.887786 -0.000139271
0.073015 -0.887759 -0.000148916
0.0688499 -0.886188 -0.00015856
0.0562129 -0.883133 -0.000167835
0.0355898 -0.878712 -0.000176382
0.00777302 -0.873095 -0.000183875
-0.0261685 -0.866497 -0.000190024
-0.0649304 -0.859172 -0.000194594
-0.107023 -0.851402 -0.000197409
-0.150829 -0.843485 -0.000198361
-0.194665 -0.835725 -0.000197413
-0.236846 -0.828421 -0.000194601
-0.275752 -0.821853 -0.000190035
-0.309887 -0.816274 -0.000183888
-0.337939 -0.811898 -0.000176398
-0.358831 -0.808893 -0.000167852
-0.37176 -0.807374 -0.000158579
-0.376229 -0.807401 -0.000148935
-0.372065 -0.808972 -0.00013929
-0.35943 -0.812026 -0.000130016
-0.338809 -0.816447 -0.000121468
-0.310994 -0.822064 -0.000113975
-0.277053 -0.828662 -0.000107826
-0.238292 -0.835986 -0.000103255
-0.1962 -0.843756 -0.00010044
-0.152394 -0.851674 -9.94876e-05
-0.108558 -0.859433 -0.000100435
-0.0663765 -0.866738 -0.000103246
0.134616 -0.896854 -0.000134951
0.129306 -0.894852 -0.000147226
0.113212 -0.890963 -0.00015903
0.0869556 -0.885334 -0.000169908
0.0515439 -0.878184 -0.000179442
0.00833835 -0.869785 -0.000187267
-0.0410009 -0.860462 -0.000193082
-0.0945777 -0.850572 -0.000196663
-0.150333 -0.840496 -0.000197872
-0.206125 -0.83062 -0.000196663
-0.259809 -0.821324 -0.000193083
-0.309322 -0.812965 -0.000187269
-0.352761 -0.805866 -0.000179444
-0.388458 -0.800297 -0.00016991
-0.41504 -0.796474 -0.000159032
-0.431486 -0.794543 -0.000147229
-0.437163 -0.794579 -0.000134954
-0.431855 -0.79658 -0.000122679
-0.415764 -0.800469 -0.000110875
-0.389509 -0.806097 -9.99968e-05
-0.3541 -0.813247 -9.04617e-05
-0.310896 -0.821645 -8.26363e-05
-0.261557 -0.830969 -7.68212e-05
-0.207981 -0.840859 -7.324e-05
-0.152226 -0.850935 -7.20302e-05
-0.0964342 -0.860811 -7.32384e-05
-0.0427497 -0.870107 -7.68181e-05
0.0067644 -0.878466 -8.26317e-05
0.0502054 -0.885566 -9.04559e-05
0.0859038 -0.891135 -9.999e-05
0.112488 -0.894958 -0.000110868
0.128936 -0.896889 -0.000122671
0.134616 -0.896854 -0.000134946
0.12931 -0.894854 -0.000147221
0.113222 -0.890965 -0.000159025
0.0869693 -0.885337 -0.000169903
0.0515614 -0.878187 -0.000179439
0.00835893 -0.869789 -0.000187264
-0.040978 -0.860466 -0.00019308
-0.0945533 -0.850577 -0.000196662
-0.150308 -0.8405 -0.000197872
-0.2061 -0.830624 -0.000196664
-0.259786 -0.821328 -0.000193085
-0.309301 -0.812969 -0.000187272
-0.352743 -0.805868 -0.000179448
-0.388444 -0.800299 -0.000169914
-0.41503 -0.796475 -0.000159037
-0.431481 -0.794544 -0.000147234
-0.437163 -0.794579 -0.000134959
-0.43186 -0.796579 -0.000122684
-0.415773 -0.800467 -0.00011088
-0.389523 -0.806094 -0.000100001
-0.354117 -0.813244 -9.04656e-05
-0.310916 -0.821642 -8.26393e-05
-0.26158 -0.830964 -7.68233e-05
-0.208006 -0.840854 -7.3241e-05
-0.152251 -0.850931 -7.20302e-05
-0.0964586 -0.860807 -7.32373e-05
-0.0427727 -0.870103 -7.6816e-05
0.00674372 -0.878462 -8.26287e-05
0.0501878 -0.885563 -9.04521e-05
0.08589 -0.891133 -9.99855e-05
0.112478 -0.894957 -0.000110863
0.128931 -0.896889 -0.000122665
0.134616 -0.896855 -0.00013494
0.129315 -0.894855 -0.000147215
0.113231 -0.890967 -0.000159019
0.086983 -0.88534 -0.000169899
0.0515789 -0.878191 -0.000179435
0.00837951 -0.869793 -0.000187261
-0.0409551 -0.860471 -0.000193078
-0.094529 -0.850581 -0.000196661
-0.150284 -0.840504 -0.000197872
-0.206076 -0.830628 -0.000196665
-0.259763 -0.821332 -0.000193087
-0.30928 -0.812972 -0.000187275
-0.352726 -0.805871 -0.000179452
-0.38843 -0.800301 -0.000169919
-0.415021 -0.796477 -0.000159042
-0.431476 -0.794544 -0.00014724
-0.437163 -0.794578 -0.000134965
-0.431864 -0.796577 -0.000122689
-0.415783 -0.800465 -0.000110885
-0.389537 -0.806091 -0.000100006
-0.354135 -0.81324 -9.04694e-05
-0.310937 -0.821638 -8.26423e-05
-0.261603 -0.83096 -7.68254e-05
-0.20803 -0.84085 -7.32421e-05
-0.152276 -0.850926 -7.20302e-05
-0.0964829 -0.860803 -7.32363e-05
-0.0427956 -0.870099 -7.68139e-05
0.00672305 -0.878459 -8.26257e-05
0.0501702 -0.88556 -9.04482e-05
0.0858761 -0.891131 -9.99809e-05
0.112469 -0.894956 -0.000110857
0.128926 -0.896889 -0.00012266
0.134616 -0.896855 -0.000134935
0.12932 -0.894856 -0.00014721
0.113241 -0.890969 -0.000159014
0.0869967 -0.885343 -0.000169894
0.0515964 -0.878194 -0.000179431
0.00840009 -0.869797 -0.000187258
-0.0409322 -0.860475 -0.000193076
-0.0945047 -0.850585 -0.00019666
-0.150259 -0.840509 -0.000197872
-0.206052 -0.830632 -0.000196666
-0.25974 -0.821336 -0.000193089
-0.30926 -0.812976 -0.000187278
-0.352708 -0.805874 -0.000179456
-0.388416 -0.800303 -0.000169924
-0.415011 -0.796478 -0.000159047
-0.431471 -0.794545 -0.000147245
-0.437163 -0.794578 -0.00013497
-0.431869 -0.796576 -0.000122695
-0.415792 -0.800463 -0.00011089
-0.38955 -0.806088 -0.00010001
0.185304 -0.903576 -0.000117925
0.179059 -0.901223 -0.000132359
0.160136 -0.89665 -0.000146238
0.129261 -0.890031 -0.000159029
0.0876212 -0.881623 -0.000170241
0.0368167 -0.871748 -0.000179442
-0.0212001 -0.860784 -0.00018628
-0.0841999 -0.849155 -0.00019049
-0.149762 -0.837306 -0.000191912
-0.215366 -0.825693 -0.000190491
-0.278491 -0.814763 -0.000186281
-0.336713 -0.804934 -0.000179444
-0.387792 -0.796586 -0.000170243
-0.429767 -0.790038 -0.000159032
-0.461024 -0.785542 -0.000146241
-0.480362 -0.783272 -0.000132362
-0.487039 -0.783314 -0.000117928
-0.480797 -0.785667 -0.000103494
-0.461876 -0.79024 -8.96144e-05
-0.431003 -0.796858 -7.68229e-05
-0.389366 -0.805266 -6.56107e-05
-0.338563 -0.815141 -5.6409e-05
-0.280548 -0.826104 -4.95712e-05
-0.217549 -0.837733 -4.53601e-05
-0.151987 -0.849582 -4.39375e-05
-0.086383 -0.861195 -4.53582e-05
-0.0232566 -0.872126 -4.95675e-05
0.034966 -0.881955 -5.64036e-05
0.0860472 -0.890304 -6.56039e-05
0.128024 -0.896852 -7.68148e-05
0.159284 -0.901348 -8.96055e-05
0.178625 -0.903618 -0.000103485
0.185304 -0.903577 -0.000117918
0.179065 -0.901225 -0.000132353
0.160147 -0.896652 -0.000146232
0.129277 -0.890035 -0.000159024
0.0876418 -0.881627 -0.000170237
0.0368409 -0.871752 -0.000179439
-0.0211732 -0.860789 -0.000186277
-0.0841713 -0.84916 -0.000190489
-0.149732 -0.837311 -0.000191912
-0.215337 -0.825698 -0.000190492
-0.278464 -0.814767 -0.000186283
-0.336688 -0.804938 -0.000179448
-0.387771 -0.796589 -0.000170248
-0.429751 -0.79004 -0.000159037
-0.461013 -0.785544 -0.000146247
-0.480357 -0.783272 -0.000132368
-0.487039 -0.783313 -0.000117934
-0.480802 -0.785665 -0.0001035
-0.461887 -0.790237 -8.96204e-05
-0.43102 -0.796854 -7.68282e-05
-0.389386 -0.805262 -6.56153e-05
-0.338587 -0.815136 -5.64126e-05
-0.280575 -0.826099 -4.95736e-05
-0.217577 -0.837728 -4.53613e-05
-0.152017 -0.849577 -4.39375e-05
-0.0864116 -0.86119 -4.5357e-05
-0.0232836 -0.872121 -4.9565e-05
0.0349416 -0.881951 -5.64001e-05
0.0860265 -0.8903 -6.55994e-05
0.128008 -0.896849 -7.68095e-05
0.159273 -0.901346 -8.95996e-05
0.178619 -0.903618 -0.000103478
0.185304 -0.903577 -0.000117912
0.179071 -0.901226 -0.000132346
0.160158 -0.896655 -0.000146226
0.129293 -0.890038 -0.000159019
0.0876623 -0.881631 -0.000170232
0.0368651 -0.871757 -0.000179435
-0.0211463 -0.860794 -0.000186275
-0.0841427 -0.849165 -0.000190488
-0.149703 -0.837317 -0.000191912
-0.215308 -0.825703 -0.000190493
-0.278437 -0.814772 -0.000186286
-0.336664 -0.804942 -0.000179451
-0.387751 -0.796592 -0.000170252
-0.429734 -0.790043 -0.000159043
-0.461002 -0.785545 -0.000146253
-0.480351 -0.783273 -0.000132375
-0.487039 -0.783313 -0.000117941
-0.480808 -0.785664 -0.000103507
-0.461898 -0.790235 -8.96263e-05
-0.431036 -0.796851 -7.68335e-05
-0.389407 -0.805258 -6.56198e-05
-0.338612 -0.815132 -5.64161e-05
-0.280602 -0.826094 -4.95761e-05
-0.217606 -0.837723 -4.53626e-05
-0.152046 -0.849571 -4.39375e-05
-0.0864403 -0.861185 -4.53557e-05
-0.0233106 -0.872117 -4.95626e-05
0.0349173 -0.881947 -5.63965e-05
0.0860058 -0.890297 -6.55949e-05
0.127992 -0.896847 -7.68042e-05
0.159261 -0.901345 -8.95937e-05
0.178613 -0.903618 -0.000103472
0.185304 -0.903578 -0.000117906
0.179076 -0.901228 -0.00013234
0.160169 -0.896657 -0.00014622
0.129309 -0.890041 -0.000159013
0.0876829 -0.881635 -0.000170228
0.0368893 -0.871761 -0.000179432
-0.0211194 -0.860799 -0.000186272
-0.0841141 -0.849171 -0.000190486
-0.149674 -0.837322 -0.000191912
-0.21528 -0.825708 -0.000190495
-0.27841 -0.814776 -0.000186288
-0.33664 -0.804946 -0.000179455
-0.38773 -0.796596 -0.000170257
-0.429718 -0.790045 -0.000159048
-0.46099 -0.785547 -0.000146259
-0.480345 -0.783273 -0.000132381
-0.487038 -0.783312 -0.000117947
-0.480813 -0.785662 -0.000103513
-0.461909 -0.790232 -8.96322e-05
-0.431052 -0.796848 -7.68389e-05
-0.389428 -0.805254 -6.56244e-05
-0.338636 -0.815127 -5.64197e-05
-0.280628 -0.826089 -4.95785e-05
-0.217635 -0.837717 -4.53638e-05
-0.152075 -0.849566 -4.39375e-05
-0.0864689 -0.86118 -4.53545e-05
-0.0233376 -0.872112 -4.95601e-05
0.034893 -0.881942 -5.63929e-05
0.0859851 -0.890294 -6.55903e-05
0.127975 -0.896844 -7.67988e-05
0.15925 -0.901343 -8.95878e-05
0.178608 -0.903617 -0.000103466
0.185304 -0.903579 -0.000117899
0.179082 -0.901229 -0.000132334
0.16018 -0.896659 -0.000146214
0.129325 -0.890045 -0.000159008
0.0877034 -0.881639 -0.000170223
0.0369135 -0.871766 -0.000179428
-0.0210925 -0.860805 -0.00018627
-0.0840855 -0.849176 -0.000190485
0.223131 -0.907669 -9.84996e-05
0.216192 -0.905054 -0.000114538
0.195165 -0.899972 -0.00012996
0.160859 -0.892618 -0.000144173
0.114591 -0.883275 -0.000156631
0.0581399 -0.872302 -0.000166854
-0.00632509 -0.860121 -0.000174452
-0.0763268 -0.847199 -0.00017913
-0.149175 -0.834033 -0.00018071
-0.222071 -0.821129 -0.000179131
-0.292212 -0.808984 -0.000174453
-0.356904 -0.798063 -0.000166856
-0.413661 -0.788786 -0.000156633
-0.460301 -0.781511 -0.000144176
-0.495032 -0.776516 -0.000129963
-0.51652 -0.773993 -0.000114541
-0.523938 -0.77404 -9.85032e-05
-0.517003 -0.776654 -8.24649e-05
-0.495979 -0.781736 -6.70428e-05
-0.461675 -0.789089 -5.28295e-05
-0.41541 -0.798431 -4.03712e-05
-0.358961 -0.809404 -3.01467e-05
-0.294497 -0.821585 -2.2549e-05
-0.224497 -0.834507 -1.78698e-05
-0.151648 -0.847673 -1.62892e-05
-0.0787526 -0.860577 -1.78677e-05
-0.0086101 -0.872722 -2.25449e-05
0.0560835 -0.883644 -3.01408e-05
0.112842 -0.89292 -4.03636e-05
0.159485 -0.900196 -5.28206e-05
0.194219 -0.905192 -6.70329e-05
0.215709 -0.907715 -8.24544e-05
0.223131 -0.907669 -9.84925e-05
0.216198 -0.905055 -0.000114531
0.195177 -0.899975 -0.000129953
0.160877 -0.892622 -0.000144167
0.114614 -0.88328 -0.000156626
0.0581668 -0.872307 -0.000166851
-0.00629518 -0.860126 -0.000174449
-0.0762951 -0.847204 -0.000179129
-0.149143 -0.834039 -0.00018071
-0.222039 -0.821135 -0.000179132
-0.292182 -0.808989 -0.000174456
-0.356877 -0.798067 -0.00016686
-0.413638 -0.78879 -0.000156638
-0.460283 -0.781514 -0.000144182
-0.49502 -0.776517 -0.00012997
-0.516514 -0.773994 -0.000114548
-0.523938 -0.774039 -9.85103e-05
-0.517009 -0.776652 -8.24719e-05
-0.495991 -0.781733 -6.70493e-05
-0.461693 -0.789085 -5.28354e-05
-0.415433 -0.798427 -4.03763e-05
-0.358988 -0.809399 -3.01507e-05
-0.294527 -0.82158 -2.25517e-05
-0.224528 -0.834501 -1.78712e-05
-0.151681 -0.847667 -1.62892e-05
-0.0787844 -0.860571 -1.78664e-05
-0.00864009 -0.872717 -2.25421e-05
0.0560565 -0.883639 -3.01368e-05
0.112819 -0.892917 -4.03586e-05
0.159466 -0.900194 -5.28146e-05
0.194206 -0.90519 -6.70263e-05
0.215703 -0.907715 -8.24474e-05
0.223131 -0.90767 -9.84854e-05
0.216204 -0.905057 -0.000114524
0.19519 -0.899977 -0.000129947
0.160895 -0.892625 -0.000144161
0.114637 -0.883284 -0.00015662
0.0581937 -0.872312 -0.000166847
-0.00626528 -0.860132 -0.000174446
-0.0762633 -0.84721 -0.000179127
-0.14911 -0.834044 -0.00018071
-0.222007 -0.82114 -0.000179134
-0.292152 -0.808994 -0.000174458
-0.35685 -0.798072 -0.000166864
-0.413615 -0.788794 -0.000156643
-0.460265 -0.781516 -0.000144188
-0.495007 -0.776519 -0.000129976
-0.516507 -0.773994 -0.000114555
-0.523938 -0.774039 -9.85175e-05
-0.517015 -0.776651 -8.24789e-05
-0.496003 -0.78173 -6.70559e-05
-0.461711 -0.789081 -5.28413e-05
-0.415456 -0.798422 -4.03813e-05
-0.359015 -0.809394 -3.01547e-05
-0.294557 -0.821574 -2.25544e-05
-0.22456 -0.834496 -1.78726e-05
-0.151713 -0.847661 -1.62892e-05
-0.0788162 -0.860565 -1.7865e-05
-0.00867008 -0.872712 -2.25394e-05
0.0560294 -0.883635 -3.01329e-05
0.112796 -0.892913 -4.03536e-05
0.159448 -0.900191 -5.28087e-05
0.194194 -0.905189 -6.70197e-05
0.215696 -0.907714 -8.24404e-05
0.223131 -0.90767 -9.84782e-05
0.216211 -0.905059 -0.000114517
0.195202 -0.89998 -0.00012994
0.160912 -0.892629 -0.000144155
0.11466 -0.883289 -0.000156615
0.0582206 -0.872318 -0.000166843
-0.00623537 -0.860137 -0.000174443
-0.0762315 -0.847216 -0.000179126
-0.149078 -0.83405 -0.00018071
-0.221975 -0.821146 -0.000179135
-0.292122 -0.808999 -0.000174461
-0.356823 -0.798076 -0.000166868
-0.413592 -0.788797 -0.000156648
-0.460247 -0.781519 -0.000144193
-0.494995 -0.776521 -0.000129983
-0.516501 -0.773995 -0.000114562
-0.523938 -0.774038 -9.85246e-05
-0.517021 -0.776649 -8.24859e-05
-0.496016 -0.781727 -6.70625e-05
-0.461729 -0.789078 -5.28473e-05
-0.415478 -0.798418 -4.03863e-05
-0.359042 -0.809389 -3.01586e-05
-0.294587 -0.821569 -2.25571e-05
-0.224592 -0.83449 -1.7874e-05
-0.151746 -0.847656 -1.62892e-05
-0.078848 -0.86056 -1.78636e-05
-0.00870007 -0.872707 -2.25367e-05
0.0560024 -0.88363 -3.01289e-05
0.112773 -0.892909 -4.03485e-05
0.15943 -0.900188 -5.28028e-05
0.194181 -0.905187 -6.70131e-05
0.21569 -0.907714 -8.24334e-05
0.223131 -0.907671 -9.84711e-05
0.216217 -0.905061 -0.00011451
0.195214 -0.899983 -0.000129933
0.16093 -0.892633 -0.000144149
0.114682 -0.883293 -0.00015661
0.0582475 -0.872323 -0.000166839
-0.00620547 -0.860143 -0.000174441
-0.0761998 -0.847222 -0.000179125
-0.149046 -0.834056 -0.00018071
-0.221944 -0.821152 -0.000179136
-0.292092 -0.809004 -0.000174464
-0.356796 -0.798081 -0.000166872
-0.413569 -0.788801 -0.000156653
-0.460229 -0.781522 -0.000144199
-0.494982 -0.776522 -0.000129989
-0.516494 -0.773995 -0.000114569
-0.523938 -0.774037 -9.85317e-05
-0.517027 -0.776647 -8.24929e-05
-0.496028 -0.781724 -6.70691e-05
-0.461747 -0.789074 -5.28532e-05
-0.415501 -0.798413 -4.03914e-05
-0.359068 -0.809383 -3.01626e-05
-0.294617 -0.821563 -2.25599e-05
0.246643 -0.908973 -7.7422e-05
0.239276 -0.906197 -9.44482e-05
0.216954 -0.900802 -0.00011082
0.180535 -0.892995 -0.000125908
0.131417 -0.883077 -0.000139134
0.0714886 -0.871428 -0.000149987
0.00305268 -0.858496 -0.000158052
-0.071261 -0.844778 -0.000163019
-0.148597 -0.830801 -0.000164696
-0.225982 -0.817103 -0.00016302
-0.300445 -0.804209 -0.000158054
-0.369122 -0.792616 -0.000149989
-0.429374 -0.782768 -0.000139136
-0.478887 -0.775044 -0.000125912
-0.515758 -0.769741 -0.000110824
-0.538569 -0.767063 -9.44519e-05
-0.546444 -0.767113 -7.74258e-05
-0.539081 -0.769888 -6.03996e-05
-0.516762 -0.775283 -4.40275e-05
-0.480346 -0.783089 -2.89387e-05
-0.431231 -0.793007 -1.5713e-05
-0.371305 -0.804655 -4.85876e-06
-0.30287 -0.817587 3.20703e-06
-0.228558 -0.831305 8.17438e-06
-0.151222 -0.845281 9.85239e-06
-0.0738362 -0.85898 8.17659e-06
0.000626915 -0.871874 3.21138e-06
0.0693055 -0.883468 -4.85245e-06
0.12956 -0.893316 -1.5705e-05
0.179076 -0.90104 -2.89292e-05
0.215949 -0.906344 -4.4017e-05
0.238764 -0.909022 -6.03884e-05
0.246643 -0.908973 -7.74144e-05
0.239283 -0.906199 -9.44407e-05
0.216967 -0.900805 -0.000110813
0.180554 -0.892999 -0.000125902
0.131441 -0.883082 -0.000139128
0.0715171 -0.871433 -0.000149983
0.00308443 -0.858502 -0.00015805
-0.0712273 -0.844784 -0.000163018
-0.148562 -0.830807 -0.000164696
-0.225949 -0.817109 -0.000163021
-0.300413 -0.804215 -0.000158057
-0.369093 -0.79262 -0.000149994
-0.42935 -0.782772 -0.000139142
-0.478868 -0.775047 -0.000125918
-0.515744 -0.769743 -0.000110831
-0.538562 -0.767064 -9.44593e-05
-0.546444 -0.767112 -7.74334e-05
-0.539088 -0.769886 -6.0407e-05
-0.516776 -0.77528 -4.40345e-05
-0.480365 -0.783085 -2.8945e-05
-0.431255 -0.793002 -1.57184e-05
-0.371333 -0.80465 -4.86297e-06
-0.302902 -0.817581 3.20413e-06
-0.228591 -0.831299 8.1729e-06
-0.151257 -0.845275 9.85239e-06
-0.0738699 -0.858974 8.17807e-06
0.00059508 -0.871869 3.21428e-06
0.0692768 -0.883463 -4.84824e-06
0.129536 -0.893312 -1.56996e-05
0.179057 -0.901037 -2.89229e-05
0.215936 -0.906342 -4.401e-05
0.238757 -0.909022 -6.0381e-05
0.246642 -0.908974 -7.74069e-05
0.239289 -0.9062 -9.44333e-05
0.21698 -0.900808 -0.000110806
0.180573 -0.893003 -0.000125896
0.131465 -0.883086 -0.000139123
0.0715457 -0.871439 -0.000149979
0.00311617 -0.858508 -0.000158047
-0.0711935 -0.84479 -0.000163016
-0.148528 -0.830814 -0.000164696
-0.225915 -0.817115 -0.000163023
-0.300381 -0.80422 -0.00015806
-0.369064 -0.792625 -0.000149998
-0.429325 -0.782776 -0.000139147
-0.478849 -0.77505 -0.000125924
-0.515731 -0.769745 -0.000110838
-0.538555 -0.767064 -9.44667e-05
-0.546444 -0.767112 -7.74409e-05
-0.539094 -0.769884 -6.04144e-05
-0.516789 -0.775277 -4.40415e-05
-0.480384 -0.783081 -2.89513e-05
-0.431279 -0.792997 -1.57237e-05
-0.371362 -0.804644 -4.86717e-06
-0.302934 -0.817575 3.20123e-06
-0.228625 -0.831292 8.17142e-06
-0.151291 -0.845269 9.85239e-06
-0.0739037 -0.858968 8.17955e-06
0.000563243 -0.871863 3.21717e-06
0.0692481 -0.883458 -4.84403e-06
0.129511 -0.893308 -1.56943e-05
0.179037 -0.901035 -2.89166e-05
0.215923 -0.90634 -4.4003e-05
0.23875 -0.909021 -6.03736e-05
0.246642 -0.908975 -7.73993e-05
0.239296 -0.906202 -9.44259e-05
0.216993 -0.900811 -0.000110799
0.180592 -0.893007 -0.00012589
0.13149 -0.883091 -0.000139118
0.0715742 -0.871444 -0.000149975
0.00314792 -0.858514 -0.000158044
-0.0711598 -0.844796 -0.000163015
-0.148493 -0.83082 -0.000164696
-0.225881 -0.817121 -0.000163024
-0.300349 -0.804225 -0.000158063
-0.369036 -0.79263 -0.000150002
-0.429301 -0.782779 -0.000139152
-0.47883 -0.775053 -0.000125931
-0.515718 -0.769747 -0.000110845
-0.538548 -0.767065 -9.44742e-05
-0.546444 -0.767111 -7.74485e-05
-0.539101 -0.769883 -6.04218e-05
-0.516802 -0.775274 -4.40485e-05
-0.480403 -0.783077 -2.89576e-05
-0.431304 -0.792992 -1.57291e-05
-0.37139 -0.804639 -4.87138e-06
-0.302966 -0.817569 3.19833e-06
-0.228659 -0.831286 8.16994e-06
-0.151326 -0.845263 9.85239e-06
-0.0739375 -0.858962 8.18102e-06
0.000531405 -0.871858 3.22007e-06
0.0692194 -0.883454 -4.83983e-06
0.129487 -0.893304 -1.56889e-05
0.179018 -0.901032 -2.89104e-05
0.215909 -0.906338 -4.3996e-05
0.238743 -0.909021 -6.03661e-05
0.246642 -0.908975 -7.73917e-05
0.239303 -0.906204 -9.44185e-05
0.217006 -0.900814 -0.000110792
0.180611 -0.893011 -0.000125883
0.131514 -0.883096 -0.000139112
0.0716028 -0.87145 -0.000149971
0.00317966 -0.85852 -0.000158041
-0.0711261 -0.844803 -0.000163013
-0.148459 -0.830826 -0.000164696
-0.225847 -0.817126 -0.000163026
-0.300317 -0.804231 -0.000158066
-0.369007 -0.792635 -0.000150006
-0.429277 -0.782783 -0.000139158
-0.47881 -0.775056 -0.000125937
-0.515705 -0.769748 -0.000110852
-0.538542 -0.767066 -9.44816e-05
-0.546444 -0.76711 -7.74561e-05
-0.539108 -0.769881 -6.04293e-05
-0.516815 -0.775271 -4.40555e-05
-0.480422 -0.783073 -2.89639e-05
-0.431328 -0.792987 -1.57345e-05
-0.371419 -0.804633 -4.87559e-06
-0.302997 -0.817563 3.19543e-06
-0.228693 -0.83128 8.16846e-06
-0.15136 -0.845257 9.85238e-06
-0.0739713 -0.858956 8.1825e-06
0.000499565 -0.871852 3.22296e-06
0.0691907 -0.883449 -4.83562e-06
0.129463 -0.893301 -1.56836e-05
0.178999 -0.901029 -2.89041e-05
0.215896 -0.906337 -4.3989e-05
0.238736 -0.90902 -6.03587e-05
0.254936 -0.907439 -5.55019e-05
0.247425 -0.904608 -7.28617e-05
0.224666 -0.899108 -8.95544e-05
0.187532 -0.891148 -0.000104939
0.137452 -0.881035 -0.000118423
0.0763497 -0.869158 -0.000129489
0.00657279 -0.855973 -0.000137712
-0.0691971 -0.841986 -0.000142776
-0.148048 -0.827736 -0.000144486
-0.22695 -0.813769 -0.000142777
-0.302872 -0.800622 -0.000137714
-0.372894 -0.788802 -0.000129491
-0.434328 -0.778761 -0.000118426
-0.484811 -0.770886 -0.000104942
-0.522404 -0.765479 -8.9558e-05
-0.545662 -0.762749 -7.28655e-05
-0.553692 -0.762799 -5.55058e-05
-0.546184 -0.765629 -3.81459e-05
-0.523428 -0.771129 -2.1453e-05
-0.486298 -0.779088 -6.0686e-06
-0.43622 -0.7892 7.41621e-06
-0.37512 -0.801077 1.84832e-05
-0.305345 -0.814262 2.6707e-05
-0.229576 -0.828249 3.17717e-05
-0.150725 -0.8425 3.34826e-05
-0.0718227 -0.856466 3.1774e-05
0.00409949 -0.869613 2.67115e-05
0.0741238 -0.881434 1.84896e-05
0.135559 -0.891475 7.4244e-06
0.186045 -0.899351 -6.05897e-06
0.223641 -0.904758 -2.14423e-05
0.246903 -0.907489 -3.81346e-05
0.254936 -0.907439 -5.54942e-05
0.247432 -0.90461 -7.28542e-05
0.224679 -0.899111 -8.95473e-05
0.187552 -0.891152 -0.000104932
0.137477 -0.88104 -0.000118417
0.0763788 -0.869164 -0.000129485
0.00660516 -0.855979 -0.000137709
-0.0691627 -0.841992 -0.000142775
-0.148013 -0.827742 -0.000144486
-0.226916 -0.813775 -0.000142779
-0.302839 -0.800628 -0.000137717
-0.372865 -0.788806 -0.000129496
-0.434303 -0.778765 -0.000118431
-0.484791 -0.770889 -0.000104948
-0.52239 -0.765481 -8.95651e-05
-0.545655 -0.762749 -7.28731e-05
-0.553692 -0.762798 -5.55135e-05
-0.546191 -0.765627 -3.81535e-05
-0.523441 -0.771126 -2.14602e-05
-0.486317 -0.779084 -6.07502e-06
-0.436245 -0.789195 7.41075e-06
-0.375149 -0.801072 1.84789e-05
-0.305377 -0.814256 2.67041e-05
-0.22961 -0.828243 3.17702e-05
-0.15076 -0.842493 3.34826e-05
-0.0718571 -0.85646 3.17755e-05
0.00406703 -0.869608 2.67144e-05
0.0740945 -0.881429 1.84939e-05
0.135534 -0.891471 7.42986e-06
0.186025 -0.899348 -6.05255e-06
0.223628 -0.904756 -2.14352e-05
0.246896 -0.907489 -3.8127e-05
0.254936 -0.90744 -5.54865e-05
0.247438 -0.904612 -7.28466e-05
0.224692 -0.899114 -8.95401e-05
0.187571 -0.891156 -0.000104926
0.137502 -0.881045 -0.000118412
0.0764079 -0.869169 -0.000129481
0.00663753 -0.855985 -0.000137706
-0.0691283 -0.841999 -0.000142773
-0.147978 -0.827748 -0.000144486
-0.226881 -0.813781 -0.00014278
-0.302807 -0.800633 -0.00013772
-0.372836 -0.788811 -0.0001295
-0.434278 -0.778769 -0.000118436
-0.484771 -0.770892 -0.000104955
-0.522377 -0.765483 -8.95722e-05
-0.545648 -0.76275 -7.28807e-05
-0.553691 -0.762798 -5.55212e-05
-0.546198 -0.765625 -3.81611e-05
-0.523455 -0.771123 -2.14673e-05
-0.486337 -0.77908 -6.08144e-06
-0.43627 -0.789191 7.40529e-06
-0.375178 -0.801066 1.84746e-05
-0.305409 -0.81425 2.67011e-05
-0.229645 -0.828236 3.17687e-05
-0.150795 -0.842487 3.34826e-05
-0.0718916 -0.856454 3.1777e-05
0.00403457 -0.869602 2.67174e-05
0.0740653 -0.881424 1.84982e-05
0.135509 -0.891467 7.43532e-06
0.186006 -0.899345 -6.04613e-06
0.223614 -0.904755 -2.14281e-05
0.246889 -0.907488 -3.81194e-05
0.254936 -0.907441 -5.54788e-05
0.247445 -0.904614 -7.2839e-05
0.224706 -0.899117 -8.9533e-05
0.187591 -0.89116 -0.000104919
0.137526 -0.88105 -0.000118406
0.076437 -0.869175 -0.000129476
0.00666989 -0.855991 -0.000137704
-0.0690939 -0.842005 -0.000142772
-0.147943 -0.827754 -0.000144486
-0.226847 -0.813787 -0.000142782
-0.302774 -0.800639 -0.000137723
-0.372806 -0.788816 -0.000129504
-0.434253 -0.778773 -0.000118442
-0.484752 -0.770895 -0.000104961
-0.522363 -0.765484 -8.95794e-05
-0.545641 -0.76275 -7.28882e-05
-0.553691 -0.762797 -5.5529e-05
-0.546204 -0.765623 -3.81687e-05
-0.523468 -0.77112 -2.14745e-05
-0.486356 -0.779076 -6.08786e-06
-0.436295 -0.789186 7.39983e-06
-0.375207 -0.801061 1.84703e-05
-0.305442 -0.814244 2.66981e-05
-0.229679 -0.82823 3.17672e-05
-0.15083 -0.842481 3.34826e-05
-0.071926 -0.856448 3.17785e-05
0.00400211 -0.869596 2.67203e-05
0.0740361 -0.88142 1.85025e-05
0.135485 -0.891463 7.44078e-06
0.185986 -0.899342 -6.03971e-06
0.223601 -0.904753 -2.14209e-05
0.246882 -0.907488 -3.81119e-05
0.254935 -0.907441 -5.54711e-05
0.247452 -0.904616 -7.28314e-05
0.224719 -0.89912 -8.95259e-05
0.18761 -0.891164 -0.000104913
0.137551 -0.881055 -0.000118401
0.0764661 -0.86918 -0.000129472
0.00670226 -0.855997 -0.000137701
-0.0690595 -0.842011 -0.00014277
-0.147908 -0.827761 -0.000144486
-0.226813 -0.813793 -0.000142783
-0.302742 -0.800645 -0.000137726
-0.372777 -0.788821 -0.000129509
-0.434228 -0.778777 -0.000118447
-0.484732 -0.770898 -0.000104967
-0.52235 -0.765486 -8.95865e-05
-0.545634 -0.762751 -7.28958e-05
-0.553691 -0.762797 -5.55367e-05
-0.546211 -0.765621 -3.81762e-05
-0.523481 -0.771117 -2.14816e-05
-0.486375 -0.779072 -6.09428e-06
-0.436319 -0.789181 7.39437e-06
-0.375236 -0.801055 1.8466e-05
-0.305474 -0.814238 2.66952e-05
-0.229713 -0.828224 3.17657e-05
-0.150866 -0.842474 3.34826e-05
-0.0719604 -0.856442 3.178e-05
0.00396965 -0.869591 2.67233e-05
0.0740068 -0.881415 1.85068e-05
0.13546 -0.891459 7.44624e-06
0.185967 -0.899339 -6.03329e-06
0.223587 -0.904751 -2.14138e-05
0.246875 -0.907487 -3.81043e-05
0.254935 -0.907442 -5.54633e-05
0.247459 -0.904618 -7.28239e-05
0.224732 -0.899123 -8.95187e-05
0.247692 -0.903126 -3.35818e-05
0.240325 -0.90035 -5.06081e-05
0.218003 -0.894955 -6.69801e-05
0.181583 -0.887148 -8.20687e-05
0.132465 -0.877229 -9.5294e-05
0.0725365 -0.86558 -0.000106148
0.00409997 -0.852648 -0.000114213
-0.0702144 -0.83893 -0.00011918
-0.147551 -0.824954 -0.000120857
-0.224937 -0.811255 -0.00011918
-0.2994 -0.798361 -0.000114214
-0.368077 -0.786768 -0.00010615
-0.428331 -0.77692 -9.52966e-05
-0.477844 -0.769196 -8.20718e-05
-0.514715 -0.763893 -6.69836e-05
-0.537526 -0.761215 -5.06118e-05
-0.545402 -0.761265 -3.35856e-05
-0.538039 -0.76404 -1.65592e-05
-0.51572 -0.769434 -1.86972e-07
-0.479303 -0.777241 1.49019e-05
-0.430187 -0.787159 2.81277e-05
-0.370261 -0.798807 3.89821e-05
-0.301826 -0.811739 4.70479e-05
-0.227512 -0.825457 5.20153e-05
-0.150176 -0.839434 5.36934e-05
-0.0727895 -0.853133 5.20175e-05
0.00167418 -0.866027 4.70523e-05
0.0703533 -0.877621 3.89884e-05
0.130609 -0.887469 2.81357e-05
0.180125 -0.895193 1.49114e-05
0.216998 -0.900497 -1.76477e-07
0.239813 -0.903175 -1.65481e-05
0.247692 -0.903126 -3.35742e-05
0.240332 -0.900352 -5.06007e-05
0.218016 -0.894958 -6.69731e-05
0.181602 -0.887152 -8.20624e-05
0.13249 -0.877234 -9.52886e-05
0.072565 -0.865586 -0.000106144
0.00413171 -0.852654 -0.00011421
-0.0701806 -0.838937 -0.000119178
-0.147516 -0.82496 -0.000120857
-0.224903 -0.811261 -0.000119182
-0.299368 -0.798367 -0.000114217
-0.368049 -0.786772 -0.000106154
-0.428306 -0.776923 -9.5302e-05
-0.477825 -0.769199 -8.20781e-05
-0.514702 -0.763895 -6.69906e-05
-0.53752 -0.761216 -5.06192e-05
-0.545402 -0.761264 -3.35932e-05
-0.538045 -0.764038 -1.65666e-05
-0.515733 -0.769431 -1.9397e-07
-0.479322 -0.777237 1.48956e-05
-0.430211 -0.787154 2.81224e-05
-0.370289 -0.798802 3.89779e-05
-0.301857 -0.811733 4.7045e-05
-0.227546 -0.825451 5.20139e-05
-0.150211 -0.839428 5.36934e-05
-0.0728233 -0.853127 5.2019e-05
0.00164235 -0.866021 4.70552e-05
0.0703246 -0.877616 3.89926e-05
0.130584 -0.887465 2.81411e-05
0.180105 -0.89519 1.49177e-05
0.216985 -0.900495 -1.69481e-07
0.239806 -0.903175 -1.65406e-05
0.247692 -0.903127 -3.35666e-05
0.240339 -0.900353 -5.05932e-05
0.218029 -0.894961 -6.69661e-05
0.181621 -0.887156 -8.20561e-05
0.132514 -0.877239 -9.52833e-05
0.0725936 -0.865591 -0.000106139
0.00416346 -0.85266 -0.000114207
-0.0701469 -0.838943 -0.000119177
-0.147482 -0.824966 -0.000120857
-0.22487 -0.811267 -0.000119183
-0.299336 -0.798372 -0.00011422
-0.36802 -0.786777 -0.000106158
-0.428282 -0.776927 -9.53074e-05
-0.477806 -0.769202 -8.20844e-05
-0.514688 -0.763897 -6.69976e-05
-0.537513 -0.761216 -5.06267e-05
-0.545402 -0.761263 -3.36007e-05
-0.538052 -0.764036 -1.65741e-05
-0.515746 -0.769428 -2.00967e-07
-0.479341 -0.777233 1.48894e-05
-0.430236 -0.787149 2.8117e-05
-0.370318 -0.798796 3.89737e-05
-0.301889 -0.811727 4.70421e-05
-0.22758 -0.825445 5.20124e-05
-0.150245 -0.839422 5.36934e-05
-0.0728571 -0.853121 5.20205e-05
0.00161051 -0.866016 4.70581e-05
0.070296 -0.877611 3.89968e-05
0.13056 -0.887461 2.81465e-05
0.180086 -0.895187 1.4924e-05
0.216972 -0.900493 -1.62484e-07
0.239799 -0.903174 -1.65332e-05
0.247692 -0.903128 -3.35591e-05
0.240345 -0.900355 -5.05858e-05
0.218042 -0.894964 -6.69591e-05
0.18164 -0.88716 -8.20498e-05
0.132538 -0.877244 -9.52779e-05
0.0726221 -0.865597 -0.000106135
0.00419521 -0.852666 -0.000114204
-0.0701132 -0.838949 -0.000119175
-0.147447 -0.824972 -0.000120857
-0.224836 -0.811273 -0.000119185
-0.299304 -0.798377 -0.000114223
-0.367991 -0.786782 -0.000106162
-0.428257 -0.776931 -9.53127e-05
-0.477786 -0.769204 -8.20907e-05
-0.514675 -0.763898 -6.70046e-05
-0.537506 -0.761217 -5.06341e-05
-0.545401 -0.761263 -3.36083e-05
-0.538058 -0.764034 -1.65815e-05
-0.515759 -0.769426 -2.07965e-07
-0.47936 -0.777229 1.48831e-05
-0.43026 -0.787144 2.81116e-05
-0.370346 -0.798791 3.89695e-05
-0.301921 -0.811721 4.70392e-05
-0.227614 -0.825439 5.20109e-05
-0.15028 -0.839415 5.36934e-05
-0.0728909 -0.853115 5.2022e-05
0.00157867 -0.86601 4.7061e-05
0.0702673 -0.877606 3.9001e-05
0.130535 -0.887457 2.81518e-05
0.180067 -0.895185 1.49303e-05
0.216959 -0.900491 -1.55488e-07
0.239793 -0.903174 -1.65258e-05
0.247692 -0.903128 -3.35515e-05
0.240352 -0.900357 -5.05784e-05
0.218056 -0.894966 -6.69521e-05
0.181659 -0.887164 -8.20435e-05
0.132562 -0.877249 -9.52725e-05
0.0726507 -0.865602 -0.000106131
0.00422695 -0.852672 -0.000114201
-0.0700794 -0.838955 -0.000119174
-0.147413 -0.824978 -0.000120857
-0.224802 -0.811279 -0.000119186
-0.299273 -0.798383 -0.000114226
-0.367963 -0.786787 -0.000106167
-0.428233 -0.776935 -9.53181e-05
-0.477767 -0.769207 -8.2097e-05
-0.514662 -0.7639 -6.70116e-05
-0.537499 -0.761217 -5.06415e-05
-0.545401 -0.761262 -3.36159e-05
-0.538065 -0.764033 -1.65889e-05
-0.515772 -0.769423 -2.14963e-07
-0.479379 -0.777225 1.48768e-05
-0.430284 -0.787139 2.81063e-05
-0.370375 -0.798786 3.89652e-05
-0.301953 -0.811715 4.70363e-05
-0.227647 -0.825432 5.20094e-05
-0.150314 -0.839409 5.36934e-05
-0.0729246 -0.853109 5.20234e-05
0.00154683 -0.866005 4.70639e-05
0.0702386 -0.877602 3.90052e-05
0.130511 -0.887453 2.81572e-05
0.180048 -0.895182 1.49366e-05
0.216945 -0.90049 -1.48492e-07
0.239786 -0.903173 -1.65183e-05
0.225189 -0.896199 -1.25039e-05
0.21825 -0.893584 -2.85424e-05
0.197223 -0.888502 -4.39646e-05
0.162916 -0.881148 -5.81778e-05
0.116647 -0.871805 -7.06359e-05
0.0601954 -0.860832 -8.086e-05
-0.00427076 -0.84865 -8.84573e-05
-0.0742738 -0.835728 -9.31358e-05
-0.147123 -0.822562 -9.47158e-05
-0.22002 -0.809658 -9.31365e-05
-0.290163 -0.797513 -8.84587e-05
-0.354856 -0.786592 -8.0862e-05
-0.411614 -0.777315 -7.06384e-05
-0.458255 -0.770039 -5.81808e-05
-0.492987 -0.765044 -4.39679e-05
-0.514475 -0.762521 -2.85459e-05
-0.521893 -0.762568 -1.25075e-05
-0.514957 -0.765182 3.53113e-06
-0.493933 -0.770264 1.89535e-05
-0.459629 -0.777617 3.31671e-05
-0.413363 -0.78696 4.56256e-05
-0.356913 -0.797933 5.58502e-05
-0.292448 -0.810114 6.34481e-05
-0.222446 -0.823037 6.81273e-05
-0.149597 -0.836202 6.9708e-05
-0.0766995 -0.849106 6.81294e-05
-0.00655581 -0.861252 6.34522e-05
0.0581389 -0.872174 5.58562e-05
0.114899 -0.881451 4.56331e-05
0.161542 -0.888727 3.3176e-05
0.196276 -0.893723 1.89634e-05
0.217768 -0.896246 3.54163e-06
0.225189 -0.8962 -1.24968e-05
0.218256 -0.893586 -2.85354e-05
0.197235 -0.888505 -4.3958e-05
0.162934 -0.881152 -5.81719e-05
0.11667 -0.87181 -7.06308e-05
0.0602223 -0.860837 -8.0856e-05
-0.00424085 -0.848656 -8.84546e-05
-0.074242 -0.835734 -9.31344e-05
-0.147091 -0.822568 -9.47158e-05
-0.219989 -0.809664 -9.31379e-05
-0.290133 -0.797518 -8.84614e-05
-0.354829 -0.786596 -8.08659e-05
-0.411591 -0.777319 -7.06434e-05
-0.458237 -0.770042 -5.81867e-05
-0.492974 -0.765046 -4.39745e-05
-0.514468 -0.762522 -2.85529e-05
-0.521893 -0.762567 -1.25146e-05
-0.514964 -0.765181 3.52414e-06
-0.493946 -0.770261 1.89469e-05
-0.459647 -0.777614 3.31611e-05
-0.413386 -0.786955 4.56205e-05
-0.35694 -0.797928 5.58462e-05
-0.292478 -0.810109 6.34454e-05
-0.222478 -0.823031 6.81259e-05
-0.149629 -0.836197 6.9708e-05
-0.0767314 -0.849101 6.81308e-05
-0.0065858 -0.861247 6.3455e-05
0.0581119 -0.872169 5.58601e-05
0.114876 -0.881447 4.56382e-05
0.161524 -0.888724 3.31819e-05
0.196264 -0.893721 1.897e-05
0.217761 -0.896245 3.54863e-06
0.225189 -0.8962 -1.24896e-05
0.218263 -0.893588 -2.85284e-05
0.197248 -0.888508 -4.39514e-05
0.162952 -0.881156 -5.8166e-05
0.116693 -0.871814 -7.06258e-05
0.0602492 -0.860842 -8.08521e-05
-0.00421095 -0.848661 -8.84518e-05
-0.0742102 -0.83574 -9.3133e-05
-0.147059 -0.822574 -9.47158e-05
-0.219957 -0.809669 -9.31393e-05
-0.290103 -0.797523 -8.84641e-05
-0.354802 -0.7866 -8.08699e-05
-0.411568 -0.777322 -7.06485e-05
-0.458219 -0.770045 -5.81927e-05
-0.492962 -0.765047 -4.39811e-05
-0.514462 -0.762522 -2.85599e-05
-0.521893 -0.762567 -1.25217e-05
-0.51497 -0.765179 3.51714e-06
-0.493958 -0.770258 1.89403e-05
-0.459665 -0.77761 3.31552e-05
-0.413409 -0.786951 4.56155e-05
-0.356967 -0.797923 5.58423e-05
-0.292508 -0.810103 6.34427e-05
-0.22251 -0.823025 6.81246e-05
-0.149662 -0.836191 6.9708e-05
-0.0767632 -0.849095 6.81322e-05
-0.00661579 -0.861242 6.34577e-05
0.0580849 -0.872165 5.58641e-05
0.114853 -0.881443 4.56432e-05
0.161506 -0.888722 3.31878e-05
0.196251 -0.893719 1.89766e-05
0.217755 -0.896245 3.55562e-06
0.225189 -0.896201 -1.24825e-05
0.218269 -0.893589 -2.85214e-05
0.19726 -0.888511 -4.39449e-05
0.16297 -0.88116 -5.816e-05
0.116716 -0.871819 -7.06207e-05
0.0602761 -0.860848 -8.08481e-05
-0.00418104 -0.848667 -8.84491e-05
-0.0741785 -0.835746 -9.31317e-05
-0.147026 -0.82258 -9.47158e-05
-0.219925 -0.809675 -9.31407e-05
-0.290073 -0.797528 -8.84668e-05
-0.354775 -0.786605 -8.08739e-05
-0.411545 -0.777326 -7.06535e-05
-0.458201 -0.770047 -5.81986e-05
-0.492949 -0.765049 -4.39877e-05
-0.514456 -0.762523 -2.85669e-05
-0.521893 -0.762566 -1.25289e-05
-0.514976 -0.765177 3.51014e-06
-0.49397 -0.770256 1.89338e-05
-0.459683 -0.777606 3.31493e-05
-0.413431 -0.786946 4.56104e-05
-0.356994 -0.797917 5.58383e-05
-0.292538 -0.810098 6.34399e-05
-0.222541 -0.823019 6.81232e-05
-0.149694 -0.836185 6.9708e-05
-0.076795 -0.84909 6.81336e-05
-0.00664578 -0.861237 6.34604e-05
0.0580579 -0.87216 5.5868e-05
0.11483 -0.88144 4.56482e-05
0.161488 -0.888719 3.31938e-05
0.196239 -0.893718 1.89832e-05
0.217748 -0.896244 3.56262e-06
0.225189 -0.896202 -1.24754e-05
0.218275 -0.893591 -2.85144e-05
0.197272 -0.888513 -4.39383e-05
0.162988 -0.881163 -5.81541e-05
0.116739 -0.871823 -7.06157e-05
0.060303 -0.860853 -8.08441e-05
-0.00415114 -0.848673 -8.84464e-05
-0.0741467 -0.835751 -9.31303e-05
-0.146994 -0.822585 -9.47158e-05
-0.219893 -0.809681 -9.31421e-05
-0.290043 -0.797533 -8.84696e-05
-0.354748 -0.786609 -8.08778e-05
-0.411522 -0.77733 -7.06586e-05
-0.458183 -0.77005 -5.82045e-05
-0.492937 -0.765051 -4.39943e-05
-0.514449 -0.762524 -2.85739e-05
-0.521893 -0.762566 -1.2536e-05
-0.514982 -0.765176 3.50314e-06
-0.493982 -0.770253 1.89272e-05
-0.459701 -0.777602 3.31433e-05
-0.413454 -0.786942 4.56054e-05
-0.35702 -0.797912 5.58344e-05
-0.292568 -0.810092 6.34372e-05
0.188293 -0.886926 6.92174e-06
0.182048 -0.884572 -7.51268e-06
0.163124 -0.879998 -2.13924e-05
0.132248 -0.87338 -3.41841e-05
0.0906068 -0.864971 -4.53961e-05
0.0398008 -0.855096 -5.45977e-05
-0.0182177 -0.844132 -6.14351e-05
-0.0812193 -0.832503 -6.56457e-05
-0.146783 -0.820653 -6.70677e-05
-0.212389 -0.80904 -6.56463e-05
-0.275516 -0.798109 -6.14363e-05
-0.333739 -0.78828 -5.45994e-05
-0.38482 -0.779932 -4.53984e-05
-0.426796 -0.773384 -3.41867e-05
-0.458054 -0.768888 -2.13954e-05
-0.477393 -0.766618 -7.51583e-06
-0.48407 -0.76666 6.91853e-06
-0.477828 -0.769012 2.1353e-05
-0.458906 -0.773586 3.52329e-05
-0.428033 -0.780204 4.80249e-05
-0.386394 -0.788612 5.92373e-05
-0.33559 -0.798487 6.84394e-05
-0.277573 -0.809451 7.52774e-05
-0.214572 -0.82108 7.94886e-05
-0.149009 -0.832929 8.09112e-05
-0.0834025 -0.844543 7.94904e-05
-0.0202742 -0.855474 7.5281e-05
0.03795 -0.865303 6.84447e-05
0.0890328 -0.873652 5.92441e-05
0.131011 -0.880201 4.80329e-05
0.162272 -0.884697 3.52418e-05
0.181613 -0.886968 2.13625e-05
0.188293 -0.886926 6.92816e-06
0.182053 -0.884574 -7.50638e-06
0.163135 -0.880001 -2.13865e-05
0.132264 -0.873383 -3.41787e-05
0.0906273 -0.864975 -4.53916e-05
0.039825 -0.8551 -5.45941e-05
-0.0181908 -0.844137 -6.14326e-05
-0.0811907 -0.832508 -6.56445e-05
-0.146754 -0.820659 -6.70677e-05
-0.21236 -0.809045 -6.56476e-05
-0.275489 -0.798114 -6.14388e-05
-0.333715 -0.788284 -5.4603e-05
-0.3848 -0.779935 -4.54029e-05
-0.42678 -0.773386 -3.41921e-05
-0.458043 -0.768889 -2.14013e-05
-0.477387 -0.766618 -7.52213e-06
-0.48407 -0.766659 6.91211e-06
-0.477833 -0.769011 2.13467e-05
-0.458917 -0.773583 3.5227e-05
-0.428049 -0.7802 4.80195e-05
-0.386415 -0.788608 5.92328e-05
-0.335614 -0.798483 6.84358e-05
-0.2776 -0.809446 7.52749e-05
-0.214601 -0.821075 7.94873e-05
-0.149038 -0.832924 8.09112e-05
-0.0834311 -0.844538 7.94917e-05
-0.0203012 -0.855469 7.52835e-05
0.0379257 -0.865299 6.84483e-05
0.0890121 -0.873649 5.92487e-05
0.130995 -0.880198 4.80382e-05
0.16226 -0.884695 3.52478e-05
0.181607 -0.886967 2.13688e-05
0.188293 -0.886927 6.93458e-06
0.182059 -0.884575 -7.50009e-06
0.163146 -0.880003 -2.13805e-05
0.13228 -0.873387 -3.41734e-05
0.0906479 -0.86498 -4.5387e-05
0.0398492 -0.855105 -5.45905e-05
-0.0181639 -0.844142 -6.14302e-05
-0.0811621 -0.832513 -6.56432e-05
-0.146725 -0.820664 -6.70677e-05
-0.212332 -0.80905 -6.56488e-05
-0.275462 -0.798118 -6.14412e-05
-0.333691 -0.788288 -5.46066e-05
-0.384779 -0.779938 -4.54075e-05
-0.426764 -0.773388 -3.41974e-05
-0.458032 -0.768891 -2.14072e-05
-0.477382 -0.766619 -7.52842e-06
-0.48407 -0.766659 6.90569e-06
-0.477839 -0.769009 2.13404e-05
-0.458928 -0.773581 3.52211e-05
-0.428065 -0.780197 4.80142e-05
-0.386435 -0.788604 5.92282e-05
-0.335638 -0.798478 6.84322e-05
-0.277627 -0.809441 7.52724e-05
-0.214629 -0.82107 7.94861e-05
-0.149067 -0.832919 8.09112e-05
-0.0834597 -0.844533 7.9493e-05
-0.0203282 -0.855465 7.5286e-05
0.0379014 -0.865295 6.84518e-05
0.0889914 -0.873646 5.92532e-05
0.130978 -0.880196 4.80436e-05
0.162249 -0.884694 3.52537e-05
0.181602 -0.886967 2.13751e-05
0.188292 -0.886927 6.941e-06
0.182064 -0.884577 -7.49379e-06
0.163157 -0.880006 -2.13746e-05
0.132296 -0.87339 -3.41681e-05
0.0906685 -0.864984 -4.53825e-05
0.0398734 -0.85511 -5.45869e-05
-0.018137 -0.844147 -6.14277e-05
-0.0811335 -0.832518 -6.5642e-05
-0.146695 -0.820669 -6.70677e-05
-0.212303 -0.809055 -6.56501e-05
-0.275435 -0.798123 -6.14437e-05
-0.333666 -0.788292 -5.46101e-05
-0.384758 -0.779941 -4.5412e-05
-0.426747 -0.773391 -3.42028e-05
-0.458021 -0.768892 -2.14132e-05
-0.477376 -0.766619 -7.53472e-06
-0.48407 -0.766658 6.89927e-06
-0.477844 -0.769008 2.13341e-05
-0.458939 -0.773578 3.52151e-05
-0.428081 -0.780194 4.80089e-05
-0.386456 -0.7886 5.92237e-05
-0.335663 -0.798474 6.84286e-05
-0.277654 -0.809436 7.527e-05
-0.214658 -0.821065 7.94848e-05
-0.149096 -0.832914 8.09112e-05
-0.0834884 -0.844528 7.94942e-05
-0.0203552 -0.85546 7.52884e-05
0.0378771 -0.865291 6.84554e-05
0.0889707 -0.873642 5.92577e-05
0.130962 -0.880193 4.80489e-05
0.162238 -0.884692 3.52596e-05
0.181596 -0.886966 2.13814e-05
0.188292 -0.886928 6.94742e-06
0.18207 -0.884578 -7.48749e-06
0.163168 -0.880008 -2.13687e-05
0.132312 -0.873393 -3.41627e-05
0.090689 -0.864988 -4.53779e-05
0.0398976 -0.855114 -5.45834e-05
-0.0181101 -0.844152 -6.14253e-05
-0.0811049 -0.832523 -6.56407e-05
0.13842 -0.875661 2.39486e-05
0.133109 -0.87366 1.1673e-05
0.117015 -0.86977 -1.30877e-07
0.090757 -0.864141 -1.10094e-05
0.0553439 -0.85699 -2.05446e-05
0.0121364 -0.848592 -2.837e-05
-0.0372049 -0.839268 -3.41848e-05
-0.0907841 -0.829377 -3.77657e-05
-0.146542 -0.8193 -3.8975e-05
-0.202336 -0.809424 -3.77662e-05
-0.256022 -0.800128 -3.41859e-05
-0.305537 -0.791769 -2.83715e-05
-0.348979 -0.784669 -2.05465e-05
-0.384677 -0.7791 -1.10117e-05
-0.41126 -0.775277 -1.334e-07
-0.427707 -0.773346 1.16703e-05
-0.433385 -0.773382 2.39459e-05
-0.428076 -0.775383 3.62216e-05
-0.411984 -0.779272 4.80256e-05
-0.385729 -0.7849 5.89044e-05
-0.350317 -0.792051 6.84399e-05
-0.307111 -0.80045 7.62657e-05
-0.257771 -0.809773 8.2081e-05
-0.204193 -0.819663 8.56624e-05
-0.148435 -0.82974 8.68723e-05
-0.0926407 -0.839617 8.5664e-05
-0.0389539 -0.848913 8.20842e-05
0.0105624 -0.857272 7.62703e-05
0.0540052 -0.864373 6.84457e-05
0.0897053 -0.869942 5.89112e-05
0.116291 -0.873765 4.80332e-05
0.132739 -0.875697 3.62296e-05
0.13842 -0.875661 2.39541e-05
0.133114 -0.873661 1.16784e-05
0.117024 -0.869772 -1.25833e-07
0.0907707 -0.864144 -1.10049e-05
0.0553613 -0.856994 -2.05407e-05
0.012157 -0.848595 -2.83669e-05
-0.0371821 -0.839272 -3.41827e-05
-0.0907597 -0.829382 -3.77646e-05
-0.146517 -0.819305 -3.8975e-05
-0.202312 -0.809428 -3.77673e-05
-0.255999 -0.800132 -3.4188e-05
-0.305517 -0.791773 -2.83745e-05
-0.348961 -0.784672 -2.05504e-05
-0.384663 -0.779102 -1.10162e-05
-0.41125 -0.775278 -1.38444e-07
-0.427702 -0.773347 1.1665e-05
-0.433385 -0.773381 2.39404e-05
-0.428081 -0.775382 3.62162e-05
-0.411994 -0.77927 4.80206e-05
-0.385742 -0.784898 5.88999e-05
-0.350335 -0.792048 6.84361e-05
-0.307132 -0.800446 7.62627e-05
-0.257794 -0.809769 8.20789e-05
-0.204217 -0.819659 8.56614e-05
-0.14846 -0.829736 8.68723e-05
-0.0926651 -0.839613 8.56651e-05
-0.0389768 -0.848909 8.20863e-05
0.0105417 -0.857269 7.62733e-05
0.0539876 -0.86437 6.84496e-05
0.0896914 -0.86994 5.89158e-05
0.116281 -0.873764 4.80382e-05
0.132735 -0.875696 3.6235e-05
0.13842 -0.875662 2.39596e-05
0.133118 -0.873662 1.16837e-05
0.117034 -0.869774 -1.20788e-07
0.0907845 -0.864147 -1.10003e-05
0.0553788 -0.856997 -2.05369e-05
0.0121776 -0.848599 -2.83639e-05
-0.0371592 -0.839276 -3.41806e-05
-0.0907354 -0.829386 -3.77636e-05
-0.146492 -0.819309 -3.8975e-05
-0.202287 -0.809433 -3.77684e-05
-0.255976 -0.800136 -3.419e-05
-0.305496 -0.791776 -2.83776e-05
-0.348943 -0.784675 -2.05543e-05
-0.384649 -0.779104 -1.10208e-05
-0.411241 -0.77528 -1.43488e-07
-0.427697 -0.773347 1.16596e-05
-0.433384 -0.773381 2.3935e-05
-0.428085 -0.77538 3.62109e-05
-0.412003 -0.779268 4.80155e-05
-0.385756 -0.784895 5.88953e-05
-0.350352 -0.792044 6.84322e-05
-0.307152 -0.800442 7.62597e-05
-0.257817 -0.809765 8.20769e-05
-0.204241 -0.819655 8.56603e-05
-0.148485 -0.829732 8.68723e-05
-0.0926894 -0.839608 8.56662e-05
-0.0389998 -0.848905 8.20884e-05
0.010521 -0.857265 7.62763e-05
0.05397 -0.864367 6.84534e-05
0.0896776 -0.869938 5.89203e-05
0.116271 -0.873763 4.80433e-05
0.13273 -0.875696 3.62403e-05
0.13842 -0.875662 2.3965e-05
0.133123 -0.873663 1.16891e-05
0.117043 -0.869776 -1.15743e-07
0.0907982 -0.86415 -1.09958e-05
0.0553963 -0.857001 -2.0533e-05
0.0121981 -0.848603 -2.83609e-05
-0.0371363 -0.839281 -3.41785e-05
-0.0907111 -0.829391 -3.77625e-05
-0.146468 -0.819314 -3.8975e-05
-0.202263 -0.809437 -3.77694e-05
-0.255953 -0.80014 -3.41921e-05
-0.305475 -0.791779 -2.83806e-05
-0.348926 -0.784677 -2.05581e-05
-0.384635 -0.779106 -1.10253e-05
-0.411231 -0.775281 -1.48533e-07
-0.427692 -0.773347 1.16543e-05
-0.433384 -0.773381 2.39295e-05
-0.42809 -0.775379 3.62055e-05
-0.412013 -0.779266 4.80105e-05
-0.38577 -0.784892 5.88908e-05
0.0774876 -0.862838 3.79225e-05
0.0733146 -0.861266 2.82774e-05
0.0606695 -0.85821 1.90029e-05
0.0400383 -0.853787 1.04555e-05
0.0122138 -0.848169 2.96365e-06
-0.0217348 -0.84157 -3.18483e-06
-0.0605028 -0.834244 -7.75362e-06
-0.1026 -0.826473 -1.05672e-05
-0.14641 -0.818555 -1.15173e-05
-0.190248 -0.810795 -1.05676e-05
-0.23243 -0.803491 -7.75444e-06
-0.271334 -0.796924 -3.18602e-06
-0.305467 -0.791345 2.96213e-06
-0.333515 -0.78697 1.04537e-05
-0.354402 -0.783966 1.90009e-05
-0.367324 -0.782449 2.82753e-05
-0.371785 -0.782477 3.79203e-05
-0.367614 -0.784049 4.75654e-05
-0.354971 -0.787105 5.684e-05
-0.334342 -0.791527 6.53876e-05
-0.306519 -0.797145 7.28798e-05
-0.272571 -0.803744 7.90286e-05
-0.233804 -0.81107 8.35977e-05
-0.191707 -0.818841 8.64117e-05
-0.147897 -0.826758 8.73622e-05
-0.104059 -0.834518 8.64129e-05
-0.061877 -0.841823 8.36002e-05
-0.0229715 -0.84839 7.90321e-05
0.011162 -0.853969 7.28843e-05
0.0392119 -0.858345 6.5393e-05
0.0601003 -0.861349 5.6846e-05
0.0730244 -0.862867 4.75718e-05
0.0774876 -0.862839 3.79268e-05
0.0733183 -0.861267 2.82816e-05
0.0606769 -0.858211 1.90069e-05
0.0400491 -0.85379 1.04591e-05
0.0122275 -0.848171 2.96668e-06
-0.0217186 -0.841573 -3.18245e-06
-0.0604848 -0.834247 -7.75198e-06
-0.102581 -0.826476 -1.05663e-05
-0.146391 -0.818559 -1.15173e-05
-0.190229 -0.810799 -1.05684e-05
-0.232412 -0.803494 -7.75608e-06
-0.271318 -0.796926 -3.18841e-06
-0.305453 -0.791347 2.9591e-06
-0.333504 -0.786971 1.04502e-05
-0.354394 -0.783967 1.8997e-05
-0.36732 -0.782449 2.82711e-05
-0.371785 -0.782476 3.7916e-05
-0.367618 -0.784048 4.75612e-05
-0.354978 -0.787103 5.6836e-05
-0.334352 -0.791525 6.5384e-05
-0.306532 -0.797143 7.28767e-05
-0.272587 -0.803741 7.90262e-05
-0.233822 -0.811066 8.35961e-05
-0.191726 -0.818837 8.64108e-05
-0.147917 -0.826755 8.73622e-05
-0.104078 -0.834515 8.64138e-05
-0.061895 -0.841819 8.36018e-05
-0.0229877 -0.848388 7.90345e-05
0.0111482 -0.853967 7.28873e-05
0.039201 -0.858343 6.53965e-05
0.0600928 -0.861348 5.68499e-05
0.0730205 -0.862866 4.7576e-05
0.0774875 -0.862839 3.7931e-05
0.0733221 -0.861268 2.82858e-05
0.0606843 -0.858213 1.90109e-05
0.0400599 -0.853792 1.04627e-05
0.0122413 -0.848174 2.96971e-06
-0.0217024 -0.841576 -3.18006e-06
-0.0604668 -0.834251 -7.75034e-06
-0.102562 -0.82648 -1.05655e-05
-0.146371 -0.818562 -1.15173e-05
-0.19021 -0.810802 -1.05692e-05
-0.232394 -0.803497 -7.75772e-06
-0.271302 -0.796929 -3.19079e-06
-0.305439 -0.791349 2.95606e-06
-0.333493 -0.786973 1.04466e-05
-0.354387 -0.783968 1.8993e-05
-0.367316 -0.782449 2.82669e-05
-0.371785 -0.782476 3.79117e-05
-0.367622 -0.784047 4.7557e-05
-0.354986 -0.787101 5.68321e-05
-0.334363 -0.791522 6.53805e-05
-0.306546 -0.79714 7.28737e-05
-0.272603 -0.803738 7.90238e-05
-0.23384 -0.811063 8.35944e-05
-0.191745 -0.818834 8.641e-05
-0.147936 -0.826751 8.73622e-05
-0.104098 -0.834512 8.64146e-05
-0.061913 -0.841816 8.36035e-05
0.00783719 -0.848951 4.83062e-05
0.00496265 -0.847867 4.16623e-05
-0.00374777 -0.845762 3.52737e-05
-0.0179594 -0.842716 2.9386e-05
-0.037126 -0.838846 2.42252e-05
-0.060511 -0.8343 1.99899e-05
-0.087216 -0.829254 1.68428e-05
-0.116214 -0.823901 1.49047e-05
-0.146392 -0.818447 1.42502e-05
-0.17659 -0.813101 1.49044e-05
-0.205646 -0.80807 1.68422e-05
-0.232445 -0.803546 1.99891e-05
-0.255957 -0.799703 2.42242e-05
-0.275278 -0.796689 2.93847e-05
-0.289665 -0.79462 3.52724e-05
-0.298566 -0.793575 4.16609e-05
-0.30164 -0.793594 4.83048e-05
-0.298766 -0.794677 5.49487e-05
-0.290057 -0.796782 6.13374e-05
-0.275847 -0.799829 6.72253e-05
-0.256681 -0.803699 7.23862e-05
-0.233297 -0.808244 7.66217e-05
-0.206593 -0.81329 7.97691e-05
-0.177594 -0.818643 8.17075e-05
-0.147417 -0.824097 8.23623e-05
-0.117219 -0.829443 8.17083e-05
-0.0881625 -0.834474 7.97708e-05
-0.0613629 -0.838998 7.66242e-05
-0.0378504 -0.842841 7.23893e-05
-0.0185286 -0.845855 6.7229e-05
-0.00413989 -0.847925 6.13415e-05
0.00476273 -0.84897 5.4953e-05
0.00783715 -0.848951 4.83092e-05
0.00496523 -0.847868 4.16652e-05
-0.00374268 -0.845763 3.52765e-05
-0.0179519 -0.842717 2.93884e-05
-0.0371165 -0.838847 2.42273e-05
-0.0604999 -0.834302 1.99916e-05
-0.0872036 -0.829256 1.68439e-05
-0.116201 -0.823903 1.49053e-05
-0.146379 -0.818449 1.42502e-05
-0.176576 -0.813104 1.49038e-05
-0.205634 -0.808072 1.68411e-05
-0.232434 -0.803548 1.99875e-05
-0.255947 -0.799705 2.42221e-05
-0.27527 -0.79669 2.93823e-05
-0.28966 -0.794621 3.52696e-05
-0.298564 -0.793575 4.1658e-05
-0.301639 -0.793594 4.83018e-05
-0.298769 -0.794677 5.49458e-05
-0.290062 -0.796781 6.13346e-05
-0.275854 -0.799827 6.72228e-05
-0.256691 -0.803697 7.23841e-05
-0.233308 -0.808242 7.66201e-05
-0.206605 -0.813288 7.9768e-05
-0.177608 -0.818641 8.17069e-05
-0.14743 -0.824095 8.23623e-05
-0.117233 -0.82944 8.17089e-05
-0.088175 -0.834472 7.9772e-05
-0.0613741 -0.838996 7.66258e-05
-0.03786 -0.84284 7.23914e-05
-0.0185361 -0.845854 6.72314e-05
-0.00414507 -0.847924 6.13442e-05
-0.0678548 -0.834531 5.47009e-05
-0.0693204 -0.833979 5.13135e-05
-0.0737614 -0.832906 4.80563e-05
-0.0810072 -0.831353 4.50544e-05
-0.0907794 -0.829379 4.24232e-05
-0.102702 -0.827062 4.02638e-05
-0.116318 -0.824489 3.86592e-05
-0.131103 -0.82176 3.76711e-05
-0.146489 -0.818979 3.73374e-05
-0.161885 -0.816254 3.76709e-05
-0.1767 -0.813688 3.86589e-05
-0.190363 -0.811382 4.02634e-05
-0.202351 -0.809422 4.24226e-05
-0.212202 -0.807886 4.50537e-05
-0.219537 -0.806831 4.80556e-05
-0.224076 -0.806298 5.13128e-05
-0.225642 -0.806308 5.47002e-05
-0.224178 -0.80686 5.80876e-05
-0.219737 -0.807933 6.13449e-05
-0.212492 -0.809486 6.43469e-05
-0.20272 -0.81146 6.69782e-05
-0.190798 -0.813777 6.91377e-05
-0.177182 -0.81635 7.07424e-05
-0.162398 -0.819079 7.17306e-05
-0.147012 -0.82186 7.20645e-05
-0.131615 -0.824585 7.17311e-05
-0.116801 -0.82715 7.07432e-05
-0.103137 -0.829457 6.91389e-05
-0.0911488 -0.831416 6.69798e-05
-0.0812974 -0.832953 6.43487e-05
-0.0739613 -0.834008 6.1347e-05
-0.0694223 -0.834541 5.80898e-05
-0.14668 -0.820135 5.68608e-05
