-0.641852 0.307604 0.00431568
-0.587444 0.421714 0.0042683
-0.589019 0.419776 0.00415473
-0.592633 0.413531 0.00404552
-0.598147 0.403219 0.00394487
-0.60535 0.389238 0.00385665
-0.613963 0.372123 0.00378425
-0.623658 0.352534 0.00373045
-0.63406 0.331222 0.00369732
-0.64477 0.309006 0.00368613
-0.655377 0.286741 0.00369731
-0.665473 0.265282 0.00373044
-0.67467 0.245453 0.00378424
-0.682614 0.228017 0.00385663
-0.689 0.213644 0.00394485
-0.693584 0.202885 0.00404549
-0.696188 0.196155 0.0041547
-0.696713 0.193712 0.00426828
-0.695138 0.195649 0.00438185
-0.691525 0.201893 0.00449106
-0.686011 0.212204 0.00459171
-0.678809 0.226185 0.00467993
-0.670195 0.243299 0.00475234
-0.660501 0.262888 0.00480614
-0.650099 0.2842 0.00483928
-0.639389 0.306415 0.00485047
-0.628782 0.32868 0.00483929
-0.618686 0.35014 0.00480617
-0.609489 0.369969 0.00475238
-0.601544 0.387405 0.00467999
-0.595157 0.40178 0.00459178
-0.590573 0.412539 0.00449113
-0.587969 0.41927 0.00438192
-0.53558 0.531657 0.00412797
-0.538669 0.527854 0.00390519
-0.545759 0.515604 0.00369097
-0.556575 0.495377 0.00349354
-0.570704 0.467951 0.00332049
-0.5876 0.43438 0.00317847
-0.606616 0.395954 0.00307294
-0.627021 0.354148 0.00300795
-0.64803 0.310571 0.00298601
-0.668836 0.266897 0.00300794
-0.68864 0.224803 0.00307292
-0.70668 0.185908 0.00317844
-0.722263 0.151706 0.00332045
-0.734791 0.123511 0.0034935
-0.743782 0.102407 0.00369092
-0.74889 0.0892054 0.00390514
-0.749919 0.0844129 0.00412792
-0.746831 0.0882138 0.00435071
-0.739742 0.100462 0.00456493
-0.728926 0.120687 0.00476237
-0.714799 0.148111 0.00493542
-0.697902 0.181681 0.00507745
-0.678887 0.220107 0.00518299
-0.658482 0.261911 0.00524798
-0.637474 0.305488 0.00526994
-0.616667 0.349163 0.00524801
-0.596863 0.391257 0.00518304
-0.578823 0.430154 0.00507753
-0.563239 0.464357 0.00493553
-0.55071 0.492553 0.00476249
-0.541719 0.513658 0.00456507
-0.53661 0.526862 0.00435085
-0.535579 0.531656 0.00412807
-0.538667 0.527857 0.00390529
-0.545755 0.515611 0.00369106
-0.55657 0.495388 0.00349362
-0.570697 0.467965 0.00332056
-0.587592 0.434396 0.00317853
-0.606608 0.395971 0.00307298
-0.627012 0.354167 0.00300797
-0.648021 0.310591 0.00298601
-0.668827 0.266916 0.00300792
-0.688631 0.224821 0.00307288
-0.706672 0.185924 0.00317839
-0.722257 0.151719 0.00332038
-0.734786 0.123522 0.00349341
-0.743779 0.102415 0.00369083
-0.748889 0.0892094 0.00390504
-0.74992 0.0844131 0.00412782
-0.746833 0.0882102 0.00435061
-0.739746 0.100455 0.00456484
-0.728932 0.120676 0.00476228
-0.714806 0.148098 0.00493535
-0.69791 0.181665 0.00507739
-0.678896 0.220089 0.00518295
-0.658492 0.261892 0.00524796
-0.637483 0.305469 0.00526994
-0.616676 0.349144 0.00524803
-0.596872 0.391239 0.00518308
-0.57883 0.430137 0.00507758
-0.563245 0.464343 0.0049356
-0.550715 0.492542 0.00476257
-0.541722 0.513651 0.00456516
-0.488253 0.633206 0.00390009
-0.492739 0.627685 0.00357666
-0.503031 0.609901 0.00326566
-0.518734 0.580536 0.00297903
-0.539245 0.54072 0.00272781
-0.563775 0.491982 0.00252163
-0.591382 0.436196 0.00236842
-0.621005 0.375504 0.00227407
-0.651506 0.31224 0.00224221
-0.681711 0.248834 0.00227406
-0.710462 0.187723 0.00236839
-0.736652 0.131256 0.00252159
-0.759276 0.0816022 0.00272775
-0.777463 0.0406698 0.00297897
-0.790516 0.010032 0.00326559
-0.797932 -0.00913407 0.00357659
-0.799426 -0.0160917 0.00390002
-0.794942 -0.0105737 0.00422345
-0.784651 0.00720805 0.00453446
-0.768949 0.0365701 0.00482109
-0.748439 0.0763843 0.00507233
-0.723909 0.12512 0.00527852
-0.696303 0.180906 0.00543174
-0.66668 0.241596 0.0055261
-0.63618 0.30486 0.00555797
-0.605974 0.368266 0.00552614
-0.577223 0.429378 0.00543182
-0.551032 0.485846 0.00527864
-0.528408 0.535502 0.00507248
-0.510219 0.576436 0.00482127
-0.497165 0.607077 0.00453466
-0.489748 0.626245 0.00422366
-0.488252 0.633206 0.00390023
-0.492735 0.627691 0.0035768
-0.503025 0.609911 0.00326579
-0.518726 0.580552 0.00297915
-0.539235 0.54074 0.00272791
-0.563764 0.492005 0.00252171
-0.59137 0.436221 0.00236847
-0.620992 0.375532 0.0022741
-0.651492 0.312268 0.00224221
-0.681698 0.248862 0.00227403
-0.71045 0.187749 0.00236834
-0.736641 0.13128 0.00252151
-0.759266 0.0816223 0.00272765
-0.777456 0.0406858 0.00297885
-0.790511 0.010043 0.00326546
-0.79793 -0.00912826 0.00357645
-0.799427 -0.0160914 0.00389988
-0.794945 -0.0105789 0.00422331
-0.784657 0.00719757 0.00453433
-0.768957 0.0365548 0.00482097
-0.748449 0.0763646 0.00507222
-0.723921 0.125097 0.00527844
-0.696316 0.18088 0.00543168
-0.666694 0.241569 0.00552607
-0.636194 0.304832 0.00555797
-0.605987 0.368239 0.00552617
-0.577236 0.429352 0.00543187
-0.551043 0.485823 0.00527872
-0.528417 0.535482 0.00507258
-0.510226 0.576421 0.00482139
-0.49717 0.607066 0.00453479
-0.48975 0.62624 0.00422381
-0.488252 0.633206 0.00390038
-0.492732 0.627696 0.00357694
-0.503019 0.609922 0.00326592
-0.518718 0.580567 0.00297927
-0.539225 0.54076 0.00272801
-0.563752 0.492029 0.00252179
-0.591357 0.436247 0.00236853
-0.620979 0.375559 0.00227413
-0.651479 0.312296 0.00224221
-0.681685 0.248889 0.002274
-0.710437 0.187776 0.00236828
-0.73663 0.131303 0.00252143
-0.759257 0.0816425 0.00272755
-0.777449 0.0407017 0.00297873
-0.790507 0.0100541 0.00326532
-0.797928 -0.00912244 0.00357631
-0.799428 -0.0160911 0.00389973
-0.794949 -0.010584 0.00422317
-0.784663 0.00718709 0.00453419
-0.768965 0.0365394 0.00482085
-0.748459 0.0763449 0.00507212
-0.723933 0.125074 0.00527836
-0.696328 0.180854 0.00543163
-0.666707 0.241541 0.00552604
-0.636207 0.304804 0.00555797
-0.606 0.368211 0.00552619
-0.577248 0.429326 0.00543193
-0.447282 0.722461 0.00359341
-0.452991 0.715434 0.00318176
-0.466091 0.692799 0.00278593
-0.486077 0.655425 0.00242113
-0.512183 0.604748 0.00210138
-0.543404 0.542716 0.00183896
-0.578541 0.471713 0.00164396
-0.616244 0.394467 0.00152388
-0.655064 0.313947 0.00148333
-0.693508 0.233247 0.00152386
-0.730101 0.155468 0.00164393
-0.763434 0.0835984 0.00183891
-0.792229 0.0204009 0.00210131
-0.815377 -0.0316961 0.00242105
-0.83199 -0.0706908 0.00278585
-0.841429 -0.0950846 0.00318167
-0.843331 -0.10394 0.00359332
-0.837624 -0.0969169 0.00400498
-0.824526 -0.074285 0.00440081
-0.804541 -0.0369141 0.00476562
-0.778436 0.0137598 0.00508539
-0.747216 0.0757892 0.00534782
-0.71208 0.146791 0.00554283
-0.674377 0.224035 0.00566293
-0.635558 0.304555 0.0057035
-0.597113 0.385256 0.00566298
-0.56052 0.463036 0.00554294
-0.527185 0.534907 0.00534797
-0.49839 0.598107 0.00508558
-0.47524 0.650206 0.00476585
-0.458626 0.689204 0.00440107
-0.449185 0.713601 0.00400525
-0.447281 0.72246 0.0035936
-0.452987 0.71544 0.00318194
-0.466083 0.692812 0.0027861
-0.486067 0.655444 0.00242128
-0.51217 0.604773 0.0021015
-0.543389 0.542746 0.00183906
-0.578525 0.471746 0.00164403
-0.616227 0.394503 0.00152392
-0.655046 0.313983 0.00148333
-0.693492 0.233282 0.00152383
-0.730085 0.155501 0.00164386
-0.763421 0.0836284 0.00183881
-0.792217 0.0204266 0.00210118
-0.815368 -0.0316759 0.0024209
-0.831984 -0.0706767 0.00278568
-0.841426 -0.0950772 0.00318149
-0.843332 -0.10394 0.00359314
-0.837628 -0.0969235 0.0040048
-0.824533 -0.0742983 0.00440064
-0.804551 -0.0369336 0.00476547
-0.778449 0.0137347 0.00508526
-0.747231 0.0757596 0.00534772
-0.712096 0.146758 0.00554276
-0.674394 0.224 0.00566289
-0.635575 0.304519 0.0057035
-0.59713 0.385221 0.00566302
-0.560536 0.463003 0.00554301
-0.527199 0.534877 0.00534807
-0.498401 0.598081 0.00508571
-0.475249 0.650186 0.004766
-0.458631 0.68919 0.00440124
-0.449188 0.713594 0.00400542
-0.44728 0.72246 0.00359378
-0.452983 0.715447 0.00318212
-0.466076 0.692825 0.00278627
-0.486057 0.655464 0.00242143
-0.512157 0.604798 0.00210163
-0.543375 0.542776 0.00183916
-0.578509 0.471779 0.0016441
-0.61621 0.394538 0.00152395
-0.655029 0.314019 0.00148333
-0.693475 0.233317 0.00152379
-0.73007 0.155534 0.00164379
-0.763407 0.0836585 0.0018387
-0.792206 0.0204522 0.00210105
-0.81536 -0.0316556 0.00242075
-0.831979 -0.0706626 0.00278551
-0.841424 -0.0950698 0.00318131
-0.843333 -0.103939 0.00359296
-0.837632 -0.09693 0.00400462
-0.82454 -0.0743117 0.00440048
-0.804561 -0.0369532 0.00476532
-0.778462 0.0137096 0.00508513
-0.747246 0.07573 0.00534762
-0.712112 0.146725 0.00554269
-0.674411 0.223965 0.00566286
-0.635592 0.304483 0.0057035
-0.597146 0.385185 0.00566305
-0.560551 0.462969 0.00554308
-0.527213 0.534847 0.00534817
-0.498413 0.598055 0.00508584
-0.475258 0.650166 0.00476616
-0.458637 0.689176 0.00440141
-0.44919 0.713586 0.0040056
-0.447279 0.722459 0.00359396
-0.452979 0.715454 0.0031823
-0.466069 0.692839 0.00278644
-0.486047 0.655483 0.00242158
-0.512145 0.604823 0.00210176
-0.54336 0.542805 0.00183926
-0.578493 0.471812 0.00164417
-0.616193 0.394573 0.00152399
-0.655012 0.314055 0.00148333
-0.693458 0.233353 0.00152376
-0.730054 0.155568 0.00164372
-0.763393 0.0836885 0.0018386
-0.792194 0.0204779 0.00210092
-0.815351 -0.0316354 0.0024206
-0.831973 -0.0706485 0.00278534
-0.841421 -0.0950624 0.00318113
-0.843334 -0.103939 0.00359277
-0.837636 -0.0969366 0.00400444
-0.824548 -0.074325 0.00440031
-0.804571 -0.0369728 0.00476517
-0.414241 0.79599 0.00321973
-0.420955 0.787727 0.00273567
-0.436358 0.761111 0.00227022
-0.45986 0.717164 0.00184126
-0.490557 0.657574 0.00146527
-0.527269 0.584633 0.0011567
-0.568586 0.501142 0.00092741
-0.61292 0.41031 0.00078621
-0.658567 0.315628 0.000738525
-0.703773 0.220735 0.000786189
-0.746802 0.129276 0.000927369
-0.785998 0.0447661 0.00115664
-0.819857 -0.0295463 0.00146519
-0.847076 -0.0908061 0.00184117
-0.866611 -0.136659 0.00227012
-0.87771 -0.165343 0.00273557
-0.879947 -0.175756 0.00321962
-0.873235 -0.167498 0.00370367
-0.857834 -0.140885 0.00416913
-0.834334 -0.0969418 0.0045981
-0.803638 -0.0373555 0.00497411
-0.766927 0.0355835 0.00528269
-0.725611 0.119072 0.005512
-0.681278 0.209903 0.00565322
-0.635631 0.304584 0.00570093
-0.590424 0.399478 0.00565329
-0.547395 0.490938 0.00551212
-0.508198 0.57545 0.00528287
-0.474338 0.649765 0.00497433
-0.447117 0.711028 0.00459837
-0.42758 0.756884 0.00416943
-0.416479 0.785572 0.00370399
-0.41424 0.795989 0.00321994
-0.42095 0.787735 0.00273589
-0.43635 0.761127 0.00227042
-0.459848 0.717187 0.00184144
-0.490542 0.657604 0.00146542
-0.527252 0.584668 0.00115682
-0.568567 0.501181 0.000927493
-0.6129 0.410351 0.000786252
-0.658547 0.31567 0.000738525
-0.703754 0.220776 0.000786147
-0.746783 0.129315 0.000927287
-0.785982 0.0448015 0.00115652
-0.819843 -0.0295162 0.00146504
-0.847066 -0.0907823 0.00184099
-0.866604 -0.136642 0.00226993
-0.877707 -0.165334 0.00273536
-0.879948 -0.175756 0.0032194
-0.87324 -0.167505 0.00370346
-0.857843 -0.140901 0.00416893
-0.834346 -0.0969648 0.00459792
-0.803653 -0.037385 0.00497395
-0.766945 0.0355487 0.00528257
-0.72563 0.119034 0.00551192
-0.681298 0.209862 0.00565318
-0.635651 0.304542 0.00570093
-0.590444 0.399437 0.00565333
-0.547414 0.490899 0.00551221
-0.508214 0.575414 0.00528299
-0.474351 0.649735 0.00497449
-0.447127 0.711004 0.00459855
-0.427587 0.756868 0.00416963
-0.416482 0.785564 0.0037042
-0.414239 0.795989 0.00322016
-0.420945 0.787743 0.0027361
-0.436341 0.761142 0.00227062
-0.459836 0.71721 0.00184162
-0.490527 0.657633 0.00146558
-0.527234 0.584702 0.00115694
-0.568548 0.501219 0.000927575
-0.61288 0.410393 0.000786294
-0.658527 0.315713 0.000738525
-0.703734 0.220817 0.000786105
-0.746765 0.129354 0.000927205
-0.785966 0.0448368 0.0011564
-0.81983 -0.029486 0.00146489
-0.847056 -0.0907585 0.00184081
-0.866597 -0.136626 0.00226973
-0.877704 -0.165326 0.00273515
-0.879949 -0.175755 0.00321919
-0.873245 -0.167513 0.00370325
-0.857851 -0.140917 0.00416873
-0.834358 -0.0969878 0.00459774
-0.803668 -0.0374145 0.0049738
-0.766962 0.0355139 0.00528245
-0.725649 0.118995 0.00551184
-0.681318 0.20982 0.00565314
-0.635671 0.3045 0.00570093
-0.590463 0.399395 0.00565337
-0.547432 0.49086 0.00551229
-0.50823 0.575379 0.00528311
-0.474365 0.649705 0.00497464
-0.447137 0.71098 0.00459873
-0.427594 0.756851 0.00416983
-0.416485 0.785555 0.00370441
-0.414238 0.795988 0.00322037
-0.42094 0.787751 0.00273631
-0.436332 0.761158 0.00227082
-0.459824 0.717233 0.0018418
-0.490512 0.657663 0.00146573
-0.527217 0.584737 0.00115706
-0.568529 0.501258 0.000927658
-0.61286 0.410434 0.000786336
-0.658507 0.315755 0.000738525
-0.703715 0.220859 0.000786063
-0.746747 0.129393 0.000927122
-0.785949 0.0448721 0.00115628
-0.819816 -0.0294559 0.00146474
-0.847045 -0.0907346 0.00184063
-0.866591 -0.136609 0.00226953
-0.877701 -0.165317 0.00273494
-0.87995 -0.175755 0.00321897
-0.87325 -0.167521 0.00370304
-0.85786 -0.140932 0.00416853
-0.83437 -0.0970108 0.00459756
-0.803683 -0.0374439 0.00497365
-0.766979 0.0354791 0.00528233
-0.725668 0.118956 0.00551175
-0.681338 0.209779 0.0056531
-0.635691 0.304458 0.00570093
-0.590483 0.399354 0.00565341
-0.54745 0.490821 0.00551237
-0.508247 0.575344 0.00528323
-0.474379 0.649674 0.00497479
-0.447148 0.710956 0.00459891
-0.427601 0.756835 0.00417002
-0.416488 0.785546 0.00370462
-0.414237 0.795988 0.00322059
-0.420935 0.787758 0.00273652
-0.436324 0.761174 0.00227102
-0.459812 0.717256 0.00184198
-0.490497 0.657692 0.00146588
-0.5272 0.584772 0.00115718
-0.56851 0.501297 0.00092774
-0.61284 0.410475 0.000786378
-0.390401 0.850969 0.00279339
-0.39786 0.841788 0.00225554
-0.414976 0.812213 0.00173836
-0.44109 0.763382 0.00126172
-0.475198 0.697169 0.000843937
-0.515991 0.616121 0.000501072
-0.5619 0.52335 0.000246298
-0.611161 0.422423 8.94031e-05
-0.661882 0.317218 3.64185e-05
-0.712112 0.211778 8.93798e-05
-0.759923 0.110154 0.000246252
-0.803476 0.0162516 0.000501006
-0.841097 -0.0663202 0.000843853
-0.871342 -0.134389 0.00126162
-0.893048 -0.185338 0.00173825
-0.905381 -0.21721 0.00225542
-0.907866 -0.22878 0.00279327
-0.900409 -0.219604 0.00333112
-0.883295 -0.190034 0.00384831
-0.857184 -0.141206 0.00432496
-0.823077 -0.0749973 0.00474275
-0.782285 0.00604835 0.00508564
-0.736377 0.0988164 0.00534043
-0.687116 0.199742 0.00549735
-0.636396 0.304947 0.00555036
-0.586165 0.410388 0.00549742
-0.538354 0.512013 0.00534057
-0.4948 0.605917 0.00508584
-0.457177 0.688492 0.00474301
-0.42693 0.756564 0.00432526
-0.405222 0.807517 0.00384864
-0.392887 0.839393 0.00333147
-0.3904 0.850968 0.00279363
-0.397855 0.841796 0.00225577
-0.414966 0.812231 0.00173858
-0.441076 0.763407 0.00126192
-0.475182 0.697202 0.000844107
-0.515972 0.616159 0.000501205
-0.561879 0.523393 0.000246389
-0.611139 0.422469 8.94498e-05
-0.661859 0.317265 3.64185e-05
-0.71209 0.211824 8.93331e-05
-0.759902 0.110197 0.00024616
-0.803458 0.0162909 0.000500873
-0.841082 -0.0662867 0.000843684
-0.871331 -0.134362 0.00126142
-0.893041 -0.185319 0.00173802
-0.905378 -0.2172 0.00225519
-0.907867 -0.22878 0.00279303
-0.900414 -0.219613 0.00333089
-0.883305 -0.190051 0.00384809
-0.857197 -0.141232 0.00432476
-0.823093 -0.0750301 0.00474259
-0.782305 0.0060097 0.00508551
-0.736398 0.0987734 0.00534034
-0.687139 0.199696 0.0054973
-0.636419 0.3049 0.00555036
-0.586187 0.410342 0.00549747
-0.538374 0.511969 0.00534066
-0.494818 0.605878 0.00508597
-0.457192 0.688458 0.00474318
-0.426941 0.756537 0.00432546
-0.40523 0.807498 0.00384886
-0.392891 0.839384 0.00333171
-0.390399 0.850968 0.00279387
-0.397849 0.841805 0.00225601
-0.414957 0.812248 0.0017388
-0.441063 0.763433 0.00126211
-0.475165 0.697235 0.000844276
-0.515952 0.616198 0.000501338
-0.561858 0.523436 0.000246481
-0.611117 0.422515 8.94965e-05
-0.661837 0.317312 3.64186e-05
-0.712069 0.21187 8.92865e-05
-0.759882 0.110241 0.000246069
-0.80344 0.0163301 0.00050074
-0.841067 -0.0662532 0.000843515
-0.871319 -0.134336 0.00126122
-0.893033 -0.185301 0.0017378
-0.905374 -0.217191 0.00225495
-0.907868 -0.228779 0.00279279
-0.90042 -0.219621 0.00333065
-0.883315 -0.190069 0.00384787
-0.85721 -0.141257 0.00432456
-0.82311 -0.0750628 0.00474242
-0.782324 0.00597104 0.00508537
-0.73642 0.0987303 0.00534025
-0.687161 0.19965 0.00549726
-0.636441 0.304853 0.00555036
-0.586209 0.410295 0.00549751
-0.538395 0.511926 0.00534075
-0.494836 0.605839 0.0050861
-0.457207 0.688425 0.00474335
-0.426953 0.756511 0.00432566
-0.405237 0.80748 0.00384908
-0.392894 0.839374 0.00333194
-0.390398 0.850967 0.00279411
-0.397844 0.841814 0.00225624
-0.414947 0.812266 0.00173902
-0.441049 0.763458 0.00126231
-0.475148 0.697267 0.000844445
-0.515933 0.616237 0.000501471
-0.561836 0.52348 0.000246572
-0.611094 0.422561 8.95432e-05
-0.661814 0.317359 3.64186e-05
-0.712047 0.211916 8.92399e-05
-0.759862 0.110284 0.000245977
-0.803421 0.0163694 0.000500607
-0.841052 -0.0662197 0.000843345
-0.871308 -0.134309 0.00126102
-0.893026 -0.185282 0.00173758
-0.905371 -0.217181 0.00225472
-0.90787 -0.228779 0.00279255
-0.900425 -0.21963 0.00333042
-0.883324 -0.190086 0.00384765
-0.857224 -0.141283 0.00432436
-0.823127 -0.0750956 0.00474225
-0.782343 0.00593239 0.00508524
-0.736441 0.0986872 0.00534016
-0.687183 0.199605 0.00549721
-0.636463 0.304806 0.00555036
-0.586231 0.410249 0.00549756
-0.538415 0.511882 0.00534085
-0.494854 0.605799 0.00508624
-0.457222 0.688391 0.00474352
-0.426964 0.756484 0.00432586
-0.405245 0.807462 0.00384931
-0.392897 0.839364 0.00333218
-0.390396 0.850967 0.00279435
-0.397838 0.841822 0.00225648
-0.414937 0.812283 0.00173924
-0.441036 0.763484 0.00126251
-0.475132 0.6973 0.000844614
-0.515914 0.616275 0.000501604
-0.561815 0.523523 0.000246664
-0.611072 0.422607 8.959e-05
-0.661792 0.317406 3.64187e-05
-0.712025 0.211962 8.91933e-05
-0.759841 0.110328 0.000245886
-0.803403 0.0164086 0.000500475
-0.841037 -0.0661862 0.000843176
-0.871296 -0.134283 0.00126082
-0.893018 -0.185264 0.00173736
-0.905368 -0.217171 0.00225448
-0.907871 -0.228778 0.00279231
-0.900431 -0.219638 0.00333018
-0.883334 -0.190103 0.00384743
-0.857237 -0.141308 0.00432417
-0.823143 -0.0751283 0.00474208
-0.782362 0.00589374 0.00508511
-0.736462 0.0986441 0.00534007
-0.376676 0.885284 0.00233078
-0.384595 0.875538 0.0017598
-0.402765 0.844141 0.00121076
-0.430487 0.792302 0.000704765
-0.466697 0.722011 0.000261251
-0.510002 0.63597 -0.000102733
-0.558739 0.537485 -0.000373202
-0.611035 0.430341 -0.00053976
-0.66488 0.318656 -0.000596009
-0.718204 0.20672 -0.000539785
-0.76896 0.0988368 -0.00037325
-0.815196 -0.000849471 -0.000102804
-0.855135 -0.0885075 0.000261161
-0.887243 -0.160769 0.000704659
-0.910286 -0.214856 0.00121065
-0.923378 -0.248692 0.00175968
-0.926016 -0.260975 0.00233066
-0.9181 -0.251233 0.00290164
-0.899932 -0.219842 0.00345069
-0.872212 -0.168006 0.0039567
-0.836004 -0.0977191 0.00440023
-0.7927 -0.0116812 0.00476423
-0.743964 0.0868012 0.00503472
-0.691669 0.193943 0.0052013
-0.637824 0.305629 0.00525758
-0.584499 0.417564 0.00520138
-0.533743 0.525449 0.00503487
-0.487506 0.625138 0.00476444
-0.447565 0.712799 0.0044005
-0.415455 0.785064 0.00395701
-0.392411 0.839156 0.00345104
-0.379316 0.872996 0.00290201
-0.376675 0.885283 0.00233104
-0.38459 0.875547 0.00176005
-0.402755 0.84416 0.001211
-0.430473 0.792329 0.000704976
-0.466679 0.722046 0.000261431
-0.509982 0.636011 -0.000102592
-0.558717 0.537531 -0.000373105
-0.611011 0.43039 -0.000539711
-0.664856 0.318706 -0.000596009
-0.718181 0.206769 -0.000539835
-0.768938 0.0988829 -0.000373348
-0.815176 -0.000807804 -0.000102945
-0.855119 -0.0884719 0.000260982
-0.887231 -0.160741 0.000704448
-0.910278 -0.214837 0.00121041
-0.923374 -0.248681 0.00175943
-0.926017 -0.260974 0.0023304
-0.918105 -0.251242 0.00290139
-0.899942 -0.21986 0.00345045
-0.872226 -0.168033 0.00395649
-0.836022 -0.0977539 0.00440005
-0.79272 -0.0117223 0.00476409
-0.743987 0.0867554 0.00503462
-0.691693 0.193895 0.00520125
-0.637848 0.305579 0.00525758
-0.584522 0.417515 0.00520143
-0.533765 0.525403 0.00503496
-0.487525 0.625096 0.00476458
-0.447581 0.712763 0.00440068
-0.415468 0.785036 0.00395722
-0.392419 0.839136 0.00345127
-0.37932 0.872985 0.00290226
-0.376674 0.885283 0.00233129
-0.384584 0.875556 0.0017603
-0.402745 0.844179 0.00121123
-0.430459 0.792356 0.000705187
-0.466662 0.72208 0.00026161
-0.509961 0.636052 -0.000102451
-0.558694 0.537577 -0.000373007
-0.610988 0.430439 -0.000539661
-0.664832 0.318755 -0.000596009
-0.718158 0.206818 -0.000539884
-0.768917 0.0989291 -0.000373445
-0.815157 -0.000766134 -0.000103086
-0.855103 -0.0884363 0.000260802
-0.887218 -0.160712 0.000704237
-0.91027 -0.214817 0.00121018
-0.923371 -0.248671 0.00175918
-0.926019 -0.260973 0.00233015
-0.918111 -0.251251 0.00290114
-0.899952 -0.219879 0.00345022
-0.87224 -0.168061 0.00395627
-0.836039 -0.0977886 0.00439987
-0.792741 -0.0117633 0.00476395
-0.744009 0.0867097 0.00503453
-0.691716 0.193846 0.0052012
-0.637872 0.305529 0.00525758
-0.584546 0.417467 0.00520148
-0.533786 0.525357 0.00503506
-0.487544 0.625055 0.00476472
-0.447597 0.712728 0.00440085
-0.41548 0.785008 0.00395744
-0.392427 0.839117 0.00345151
-0.379323 0.872975 0.00290251
-0.376673 0.885282 0.00233155
-0.384578 0.875565 0.00176055
-0.402735 0.844197 0.00121147
-0.430445 0.792383 0.000705398
-0.466644 0.722115 0.00026179
-0.509941 0.636093 -0.00010231
-0.558672 0.537622 -0.00037291
-0.610964 0.430487 -0.000539612
-0.664808 0.318805 -0.000596009
-0.718135 0.206867 -0.000539934
-0.768895 0.0989753 -0.000373542
-0.815138 -0.000724462 -0.000103227
-0.855087 -0.0884008 0.000260623
-0.887206 -0.160684 0.000704026
-0.910261 -0.214798 0.00120994
-0.923367 -0.248661 0.00175893
-0.92602 -0.260973 0.00232989
-0.918117 -0.25126 0.00290089
-0.899963 -0.219897 0.00344998
-0.872254 -0.168088 0.00395606
-0.836057 -0.0978234 0.00439969
-0.792761 -0.0118043 0.00476381
-0.744031 0.086664 0.00503443
-0.69174 0.193797 0.00520115
-0.637896 0.305479 0.00525758
-0.584569 0.417418 0.00520153
-0.533808 0.525311 0.00503516
-0.487564 0.625013 0.00476486
-0.447613 0.712692 0.00440103
-0.415492 0.78498 0.00395765
-0.392435 0.839097 0.00345174
-0.379327 0.872965 0.00290276
-0.376672 0.885282 0.0023318
-0.384572 0.875574 0.0017608
-0.402724 0.844216 0.0012117
-0.430431 0.79241 0.000705609
-0.466626 0.72215 0.00026197
-0.50992 0.636134 -0.000102169
-0.558649 0.537668 -0.000372813
-0.610941 0.430536 -0.000539562
-0.664784 0.318855 -0.000596009
-0.718112 0.206916 -0.000539983
-0.768874 0.0990214 -0.000373639
-0.815119 -0.000682788 -0.000103368
-0.855071 -0.0883652 0.000260443
-0.887194 -0.160656 0.000703814
-0.910253 -0.214778 0.00120971
-0.923364 -0.248651 0.00175868
-0.926021 -0.260972 0.00232964
-0.918123 -0.25127 0.00290064
-0.899973 -0.219916 0.00344975
-0.872269 -0.168115 0.00395585
-0.836075 -0.0978582 0.00439951
-0.792782 -0.0118454 0.00476367
-0.744054 0.0866182 0.00503433
-0.691763 0.193749 0.0052011
-0.63792 0.30543 0.00525758
-0.584592 0.417369 0.00520158
-0.533829 0.525265 0.00503525
-0.487583 0.624971 0.00476501
-0.447629 0.712657 0.00440121
-0.415505 0.784951 0.00395786
-0.392443 0.839077 0.00345198
-0.37933 0.872955 0.00290301
-0.373595 0.897617 0.00184969
-0.38167 0.88768 0.00126752
-0.400195 0.855669 0.000707722
-0.428461 0.802813 0.000191808
-0.46538 0.731145 -0.000260396
-0.509534 0.643418 -0.000631513
-0.559226 0.543003 -0.000907281
-0.612546 0.43376 -0.0010771
-0.667446 0.319886 -0.00113445
-0.721816 0.205757 -0.00107713
-0.773566 0.0957597 -0.000907331
-0.820707 -0.00587992 -0.000631585
-0.861429 -0.0952556 -0.000260487
-0.894166 -0.168933 0.0001917
-0.917661 -0.22408 0.000707602
-0.93101 -0.258579 0.00126739
-0.9337 -0.271102 0.00184956
-0.925628 -0.26117 0.00243173
-0.907104 -0.229163 0.00299154
-0.878841 -0.176312 0.00350746
-0.841924 -0.104648 0.00395968
-0.797771 -0.0169239 0.00433082
-0.74808 0.0834882 0.00460661
-0.69476 0.19273 0.00477646
-0.639861 0.306603 0.00483383
-0.585491 0.420733 0.00477653
-0.53374 0.530732 0.00460676
-0.486597 0.632374 0.00433103
-0.445873 0.721752 0.00395996
-0.413134 0.795433 0.00350779
-0.389638 0.850585 0.0029919
-0.376287 0.885088 0.00243211
-0.373594 0.897617 0.00184995
-0.381664 0.887689 0.00126777
-0.400185 0.855688 0.000707961
-0.428446 0.802841 0.000192023
-0.465362 0.73118 -0.000260213
-0.509513 0.64346 -0.000631369
-0.559203 0.54305 -0.000907182
-0.612522 0.43381 -0.00107705
-0.667422 0.319937 -0.00113445
-0.721792 0.205807 -0.00107718
-0.773544 0.0958067 -0.00090743
-0.820688 -0.00583744 -0.000631729
-0.861413 -0.0952193 -0.000260671
-0.894154 -0.168904 0.000191485
-0.917653 -0.22406 0.000707363
-0.931006 -0.258568 0.00126714
-0.933701 -0.271102 0.0018493
-0.925634 -0.261179 0.00243148
-0.907115 -0.229182 0.0029913
-0.878855 -0.17634 0.00350725
-0.841942 -0.104683 0.0039595
-0.797792 -0.0169658 0.00433067
-0.748103 0.0834416 0.00460651
-0.694784 0.19268 0.00477641
-0.639885 0.306553 0.00483383
-0.585514 0.420683 0.00477658
-0.533762 0.530685 0.00460686
-0.486616 0.632331 0.00433118
-0.44589 0.721716 0.00396014
-0.413147 0.795405 0.003508
-0.389646 0.850565 0.00299213
-0.37629 0.885078 0.00243237
-0.373593 0.897616 0.00185021
-0.381658 0.887699 0.00126803
-0.400175 0.855706 0.0007082
-0.428432 0.802869 0.000192239
-0.465344 0.731216 -0.00026003
-0.509492 0.643502 -0.000631225
-0.55918 0.543097 -0.000907083
-0.612498 0.433859 -0.001077
-0.667398 0.319988 -0.00113445
-0.721769 0.205857 -0.00107723
-0.773522 0.0958538 -0.000907529
-0.820668 -0.00579495 -0.000631872
-0.861397 -0.0951831 -0.000260854
-0.894141 -0.168875 0.00019127
-0.917644 -0.22404 0.000707124
-0.931002 -0.258558 0.00126688
-0.933702 -0.271101 0.00184904
-0.92564 -0.261188 0.00243122
-0.907125 -0.229201 0.00299106
-0.87887 -0.176367 0.00350703
-0.84196 -0.104719 0.00395932
-0.797813 -0.0170076 0.00433053
-0.748126 0.083395 0.00460641
-0.694808 0.192631 0.00477635
-0.639909 0.306502 0.00483383
-0.585538 0.420633 0.00477663
-0.533784 0.530638 0.00460696
-0.486636 0.632289 0.00433132
-0.445906 0.72168 0.00396032
-0.413159 0.795376 0.00350822
-0.389654 0.850545 0.00299237
-0.376294 0.885067 0.00243262
-0.373592 0.897616 0.00185047
-0.381652 0.887708 0.00126828
-0.400164 0.855725 0.00070844
-0.428417 0.802896 0.000192454
-0.465326 0.731251 -0.000259846
-0.509471 0.643543 -0.000631081
-0.559157 0.543143 -0.000906984
-0.612474 0.433909 -0.00107695
-0.667373 0.320038 -0.00113445
-0.721745 0.205907 -0.00107728
-0.7735 0.0959009 -0.000907628
-0.820649 -0.00575247 -0.000632016
-0.86138 -0.0951468 -0.000261037
-0.894129 -0.168847 0.000191055
-0.917636 -0.22402 0.000706885
-0.930999 -0.258547 0.00126663
-0.933703 -0.2711 0.00184878
-0.925646 -0.261198 0.00243097
-0.907136 -0.22922 0.00299082
-0.878884 -0.176395 0.00350682
-0.841978 -0.104754 0.00395913
-0.797834 -0.0170494 0.00433039
-0.748149 0.0833483 0.00460631
-0.694833 0.192581 0.0047763
-0.639933 0.306451 0.00483383
-0.585561 0.420583 0.00477668
-0.533806 0.530591 0.00460706
-0.486656 0.632246 0.00433147
-0.445923 0.721644 0.00396051
-0.413172 0.795347 0.00350843
-0.389663 0.850525 0.00299261
-0.376298 0.885057 0.00243287
-0.373591 0.897615 0.00185072
-0.381646 0.887717 0.00126854
-0.400154 0.855744 0.000708679
-0.428403 0.802924 0.000192669
-0.465308 0.731287 -0.000259663
-0.509451 0.643585 -0.000630937
-0.559134 0.54319 -0.000906884
-0.61245 0.433959 -0.0010769
-0.667349 0.320089 -0.00113445
-0.721721 0.205957 -0.00107733
-0.773478 0.095948 -0.000907727
-0.820629 -0.00570997 -0.00063216
-0.861364 -0.0951105 -0.00026122
-0.894116 -0.168818 0.000190839
-0.917628 -0.224 0.000706645
-0.930995 -0.258537 0.00126638
-0.933704 -0.2711 0.00184852
-0.925652 -0.261207 0.00243072
-0.907146 -0.229239 0.00299058
-0.878899 -0.176423 0.0035066
-0.841996 -0.104789 0.00395895
-0.797855 -0.0170913 0.00433024
-0.748172 0.0833017 0.00460621
-0.694857 0.192532 0.00477625
-0.639958 0.306401 0.00483383
-0.585585 0.420533 0.00477673
-0.533828 0.530543 0.00460715
-0.486675 0.632204 0.00433161
-0.445939 0.721607 0.00396069
-0.413184 0.795319 0.00350865
-0.389671 0.850505 0.00299285
-0.376301 0.885046 0.00243313
-0.37359 0.897614 0.00185098
-0.38164 0.887727 0.00126879
-0.400143 0.855763 0.000708918
-0.381277 0.887495 0.00136859
-0.389196 0.877748 0.000797606
-0.407365 0.846352 0.000248562
-0.435088 0.794512 -0.000257441
-0.471298 0.72422 -0.000700958
-0.514604 0.638178 -0.00106495
-0.563341 0.539693 -0.00133542
-0.615637 0.432548 -0.00150198
-0.669482 0.320862 -0.00155823
-0.722808 0.208925 -0.001502
-0.773563 0.101041 -0.00133547
-0.819799 0.00135356 -0.00106502
-0.859739 -0.0863052 -0.000701048
-0.891847 -0.158567 -0.000257546
-0.91489 -0.212655 0.000248445
-0.927983 -0.246491 0.000797482
-0.930621 -0.258774 0.00136847
-0.922704 -0.249032 0.00193945
-0.904537 -0.21764 0.0024885
-0.876816 -0.165805 0.00299452
-0.840608 -0.0955169 0.00343805
-0.797304 -0.00947828 0.00380206
-0.748567 0.0890049 0.00407255
-0.696272 0.196148 0.00423914
-0.642427 0.307834 0.00429541
-0.589101 0.419771 0.00423921
-0.538345 0.527657 0.0040727
-0.492107 0.627346 0.00380227
-0.452166 0.715008 0.00343832
-0.420056 0.787274 0.00299484
-0.397011 0.841366 0.00248886
-0.383916 0.875206 0.00193983
-0.381275 0.887494 0.00136885
-0.38919 0.877757 0.000797855
-0.407355 0.84637 0.000248797
-0.435074 0.794539 -0.00025723
-0.47128 0.724255 -0.000700778
-0.514583 0.63822 -0.0010648
-0.563319 0.539739 -0.00133532
-0.615614 0.432597 -0.00150193
-0.669459 0.320911 -0.00155823
-0.722784 0.208974 -0.00150205
-0.773542 0.101087 -0.00133556
-0.81978 0.00139523 -0.00106516
-0.859723 -0.0862696 -0.000701227
-0.891835 -0.158539 -0.000257757
-0.914882 -0.212635 0.00024821
-0.927979 -0.24648 0.000797233
-0.930622 -0.258773 0.00136821
-0.92271 -0.249041 0.0019392
-0.904547 -0.217659 0.00248827
-0.87683 -0.165832 0.00299431
-0.840626 -0.0955517 0.00343787
-0.797324 -0.00951932 0.00380192
-0.74859 0.0889592 0.00407246
-0.696295 0.1961 0.00423909
-0.642451 0.307784 0.00429541
-0.589124 0.419722 0.00423926
-0.538366 0.527611 0.0040728
-0.492126 0.627305 0.00380241
-0.452182 0.714973 0.0034385
-0.420068 0.787246 0.00299505
-0.397019 0.841346 0.00248909
-0.38392 0.875196 0.00194008
-0.381274 0.887494 0.0013691
-0.389184 0.877767 0.000798104
-0.407345 0.846389 0.000249032
-0.43506 0.794566 -0.000257018
-0.471263 0.72429 -0.000700599
-0.514563 0.638261 -0.00106466
-0.563296 0.539784 -0.00133522
-0.61559 0.432645 -0.00150188
-0.669435 0.320961 -0.00155823
-0.722761 0.209023 -0.0015021
-0.77352 0.101133 -0.00133566
-0.819761 0.0014369 -0.0010653
-0.859707 -0.0862341 -0.000701407
-0.891823 -0.158511 -0.000257969
-0.914874 -0.212616 0.000247976
-0.927976 -0.24647 0.000796983
-0.930624 -0.258773 0.00136796
-0.922716 -0.24905 0.00193896
-0.904557 -0.217677 0.00248804
-0.876845 -0.165859 0.0029941
-0.840643 -0.0955864 0.00343769
-0.797345 -0.00956035 0.00380178
-0.748612 0.0889135 0.00407236
-0.696319 0.196051 0.00423904
-0.642474 0.307735 0.00429541
-0.589147 0.419673 0.00423931
-0.538388 0.527565 0.00407289
-0.492146 0.627263 0.00380255
-0.452198 0.714937 0.00343868
-0.42008 0.787217 0.00299526
-0.397027 0.841327 0.00248933
-0.383923 0.875186 0.00194033
-0.381273 0.887493 0.00136935
-0.389178 0.877776 0.000798354
-0.407335 0.846407 0.000249266
-0.435045 0.794593 -0.000256807
-0.471245 0.724325 -0.000700419
-0.514542 0.638302 -0.00106452
-0.563274 0.53983 -0.00133512
-0.615566 0.432694 -0.00150183
-0.669411 0.321011 -0.00155823
-0.722738 0.209072 -0.00150215
-0.773499 0.101179 -0.00133576
-0.819742 0.00147857 -0.00106544
-0.859691 -0.0861985 -0.000701586
-0.891811 -0.158483 -0.00025818
-0.914866 -0.212596 0.000247741
-0.927972 -0.24646 0.000796734
-0.930625 -0.258772 0.0013677
-0.922722 -0.24906 0.00193871
-0.904567 -0.217696 0.0024878
-0.876859 -0.165886 0.00299389
-0.840661 -0.0956212 0.00343751
-0.797365 -0.00960139 0.00380164
-0.748635 0.0888678 0.00407226
-0.696343 0.196002 0.00423899
-0.642498 0.307685 0.00429541
-0.589171 0.419624 0.00423936
-0.538409 0.527518 0.00407299
-0.492165 0.627221 0.00380269
-0.452214 0.714901 0.00343886
-0.420093 0.787189 0.00299547
-0.397035 0.841307 0.00248956
-0.383927 0.875175 0.00194057
-0.381272 0.887492 0.00136961
-0.389172 0.877785 0.000798603
-0.407325 0.846426 0.000249501
-0.435031 0.79462 -0.000256596
-0.471227 0.724359 -0.000700239
-0.514522 0.638343 -0.00106438
-0.563251 0.539876 -0.00133503
-0.615543 0.432743 -0.00150178
-0.669387 0.321061 -0.00155823
-0.722715 0.209121 -0.0015022
-0.773477 0.101225 -0.00133585
-0.819723 0.00152025 -0.00106558
-0.859675 -0.0861629 -0.000701766
-0.891798 -0.158455 -0.000258391
-0.914858 -0.212577 0.000247506
-0.927969 -0.24645 0.000796485
-0.930626 -0.258771 0.00136745
-0.922728 -0.249069 0.00193846
-0.904578 -0.217714 0.00248757
-0.876873 -0.165913 0.00299367
-0.840679 -0.095656 0.00343733
-0.797386 -0.00964242 0.00380149
-0.748657 0.088822 0.00407216
-0.696366 0.195954 0.00423894
-0.642522 0.307635 0.00429541
-0.589194 0.419575 0.00423941
-0.538431 0.527472 0.00407309
-0.492184 0.62718 0.00380284
-0.45223 0.714866 0.00343904
-0.420105 0.787161 0.00299568
-0.397043 0.841288 0.0024898
-0.38393 0.875165 0.00194082
-0.399424 0.855305 0.000905981
-0.406884 0.846124 0.000368121
-0.424 0.816549 -0.000149071
-0.450114 0.767716 -0.000625718
-0.484223 0.701503 -0.0010435
-0.525017 0.620453 -0.00138638
-0.570926 0.527681 -0.00164116
-0.620189 0.426752 -0.00179805
-0.67091 0.321545 -0.00185104
-0.721142 0.216103 -0.00179808
-0.768953 0.114477 -0.0016412
-0.812507 0.020573 -0.00138644
-0.850129 -0.0620003 -0.00104359
-0.880375 -0.13007 -0.000625818
-0.902081 -0.18102 -0.000149181
-0.914414 -0.212893 0.000368003
-0.916899 -0.224463 0.000905862
-0.909442 -0.215287 0.00144372
-0.892328 -0.185716 0.00196092
-0.866215 -0.136888 0.00243758
-0.832108 -0.0706776 0.00285538
-0.791316 0.0103696 0.00319827
-0.745407 0.103139 0.00345307
-0.696145 0.204067 0.00360999
-0.645424 0.309273 0.003663
-0.595192 0.414716 0.00361006
-0.54738 0.516343 0.00345321
-0.503825 0.610249 0.00319847
-0.466201 0.692825 0.00285564
-0.435954 0.760898 0.00243788
-0.414246 0.811852 0.00196125
-0.401911 0.84373 0.00144408
-0.399423 0.855305 0.00090622
-0.406879 0.846133 0.000368355
-0.42399 0.816566 -0.00014885
-0.450101 0.767742 -0.000625519
-0.484207 0.701536 -0.00104334
-0.524997 0.620491 -0.00138624
-0.570905 0.527724 -0.00164106
-0.620166 0.426798 -0.00179801
-0.670888 0.321592 -0.00185104
-0.72112 0.216149 -0.00179812
-0.768933 0.11452 -0.00164129
-0.812489 0.0206123 -0.00138658
-0.850114 -0.0619668 -0.00104376
-0.880363 -0.130043 -0.000626016
-0.902073 -0.181002 -0.000149402
-0.91441 -0.212883 0.000367769
-0.9169 -0.224463 0.000905622
-0.909447 -0.215295 0.00144349
-0.892337 -0.185734 0.0019607
-0.866229 -0.136913 0.00243738
-0.832125 -0.0707103 0.00285521
-0.791335 0.0103309 0.00319814
-0.745428 0.103096 0.00345298
-0.696168 0.204021 0.00360995
-0.645446 0.309226 0.003663
-0.595214 0.41467 0.00361011
-0.5474 0.5163 0.0034533
-0.503843 0.61021 0.0031986
-0.466216 0.692792 0.00285581
-0.435966 0.760872 0.00243808
-0.414253 0.811834 0.00196148
-0.401914 0.84372 0.00144431
-0.399422 0.855304 0.00090646
-0.406873 0.846141 0.00036859
-0.423981 0.816584 -0.000148629
-0.450087 0.767768 -0.00062532
-0.48419 0.701568 -0.00104317
-0.524978 0.62053 -0.00138611
-0.570884 0.527767 -0.00164097
-0.620144 0.426844 -0.00179796
-0.670865 0.321639 -0.00185104
-0.721098 0.216195 -0.00179817
-0.768912 0.114564 -0.00164138
-0.81247 0.0206515 -0.00138671
-0.850099 -0.0619333 -0.00104393
-0.880351 -0.130017 -0.000626215
-0.902066 -0.180983 -0.000149623
-0.914407 -0.212873 0.000367534
-0.916901 -0.224462 0.000905383
-0.909452 -0.215304 0.00144326
-0.892347 -0.185751 0.00196048
-0.866242 -0.136939 0.00243718
-0.832141 -0.0707431 0.00285504
-0.791354 0.0102923 0.00319801
-0.745449 0.103053 0.00345289
-0.69619 0.203975 0.0036099
-0.645469 0.30918 0.003663
-0.595236 0.414624 0.00361016
-0.547421 0.516256 0.00345339
-0.503861 0.610171 0.00319874
-0.466231 0.692758 0.00285597
-0.435977 0.760845 0.00243828
-0.414261 0.811816 0.0019617
-0.401917 0.84371 0.00144455
-0.399421 0.855303 0.000906699
-0.406868 0.84615 0.000368825
-0.423971 0.816601 -0.000148408
-0.450074 0.767793 -0.000625121
-0.484173 0.701601 -0.001043
-0.524959 0.620569 -0.00138598
-0.570863 0.52781 -0.00164088
-0.620122 0.42689 -0.00179791
-0.670843 0.321686 -0.00185104
-0.721076 0.216241 -0.00179822
-0.768892 0.114607 -0.00164148
-0.812452 0.0206908 -0.00138684
-0.850084 -0.0618997 -0.0010441
-0.88034 -0.12999 -0.000626414
-0.902058 -0.180965 -0.000149844
-0.914404 -0.212864 0.0003673
-0.916902 -0.224462 0.000905144
-0.909458 -0.215313 0.00144302
-0.892357 -0.185768 0.00196026
-0.866256 -0.136964 0.00243698
-0.832158 -0.0707758 0.00285488
-0.791374 0.0102536 0.00319787
-0.74547 0.10301 0.0034528
-0.696212 0.203929 0.00360985
-0.645491 0.309133 0.003663
-0.595258 0.414578 0.0036102
-0.547441 0.516213 0.00345348
-0.503879 0.610131 0.00319887
-0.466247 0.692725 0.00285614
-0.435989 0.760819 0.00243848
-0.414269 0.811797 0.00196192
-0.401921 0.843701 0.00144478
-0.39942 0.855303 0.000906938
-0.406862 0.846159 0.000369059
-0.423961 0.816619 -0.000148186
-0.45006 0.767819 -0.000624922
-0.484157 0.701634 -0.00104283
-0.524939 0.620607 -0.00138584
-0.570842 0.527853 -0.00164079
-0.6201 0.426935 -0.00179787
-0.67082 0.321732 -0.00185104
-0.721054 0.216287 -0.00179826
-0.768872 0.114651 -0.00164157
-0.812434 0.02073 -0.00138697
-0.850069 -0.0618662 -0.00104427
-0.880328 -0.129964 -0.000626613
-0.902051 -0.180946 -0.000150065
-0.9144 -0.212854 0.000367065
-0.916903 -0.224461 0.000904905
-0.909463 -0.215321 0.00144279
-0.892366 -0.185786 0.00196004
-0.866269 -0.13699 0.00243679
-0.832175 -0.0708085 0.00285471
-0.791393 0.010215 0.00319774
-0.745492 0.102967 0.00345271
-0.427342 0.802285 0.000479633
-0.434055 0.794023 -4.43252e-06
-0.449459 0.767406 -0.000469897
-0.472961 0.723457 -0.000898872
-0.503659 0.663866 -0.00127487
-0.540373 0.590922 -0.00158345
-0.581691 0.507429 -0.00181275
-0.626026 0.416595 -0.00195395
-0.671674 0.32191 -0.00200164
-0.716882 0.227013 -0.00195398
-0.759911 0.135552 -0.00181279
-0.799109 0.0510399 -0.00158351
-0.832969 -0.0232748 -0.00127495
-0.860189 -0.0845363 -0.000898961
-0.879724 -0.130391 -0.000469996
-0.890824 -0.159076 -4.53811e-06
-0.893061 -0.169489 0.000479526
-0.886349 -0.16123 0.000963594
-0.870947 -0.134617 0.00142906
-0.847446 -0.0906721 0.00185805
-0.81675 -0.0310842 0.00223406
-0.780038 0.0418569 0.00254266
-0.73872 0.125348 0.00277197
-0.694386 0.216181 0.0029132
-0.648737 0.310866 0.00296091
-0.603529 0.405762 0.00291326
-0.560499 0.497225 0.0027721
-0.521301 0.581739 0.00254284
-0.48744 0.656056 0.00223429
-0.460218 0.717321 0.00185832
-0.440681 0.763179 0.00142936
-0.429579 0.791868 0.00096391
-0.427341 0.802285 0.000479849
-0.43405 0.79403 -4.22134e-06
-0.44945 0.767421 -0.000469698
-0.472949 0.72348 -0.000898693
-0.503644 0.663895 -0.00127472
-0.540355 0.590957 -0.00158333
-0.581672 0.507468 -0.00181267
-0.626006 0.416636 -0.00195391
-0.671654 0.321952 -0.00200164
-0.716862 0.227055 -0.00195402
-0.759893 0.135591 -0.00181287
-0.799093 0.0510752 -0.00158363
-0.832955 -0.0232446 -0.0012751
-0.860179 -0.0845125 -0.00089914
-0.879718 -0.130374 -0.000470195
-0.890821 -0.159067 -4.74928e-06
-0.893061 -0.169488 0.00047931
-0.886354 -0.161238 0.000963382
-0.870955 -0.134633 0.00142886
-0.847458 -0.0906952 0.00185787
-0.816765 -0.0311137 0.00223391
-0.780055 0.0418221 0.00254254
-0.738739 0.125309 0.00277189
-0.694406 0.21614 0.00291316
-0.648758 0.310823 0.00296091
-0.603549 0.405721 0.0029133
-0.560518 0.497186 0.00277218
-0.521317 0.581704 0.00254296
-0.487453 0.656026 0.00223444
-0.460228 0.717297 0.0018585
-0.440687 0.763162 0.00142956
-0.429582 0.791859 0.000964122
-0.42734 0.802284 0.000480064
-0.434045 0.794038 -4.01015e-06
-0.449442 0.767437 -0.000469499
-0.472937 0.723503 -0.000898514
-0.503629 0.663925 -0.00127457
-0.540338 0.590992 -0.00158321
-0.581653 0.507506 -0.00181258
-0.625986 0.416677 -0.00195387
-0.671634 0.321994 -0.00200164
-0.716843 0.227096 -0.00195406
-0.759875 0.13563 -0.00181296
-0.799076 0.0511105 -0.00158375
-0.832941 -0.0232145 -0.00127525
-0.860168 -0.0844887 -0.000899319
-0.879711 -0.130357 -0.000470394
-0.890818 -0.159058 -4.96045e-06
-0.893062 -0.169488 0.000479095
-0.886359 -0.161246 0.000963171
-0.870964 -0.134648 0.00142867
-0.84747 -0.0907182 0.00185769
-0.81678 -0.0311431 0.00223376
-0.780072 0.0417874 0.00254242
-0.738758 0.125271 0.00277181
-0.694426 0.216099 0.00291312
-0.648778 0.310781 0.00296091
-0.603569 0.405679 0.00291335
-0.560536 0.497147 0.00277226
-0.521333 0.581668 0.00254308
-0.487467 0.655996 0.0022346
-0.460238 0.717273 0.00185868
-0.440694 0.763146 0.00142976
-0.429585 0.79185 0.000964333
-0.427339 0.802284 0.000480279
-0.43404 0.794046 -3.79896e-06
-0.449433 0.767453 -0.0004693
-0.472925 0.723526 -0.000898334
-0.503614 0.663954 -0.00127442
-0.54032 0.591026 -0.00158309
-0.581634 0.507545 -0.0018125
-0.625966 0.416718 -0.00195383
-0.671614 0.322036 -0.00200164
-0.716823 0.227138 -0.0019541
-0.759856 0.135669 -0.00181304
-0.79906 0.0511458 -0.00158387
-0.832928 -0.0231843 -0.00127541
-0.860158 -0.0844648 -0.000899498
-0.879704 -0.130341 -0.000470593
-0.890815 -0.159049 -5.17162e-06
-0.893063 -0.169487 0.00047888
-0.886364 -0.161253 0.00096296
-0.870973 -0.134664 0.00142847
-0.847482 -0.0907412 0.00185751
-0.816795 -0.0311726 0.00223361
-0.78009 0.0417526 0.0025423
-0.738778 0.125232 0.00277173
-0.694446 0.216058 0.00291307
-0.648798 0.310739 0.00296091
-0.603588 0.405638 0.00291339
-0.560554 0.497108 0.00277235
-0.521349 0.581633 0.0025432
-0.48748 0.655966 0.00223475
-0.460249 0.717249 0.00185885
-0.440701 0.763129 0.00142996
-0.429588 0.791841 0.000964544
-0.427338 0.802283 0.000480495
-0.434035 0.794054 -3.58777e-06
-0.449424 0.767468 -0.000469101
-0.472913 0.723549 -0.000898155
-0.503599 0.663984 -0.00127426
-0.540303 0.591061 -0.00158297
-0.581615 0.507584 -0.00181242
-0.625946 0.41676 -0.00195379
-0.463955 0.730473 0.000105932
-0.469665 0.723446 -0.000305737
-0.482765 0.70081 -0.000701587
-0.502752 0.663434 -0.0010664
-0.528859 0.612756 -0.00138617
-0.560082 0.550721 -0.0016486
-0.59522 0.479715 -0.0018436
-0.632925 0.402466 -0.00196369
-0.671746 0.321942 -0.00200424
-0.710192 0.241238 -0.00196371
-0.746786 0.163456 -0.00184364
-0.780122 0.0915833 -0.00164865
-0.808917 0.0283831 -0.00138624
-0.832067 -0.0237162 -0.00106648
-0.84868 -0.0627126 -0.000701671
-0.858119 -0.0871074 -0.000305827
-0.860022 -0.0959632 0.000105841
-0.854314 -0.0889398 0.000517512
-0.841215 -0.0663069 0.000913367
-0.821229 -0.0289344 0.00127819
-0.795124 0.0217417 0.00159797
-0.763903 0.0837738 0.00186041
-0.728765 0.154778 0.00205543
-0.691061 0.232026 0.00217554
-0.652239 0.31255 0.00221611
-0.613793 0.393254 0.00217559
-0.577198 0.471037 0.00205554
-0.543862 0.542911 0.00186057
-0.515065 0.606114 0.00159817
-0.491915 0.658216 0.00127842
-0.475299 0.697215 0.000913621
-0.465858 0.721613 0.000517781
-0.463954 0.730473 0.000106116
-0.469661 0.723453 -0.000305557
-0.482758 0.700823 -0.000701417
-0.502742 0.663454 -0.00106625
-0.528846 0.612781 -0.00138604
-0.560067 0.550751 -0.0016485
-0.595204 0.479748 -0.00184353
-0.632908 0.402501 -0.00196365
-0.671729 0.321978 -0.00200424
-0.710176 0.241274 -0.00196374
-0.746771 0.163489 -0.00184371
-0.780108 0.0916134 -0.00164875
-0.808906 0.0284088 -0.00138637
-0.832058 -0.0236959 -0.00106663
-0.848674 -0.0626985 -0.00070184
-0.858117 -0.0871 -0.000306006
-0.860023 -0.0959628 0.000105658
-0.854318 -0.0889463 0.000517332
-0.841223 -0.0663202 0.000913198
-0.82124 -0.0289539 0.00127804
-0.795137 0.0217166 0.00159784
-0.763917 0.0837442 0.00186031
-0.728781 0.154745 0.00205536
-0.691078 0.231991 0.0021755
-0.652257 0.312514 0.00221611
-0.613809 0.393219 0.00217563
-0.577214 0.471004 0.00205561
-0.543876 0.542881 0.00186067
-0.515077 0.606088 0.0015983
-0.491923 0.658196 0.00127857
-0.475305 0.697201 0.00091379
-0.465861 0.721606 0.000517961
-0.463954 0.730472 0.000106299
-0.469656 0.723459 -0.000305378
-0.48275 0.700837 -0.000701248
-0.502732 0.663473 -0.0010661
-0.528833 0.612806 -0.00138591
-0.560052 0.55078 -0.0016484
-0.595188 0.479781 -0.00184346
-0.632891 0.402536 -0.00196362
-0.671712 0.322014 -0.00200424
-0.710159 0.241309 -0.00196378
-0.746755 0.163522 -0.00184378
-0.780094 0.0916434 -0.00164885
-0.808894 0.0284344 -0.0013865
-0.832049 -0.0236757 -0.00106679
-0.848669 -0.0626844 -0.000702009
-0.858114 -0.0870926 -0.000306186
-0.860023 -0.0959624 0.000105475
-0.854322 -0.0889529 0.000517153
-0.84123 -0.0663336 0.000913028
-0.82125 -0.0289735 0.00127789
-0.79515 0.0216915 0.00159771
-0.763932 0.0837146 0.00186021
-0.728797 0.154712 0.00205529
-0.691095 0.231956 0.00217547
-0.652274 0.312478 0.00221611
-0.613826 0.393183 0.00217566
-0.577229 0.470971 0.00205568
-0.54389 0.542851 0.00186077
-0.515088 0.606063 0.00159842
-0.491932 0.658175 0.00127873
-0.475311 0.697187 0.000913959
-0.465864 0.721599 0.000518141
-0.463953 0.730472 0.000106482
-0.469652 0.723466 -0.000305198
-0.482743 0.70085 -0.000701079
-0.502722 0.663493 -0.00106595
-0.528821 0.612831 -0.00138578
-0.560037 0.55081 -0.00164829
-0.595172 0.479814 -0.00184339
-0.632874 0.402571 -0.00196358
-0.671694 0.32205 -0.00200424
-0.710142 0.241344 -0.00196381
-0.74674 0.163556 -0.00184385
-0.78008 0.0916734 -0.00164896
-0.808883 0.0284601 -0.00138662
-0.83204 -0.0236554 -0.00106694
-0.848663 -0.0626703 -0.000702179
-0.858112 -0.0870852 -0.000306366
-0.860024 -0.095962 0.000105292
-0.854326 -0.0889595 0.000516973
-0.841237 -0.0663469 0.000912859
-0.82126 -0.0289931 0.00127774
-0.507859 0.642628 -0.000200761
-0.512345 0.637107 -0.000524214
-0.522638 0.619321 -0.000835237
-0.538342 0.589955 -0.00112188
-0.558854 0.550136 -0.00137312
-0.583386 0.501395 -0.00157932
-0.610995 0.445605 -0.00173253
-0.64062 0.384909 -0.00182689
-0.671122 0.321641 -0.00185875
-0.70133 0.258231 -0.0018269
-0.730082 0.197116 -0.00173256
-0.756274 0.140645 -0.00157936
-0.778899 0.0909883 -0.00137317
-0.797088 0.0500533 -0.00112194
-0.810141 0.0194134 -0.000835304
-0.817558 0.000246129 -0.000524284
-0.819052 -0.006712 -0.000200833
-0.814568 -0.00119358 0.000122622
-0.804276 0.0165893 0.000433649
-0.788573 0.0459533 0.000720297
-0.768062 0.08577 0.00097155
-0.74353 0.134509 0.00117775
-0.715922 0.190298 0.00133098
-0.686298 0.250993 0.00142535
-0.655795 0.314261 0.00145723
-0.625588 0.377671 0.00142539
-0.596835 0.438787 0.00133107
-0.570642 0.495259 0.00117787
-0.548016 0.544918 0.000971703
-0.529827 0.585855 0.000720477
-0.516772 0.616497 0.000433849
-0.509354 0.635667 0.000122833
-0.507858 0.642628 -0.000200617
-0.512341 0.637112 -0.000524073
-0.522632 0.619332 -0.000835104
-0.538334 0.58997 -0.00112176
-0.558844 0.550156 -0.00137302
-0.583374 0.501418 -0.00157924
-0.610982 0.445631 -0.00173248
-0.640606 0.384937 -0.00182686
-0.671109 0.321669 -0.00185875
-0.701317 0.258259 -0.00182693
-0.73007 0.197142 -0.00173261
-0.756263 0.140669 -0.00157944
-0.77889 0.0910084 -0.00137328
-0.797081 0.0500692 -0.00112206
-0.810137 0.0194245 -0.000835437
-0.817556 0.000251941 -0.000524426
-0.819053 -0.00671168 -0.000200977
-0.814571 -0.00119876 0.000122481
-0.804282 0.0165788 0.000433516
-0.788581 0.0459379 0.000720178
-0.768072 0.0857503 0.000971449
-0.743542 0.134486 0.00117767
-0.715935 0.190272 0.00133093
-0.686311 0.250965 0.00142532
-0.655809 0.314233 0.00145723
-0.625601 0.377643 0.00142542
-0.596847 0.43876 0.00133112
-0.570653 0.495235 0.00117795
-0.548025 0.544897 0.000971805
-0.529833 0.585839 0.000720596
-0.516776 0.616486 0.000433981
-0.509356 0.635661 0.000122974
-0.507857 0.642627 -0.000200473
-0.512338 0.637117 -0.000523932
-0.522626 0.619342 -0.000834971
-0.538326 0.589986 -0.00112164
-0.558834 0.550175 -0.00137292
-0.583363 0.501441 -0.00157916
-0.610969 0.445657 -0.00173242
-0.640593 0.384964 -0.00182683
-0.671095 0.321697 -0.00185875
-0.701303 0.258286 -0.00182696
-0.730058 0.197169 -0.00173267
-0.756252 0.140693 -0.00157952
-0.778881 0.0910286 -0.00137338
-0.797074 0.0500851 -0.00112218
-0.810132 0.0194356 -0.00083557
-0.817554 0.000257755 -0.000524567
-0.819054 -0.00671135 -0.000201121
-0.814574 -0.00120394 0.000122339
-0.804288 0.0165683 0.000433383
-0.788589 0.0459225 0.000720058
-0.768082 0.0857306 0.000971347
-0.743554 0.134463 0.00117759
-0.715948 0.190246 0.00133087
-0.686324 0.250938 0.00142529
-0.655822 0.314205 0.00145723
-0.625614 0.377616 0.00142545
-0.596859 0.438734 0.00133118
-0.557364 0.542126 -0.000428661
-0.560455 0.538323 -0.000651468
-0.567545 0.526071 -0.000865713
-0.578363 0.505842 -0.00106316
-0.592492 0.478414 -0.00123623
-0.609391 0.444839 -0.00137826
-0.628409 0.406408 -0.0014838
-0.648815 0.364599 -0.0015488
-0.669827 0.321017 -0.00157075
-0.690635 0.277338 -0.00154881
-0.71044 0.23524 -0.00148382
-0.728482 0.196341 -0.00137829
-0.744068 0.162135 -0.00123626
-0.756597 0.133937 -0.0010632
-0.765588 0.112831 -0.000865758
-0.770697 0.0996282 -0.000651516
-0.771727 0.0948351 -0.00042871
-0.768638 0.0986364 -0.000205902
-0.761548 0.110886 8.34551e-06
-0.750731 0.131113 0.0002058
-0.736602 0.15854 0.000378873
-0.719704 0.192114 0.000520914
-0.700687 0.230543 0.000626464
-0.68028 0.272352 0.000691467
-0.659269 0.315934 0.000713426
-0.638461 0.359613 0.000691496
-0.618655 0.401712 0.000626521
-0.600612 0.440612 0.000520996
-0.585027 0.474819 0.000378978
-0.572497 0.503018 0.000205923
-0.563504 0.524126 8.48285e-06
-0.558395 0.537331 -0.000205756
-0.557364 0.542126 -0.000428562
-0.560452 0.538326 -0.00065137
-0.567541 0.526078 -0.000865621
-0.578357 0.505853 -0.00106308
-0.592485 0.478427 -0.00123616
-0.609383 0.444855 -0.00137821
-0.6284 0.406426 -0.00148377
-0.648806 0.364618 -0.00154878
-0.669817 0.321037 -0.00157075
-0.690626 0.277357 -0.00154883
-0.710432 0.235258 -0.00148386
-0.728475 0.196357 -0.00137835
-0.744061 0.162149 -0.00123633
-0.756592 0.133948 -0.00106329
-0.765585 0.112839 -0.00086585
-0.770696 0.0996322 -0.000651613
-0.771727 0.0948354 -0.000428809
-0.76864 0.0986329 -0.000205999
-0.761552 0.110879 8.25395e-06
-0.750737 0.131102 0.000205717
-0.736609 0.158527 0.000378803
-0.719712 0.192098 0.000520859
-0.700695 0.230526 0.000626426
-0.680289 0.272333 0.000691448
-0.659278 0.315914 0.000713426
-0.63847 0.359594 0.000691516
-0.618663 0.401694 0.000626559
-0.60062 0.440596 0.000521051
-0.585033 0.474805 0.000379048
-0.572502 0.503007 0.000206006
-0.563507 0.524118 8.57441e-06
-0.61057 0.432828 -0.000569009
-0.612146 0.430889 -0.000682608
-0.615761 0.424643 -0.000791842
-0.621276 0.414329 -0.000892512
-0.62848 0.400345 -0.000980751
-0.637096 0.383226 -0.00105317
-0.646792 0.363633 -0.00110698
-0.657197 0.342316 -0.00114011
-0.667909 0.320096 -0.00115131
-0.678519 0.297826 -0.00114012
-0.688617 0.276362 -0.00110699
-0.697815 0.256529 -0.00105318
-0.705761 0.239089 -0.000980768
-0.712149 0.224712 -0.000892533
-0.716734 0.213951 -0.000791865
-0.719339 0.20722 -0.000682633
-0.719864 0.204776 -0.000569035
-0.718288 0.206714 -0.000455435
-0.714674 0.212959 -0.0003462
-0.709159 0.223272 -0.000245528
-0.701955 0.237256 -0.000157286
-0.69334 0.254374 -8.48659e-05
-0.683644 0.273967 -3.10508e-05
-0.673239 0.295284 2.09145e-06
-0.662527 0.317504 1.32872e-05
-0.651917 0.339774 2.10624e-06
-0.641819 0.361238 -3.10218e-05
-0.63262 0.381071 -8.48238e-05
-0.624674 0.398512 -0.000157232
-0.618285 0.412889 -0.000245465
-0.613701 0.423651 -0.00034613
-0.611095 0.430384 -0.000455361
-0.665431 0.318936 -0.000616413
