0.384402 0.332005 0.185318
0.256496 0.470066 0.183028
0.254863 0.46388 0.196193
0.258018 0.452462 0.208853
0.265838 0.43625 0.22052
0.278024 0.415868 0.230746
0.294107 0.392098 0.239139
0.31347 0.365854 0.245375
0.335367 0.338145 0.249216
0.358959 0.310035 0.250513
0.383337 0.282604 0.249216
0.407565 0.256908 0.245376
0.430713 0.233932 0.23914
0.45189 0.21456 0.230748
0.470284 0.199537 0.220522
0.485186 0.18944 0.208855
0.496024 0.184657 0.196196
0.502383 0.185371 0.18303
0.504017 0.191555 0.169865
0.500863 0.202972 0.157205
0.493044 0.219183 0.145538
0.480859 0.239565 0.135311
0.464776 0.263334 0.126918
0.445414 0.289578 0.120681
0.423517 0.317287 0.11684
0.399926 0.345397 0.115543
0.375548 0.372827 0.116838
0.35132 0.398525 0.120678
0.328172 0.421501 0.126913
0.306994 0.440873 0.135305
0.2886 0.455897 0.14553
0.273697 0.465996 0.157197
0.262857 0.47078 0.169856
0.12358 0.594249 0.176243
0.120377 0.582116 0.202068
0.126565 0.559718 0.226901
0.141905 0.527918 0.249787
0.165809 0.487936 0.269846
0.197357 0.44131 0.286309
0.235338 0.389831 0.298542
0.278292 0.335477 0.306076
0.324568 0.280337 0.30862
0.372388 0.22653 0.306077
0.419914 0.176124 0.298544
0.465319 0.131056 0.286312
0.50686 0.0930572 0.26985
0.54294 0.0635884 0.249791
0.572172 0.043782 0.226906
0.593432 0.034399 0.202074
0.605905 0.0358 0.176249
0.60911 0.0479312 0.150423
0.602924 0.0703264 0.12559
0.587586 0.102125 0.102704
0.563684 0.142105 0.0826435
0.532137 0.18873 0.0661798
0.494157 0.240209 0.0539458
0.451204 0.294562 0.0464113
0.404929 0.349702 0.0438662
0.357109 0.403509 0.046408
0.309583 0.453916 0.0539392
0.264177 0.498986 0.0661703
0.222635 0.536986 0.0826313
0.186554 0.566457 0.10269
0.15732 0.586266 0.125575
0.136058 0.595651 0.150407
0.123583 0.594252 0.176231
0.120376 0.582123 0.202057
0.12656 0.55973 0.22689
0.141896 0.527934 0.249777
0.165797 0.487955 0.269838
0.197342 0.441332 0.286303
0.23532 0.389854 0.298538
0.278272 0.335501 0.306073
0.324547 0.280361 0.30862
0.372366 0.226553 0.306079
0.419893 0.176145 0.298549
0.4653 0.131074 0.286319
0.506843 0.0930722 0.269859
0.542925 0.0635994 0.249801
0.57216 0.0437885 0.226917
0.593425 0.0344008 0.202085
0.605901 0.035797 0.17626
0.60911 0.0479236 0.150435
0.602929 0.0703144 0.125601
0.587594 0.102109 0.102714
0.563696 0.142086 0.0826516
0.532152 0.188708 0.0661862
0.494175 0.240185 0.0539502
0.451224 0.294538 0.0464136
0.40495 0.349678 0.0438662
0.357131 0.403486 0.0464057
0.309604 0.453895 0.0539348
0.264196 0.498967 0.0661639
0.222652 0.536971 0.0826232
0.186568 0.566446 0.10268
0.157332 0.586259 0.125564
-0.00923808 0.699783 0.165225
-0.013888 0.682168 0.202717
-0.00490494 0.649652 0.238769
0.017366 0.603485 0.271994
0.0520689 0.54544 0.301117
0.0978703 0.477749 0.325017
0.15301 0.403013 0.342776
0.215369 0.324103 0.353713
0.282551 0.244052 0.357407
0.351975 0.165937 0.353715
0.420972 0.0927587 0.34278
0.486891 0.0273297 0.325021
0.547199 -0.0278359 0.301122
0.599579 -0.0706179 0.272001
0.642017 -0.0993724 0.238777
0.672882 -0.112994 0.202726
0.69099 -0.11096 0.165234
0.695642 -0.0933486 0.127741
0.686662 -0.0608358 0.0916892
0.664394 -0.0146713 0.0584631
0.629694 0.0433707 0.0293398
0.583895 0.11106 0.00543826
0.528757 0.185795 -0.0123229
0.466399 0.264704 -0.0232612
0.399218 0.344755 -0.0269562
0.329794 0.422871 -0.0232661
0.260797 0.496051 -0.0123325
0.194877 0.561482 0.00542436
0.134567 0.61665 0.0293221
0.0821858 0.659435 0.0584423
0.0397455 0.688193 0.0916661
0.00887713 0.701818 0.127717
-0.00923301 0.699787 0.165209
-0.013889 0.682179 0.202701
-0.00491189 0.649669 0.238753
0.0173533 0.603508 0.27198
0.052051 0.545468 0.301105
0.0978478 0.477781 0.325007
0.152984 0.403047 0.34277
0.21534 0.324138 0.35371
0.282521 0.244088 0.357407
0.351944 0.165971 0.353718
0.420942 0.0927896 0.342786
0.486863 0.0273565 0.325031
0.547174 -0.0278141 0.301134
0.599558 -0.070602 0.272015
0.642 -0.099363 0.238792
0.672871 -0.112992 0.202742
0.690984 -0.110965 0.16525
0.695643 -0.0933598 0.127758
0.686669 -0.0608533 0.0917046
0.664407 -0.0146945 0.058477
0.629712 0.0433428 0.0293516
0.583917 0.111028 0.00544753
0.528783 0.185761 -0.0123165
0.466428 0.264669 -0.0232579
0.399248 0.34472 -0.0269562
0.329825 0.422837 -0.0232693
0.260827 0.49602 -0.0123389
0.194905 0.561455 0.0054151
0.134592 0.616628 0.0293103
0.0822069 0.659419 0.0584285
0.0397618 0.688183 0.0916507
0.00888802 0.701815 0.1277
-0.00922795 0.699792 0.165192
-0.01389 0.68219 0.202685
-0.00491884 0.649687 0.238738
0.0173407 0.603531 0.271966
0.0520331 0.545496 0.301093
0.0978254 0.477813 0.324998
0.152958 0.403081 0.342764
0.215312 0.324174 0.353707
0.282491 0.244123 0.357407
0.351913 0.166004 0.353721
0.420912 0.0928204 0.342792
0.486835 0.0273833 0.32504
0.547149 -0.0277923 0.301146
0.599537 -0.0705861 0.272029
0.641984 -0.0993536 0.238807
0.672861 -0.112989 0.202758
0.690979 -0.110969 0.165267
0.695644 -0.0933709 0.127774
0.686676 -0.0608708 0.09172
0.66442 -0.0147177 0.0584909
0.62973 0.0433148 0.0293634
0.58394 0.110997 0.0054568
0.528809 0.185727 -0.0123101
0.466457 0.264633 -0.0232547
0.399279 0.344684 -0.0269562
0.329856 0.422804 -0.0232726
0.260857 0.495989 -0.0123452
-0.136854 0.782612 0.150398
-0.142772 0.760192 0.198116
-0.131339 0.718807 0.244001
-0.102993 0.660047 0.286289
-0.0588249 0.58617 0.323355
-0.000530786 0.500016 0.353774
0.0696489 0.404894 0.376378
0.149017 0.304461 0.390298
0.234524 0.202576 0.394999
0.322883 0.103154 0.3903
0.4107 0.0100152 0.376382
0.4946 -0.0732604 0.35378
0.571357 -0.143473 0.323362
0.638024 -0.197924 0.286298
0.692037 -0.234522 0.244011
0.731322 -0.251859 0.198127
0.754368 -0.24927 0.150408
0.76029 -0.226855 0.10269
0.74886 -0.185474 0.0568042
0.720519 -0.126718 0.0145154
0.676353 -0.0528439 -0.0225517
0.618062 0.0333081 -0.0529726
0.547885 0.128428 -0.0755783
0.468518 0.22886 -0.0895001
0.383012 0.330746 -0.094203
0.294653 0.430169 -0.0895063
0.206836 0.523309 -0.0755905
0.122935 0.606587 -0.0529903
0.0461757 0.676803 -0.0225742
-0.0204933 0.731258 0.0144889
-0.0745097 0.76786 0.0567748
-0.113798 0.785202 0.102658
-0.136848 0.782617 0.150377
-0.142774 0.760206 0.198096
-0.131348 0.718829 0.243982
-0.10301 0.660076 0.286272
-0.0588477 0.586206 0.32334
-0.000559358 0.500056 0.353762
0.0696156 0.404938 0.37637
0.14898 0.304506 0.390294
0.234485 0.202621 0.394999
0.322844 0.103196 0.390304
0.410662 0.0100544 0.37639
0.494564 -0.0732262 0.353792
0.571325 -0.143445 0.323377
0.637997 -0.197904 0.286316
0.692016 -0.23451 0.244031
0.731308 -0.251856 0.198148
0.754361 -0.249276 0.15043
0.760291 -0.226869 0.10271
0.748869 -0.185496 0.0568238
0.720535 -0.126747 0.014533
0.676376 -0.0528795 -0.0225367
0.618091 0.0332678 -0.0529608
0.547918 0.128385 -0.0755702
0.468555 0.228815 -0.089496
0.383051 0.330701 -0.094203
0.294692 0.430126 -0.0895105
0.206874 0.52327 -0.0755986
0.122971 0.606553 -0.0530021
0.0462076 0.676775 -0.0225892
-0.0204665 0.731238 0.0144712
-0.074489 0.767848 0.0567551
-0.113784 0.785198 0.102638
-0.136841 0.782623 0.150355
-0.142775 0.76022 0.198075
-0.131357 0.718851 0.243962
-0.103026 0.660106 0.286254
-0.0588705 0.586241 0.323325
-0.000587928 0.500096 0.353751
0.0695823 0.404981 0.376362
0.148944 0.304551 0.39029
0.234447 0.202665 0.394999
0.322805 0.103239 0.390308
0.410624 0.0100936 0.376398
0.494528 -0.0731921 0.353804
0.571293 -0.143417 0.323392
0.63797 -0.197884 0.286333
0.691996 -0.234498 0.24405
0.731294 -0.251853 0.198168
0.754355 -0.249282 0.150451
0.760292 -0.226883 0.102731
0.748878 -0.185518 0.0568434
0.720551 -0.126777 0.0145507
0.676399 -0.0529151 -0.0225217
0.618119 0.0332275 -0.052949
0.547951 0.128341 -0.0755621
0.468592 0.22877 -0.0894918
0.38309 0.330656 -0.094203
0.294731 0.430083 -0.0895146
0.206912 0.523231 -0.0756067
0.123007 0.606519 -0.0530139
0.0462395 0.676747 -0.0226042
-0.0204396 0.731217 0.0144536
-0.0744682 0.767836 0.0567355
-0.11377 0.785195 0.102617
-0.136835 0.782628 0.150334
-0.142776 0.760234 0.198054
-0.131366 0.718873 0.243942
-0.103042 0.660135 0.286236
-0.0588933 0.586277 0.32331
-0.000616495 0.500137 0.353739
0.0695491 0.405025 0.376354
0.148907 0.304596 0.390285
0.234408 0.20271 0.394999
0.322766 0.103282 0.390312
0.410586 0.0101329 0.376406
0.494492 -0.0731579 0.353815
0.571262 -0.14339 0.323407
0.637943 -0.197863 0.286351
0.691975 -0.234486 0.24407
0.73128 -0.251849 0.198189
0.754348 -0.249287 0.150472
0.760294 -0.226897 0.102752
0.748887 -0.185541 0.056863
0.720567 -0.126806 0.0145683
-0.254364 0.839552 0.132331
-0.261323 0.813189 0.188442
-0.247879 0.764525 0.242397
-0.214548 0.695431 0.292122
-0.162611 0.608561 0.335707
-0.0940644 0.507254 0.371476
-0.0115418 0.395403 0.398056
0.0817856 0.277305 0.414424
0.182331 0.157501 0.419951
0.286231 0.0405925 0.414426
0.389493 -0.0689269 0.398061
0.488148 -0.166849 0.371483
0.578406 -0.24941 0.335716
0.656798 -0.313438 0.292133
0.720311 -0.356472 0.242408
0.766505 -0.376859 0.188454
0.793604 -0.373815 0.132343
0.800568 -0.347457 0.0762316
0.787128 -0.298798 0.0222759
0.753801 -0.229708 -0.0274505
0.701868 -0.142842 -0.0710369
0.633325 -0.0415373 -0.106808
0.550805 0.0703121 -0.13339
0.45748 0.188408 -0.14976
0.356935 0.308213 -0.15529
0.253036 0.425123 -0.149767
0.149773 0.534644 -0.133404
0.0511166 0.632569 -0.106829
-0.0391433 0.715134 -0.0710634
-0.117538 0.779166 -0.0274817
-0.181055 0.822206 0.0222413
-0.227253 0.842597 0.0761949
-0.254356 0.839559 0.132306
-0.261325 0.813206 0.188417
-0.247889 0.764551 0.242374
-0.214567 0.695465 0.292101
-0.162638 0.608603 0.335689
-0.094098 0.507301 0.371462
-0.0115809 0.395454 0.398046
0.0817425 0.277358 0.414419
0.182286 0.157553 0.419951
0.286185 0.0406428 0.414431
0.389448 -0.0688808 0.39807
0.488106 -0.166809 0.371497
0.578368 -0.249377 0.335733
0.656766 -0.313414 0.292153
0.720286 -0.356458 0.242431
0.766488 -0.376855 0.188479
0.793596 -0.373822 0.132368
0.800569 -0.347474 0.0762561
0.787138 -0.298824 0.022299
0.75382 -0.229743 -0.0274298
0.701895 -0.142883 -0.0710192
0.633359 -0.0415847 -0.106794
0.550844 0.0702609 -0.13338
0.457523 0.188355 -0.149755
0.356981 0.30816 -0.15529
0.253082 0.425072 -0.149772
0.149818 0.534598 -0.133414
0.0511586 0.632529 -0.106843
-0.0391058 0.715101 -0.071081
-0.117506 0.779143 -0.0275024
-0.18103 0.822191 0.0222183
-0.227236 0.842594 0.0761704
-0.254349 0.839565 0.132281
-0.261326 0.813222 0.188393
-0.2479 0.764578 0.242351
-0.214586 0.6955 0.292081
-0.162665 0.608645 0.335672
-0.0941316 0.507349 0.371449
-0.01162 0.395505 0.398037
0.0816993 0.277411 0.414414
0.18224 0.157606 0.419951
0.286139 0.0406932 0.414436
0.389403 -0.0688347 0.39808
0.488064 -0.166769 0.371511
0.578331 -0.249345 0.335751
0.656734 -0.31339 0.292174
0.720262 -0.356444 0.242455
0.766472 -0.376852 0.188503
0.793589 -0.373828 0.132393
0.800571 -0.347491 0.0762806
0.787149 -0.29885 0.022322
0.753839 -0.229777 -0.027409
0.701922 -0.142925 -0.0710016
0.633392 -0.0416321 -0.10678
0.550883 0.0702098 -0.133371
0.457566 0.188302 -0.14975
0.357026 0.308108 -0.15529
0.253128 0.425022 -0.149777
0.149863 0.534552 -0.133423
0.0512006 0.632489 -0.106857
-0.0390683 0.715069 -0.0710987
-0.117475 0.779119 -0.0275232
-0.181006 0.822177 0.0221952
-0.22722 0.84259 0.0761459
-0.254341 0.839572 0.132256
-0.261327 0.813239 0.188368
-0.24791 0.764604 0.242328
-0.214605 0.695535 0.29206
-0.162692 0.608686 0.335654
-0.0941652 0.507396 0.371435
-0.0116591 0.395556 0.398027
0.0816562 0.277464 0.414409
0.182195 0.157659 0.419951
0.286093 0.0407435 0.414441
0.389358 -0.0687885 0.398089
0.488022 -0.166728 0.371525
0.578293 -0.249312 0.335769
0.656703 -0.313367 0.292195
0.720237 -0.35643 0.242478
0.766456 -0.376848 0.188528
0.793581 -0.373835 0.132418
0.800572 -0.347507 0.0763051
0.787159 -0.298877 0.0223451
0.753858 -0.229812 -0.0273883
0.701949 -0.142967 -0.0709839
0.633426 -0.0416795 -0.106767
0.550922 0.0701587 -0.133361
0.457609 0.18825 -0.149745
0.357072 0.308055 -0.15529
0.253174 0.424971 -0.149782
0.149908 0.534506 -0.133433
0.0512427 0.632448 -0.106871
-0.0390308 0.715036 -0.0711163
-0.117443 0.779095 -0.0275439
-0.180981 0.822163 0.0221722
-0.227204 0.842586 0.0761215
-0.254334 0.839578 0.132231
-0.261329 0.813256 0.188344
-0.24792 0.76463 0.242305
-0.214624 0.695569 0.292039
-0.162718 0.608728 0.335636
-0.0941988 0.507443 0.371421
-0.0116982 0.395607 0.398018
0.0816131 0.277517 0.414404
-0.357252 0.868416 0.111718
-0.364985 0.839123 0.174065
-0.350046 0.785051 0.234017
-0.313011 0.708277 0.289269
-0.255302 0.611752 0.337698
-0.179136 0.499185 0.377443
-0.0874418 0.374902 0.406976
0.0162582 0.24368 0.425164
0.127979 0.11056 0.431306
0.243427 -0.0193422 0.425166
0.358165 -0.141034 0.406982
0.467785 -0.249839 0.377451
0.568074 -0.341577 0.337708
0.655179 -0.412721 0.289281
0.725751 -0.460538 0.23403
0.777079 -0.483191 0.174079
0.80719 -0.479808 0.111732
0.814928 -0.450521 0.0493838
0.799995 -0.396454 -0.0105687
0.762964 -0.319685 -0.0658219
0.705259 -0.223164 -0.114253
0.629098 -0.1106 -0.154
0.537406 0.0136805 -0.183535
0.433708 0.144902 -0.201725
0.321989 0.278022 -0.20787
0.206542 0.407926 -0.201733
0.0918024 0.52962 -0.183551
-0.0178194 0.638428 -0.154023
-0.118111 0.73017 -0.114282
-0.205219 0.801319 -0.0658565
-0.275795 0.849142 -0.0106071
-0.327127 0.8718 0.049343
-0.357244 0.868423 0.11169
-0.364986 0.839142 0.174038
-0.350058 0.78508 0.233992
-0.313032 0.708315 0.289246
-0.255331 0.611798 0.337678
-0.179174 0.499238 0.377428
-0.0874853 0.374959 0.406966
0.0162103 0.243739 0.425158
0.127928 0.110618 0.431306
0.243375 -0.0192863 0.425172
0.358115 -0.140983 0.406992
0.467739 -0.249795 0.377466
0.568033 -0.34154 0.337728
0.655144 -0.412694 0.289304
0.725724 -0.460522 0.234056
0.777061 -0.483187 0.174106
0.807182 -0.479816 0.111759
0.81493 -0.450539 0.049411
0.800006 -0.396483 -0.010543
0.762985 -0.319723 -0.0657988
0.705289 -0.22321 -0.114233
0.629135 -0.110653 -0.153984
0.53745 0.0136237 -0.183525
0.433756 0.144843 -0.20172
0.32204 0.277964 -0.20787
0.206593 0.40787 -0.201739
0.0918523 0.529568 -0.183562
-0.0177727 0.638384 -0.154038
-0.118069 0.730134 -0.114302
-0.205184 0.801293 -0.0658795
-0.275768 0.849126 -0.0106327
-0.327109 0.871796 0.0493158
-0.357235 0.868431 0.111662
-0.364988 0.83916 0.174011
-0.350069 0.785109 0.233966
-0.313053 0.708354 0.289223
-0.255361 0.611845 0.337659
-0.179211 0.499291 0.377412
-0.0875287 0.375016 0.406955
0.0161624 0.243797 0.425153
0.127878 0.110677 0.431306
0.243324 -0.0192303 0.425177
0.358065 -0.140931 0.407003
0.467692 -0.24975 0.377481
0.567991 -0.341504 0.337747
0.655109 -0.412668 0.289327
0.725697 -0.460507 0.234081
0.777043 -0.483182 0.174133
0.807173 -0.479823 0.111787
0.814931 -0.450558 0.0494382
0.800018 -0.396512 -0.0105174
0.763006 -0.319762 -0.0657758
0.705319 -0.223257 -0.114213
0.629172 -0.110705 -0.153969
0.537493 0.0135669 -0.183514
0.433804 0.144785 -0.201714
0.32209 0.277906 -0.20787
0.206644 0.407814 -0.201744
0.0919022 0.529517 -0.183573
-0.017726 0.638339 -0.154053
-0.118028 0.730097 -0.114321
-0.205149 0.801266 -0.0659026
-0.275741 0.84911 -0.0106583
-0.327091 0.871791 0.0492886
-0.357227 0.868438 0.111635
-0.364989 0.839179 0.173984
-0.350081 0.785138 0.23394
-0.313074 0.708392 0.2892
-0.255391 0.611891 0.337639
-0.179248 0.499343 0.377397
-0.0875722 0.375073 0.406945
0.0161145 0.243856 0.425147
0.127827 0.110735 0.431306
0.243273 -0.0191744 0.425183
0.358015 -0.14088 0.407014
0.467645 -0.249705 0.377497
0.567949 -0.341468 0.337767
0.655074 -0.412641 0.28935
0.72567 -0.460491 0.234107
0.777025 -0.483178 0.174161
0.807165 -0.47983 0.111815
0.814933 -0.450576 0.0494654
0.800029 -0.396541 -0.0104918
0.763027 -0.3198 -0.0657527
0.705348 -0.223303 -0.114194
0.629209 -0.110758 -0.153953
0.537536 0.01351 -0.183504
0.433852 0.144726 -0.201709
0.322141 0.277847 -0.20787
0.206695 0.407758 -0.20175
0.0919521 0.529466 -0.183583
-0.0176793 0.638294 -0.154069
-0.117986 0.730061 -0.114341
-0.205114 0.80124 -0.0659256
-0.275714 0.849095 -0.0106839
-0.327073 0.871787 0.0492614
-0.357218 0.868445 0.111607
-0.364991 0.839197 0.173957
-0.350092 0.785167 0.233915
-0.313095 0.708431 0.289177
-0.255421 0.611938 0.33762
-0.179286 0.499396 0.377381
-0.0876156 0.37513 0.406934
0.0160666 0.243915 0.425142
0.127777 0.110794 0.431306
0.243222 -0.0191184 0.425188
0.357966 -0.140829 0.407024
0.467599 -0.249661 0.377512
0.567908 -0.341432 0.337786
0.655039 -0.412615 0.289373
0.725642 -0.460475 0.234132
0.777006 -0.483174 0.174188
0.807157 -0.479837 0.111843
0.814934 -0.450595 0.0494926
0.800041 -0.39657 -0.0104662
0.763048 -0.319839 -0.0657296
0.705378 -0.22335 -0.114174
0.629247 -0.110811 -0.153938
0.53758 0.0134532 -0.183493
-0.441564 0.868095 0.0893517
-0.449773 0.836997 0.15554
-0.433915 0.779594 0.219184
-0.394598 0.698091 0.27784
-0.333334 0.595621 0.329252
-0.252477 0.47612 0.371445
-0.155135 0.344182 0.402797
-0.0450469 0.204876 0.422105
0.0735553 0.0635562 0.428625
0.196114 -0.0743473 0.422108
0.317921 -0.203535 0.402803
0.434293 -0.319042 0.371453
0.54076 -0.41643 0.329262
0.63323 -0.491957 0.277852
0.708149 -0.54272 0.219198
0.762638 -0.566768 0.155554
0.794605 -0.563177 0.0893664
0.802819 -0.532085 0.023178
0.786966 -0.474688 -0.0404674
0.747654 -0.39319 -0.0991241
0.686395 -0.290724 -0.150538
0.605542 -0.171226 -0.192733
0.508202 -0.0392905 -0.224088
0.398117 0.100014 -0.243399
0.279516 0.241334 -0.249922
0.156957 0.379239 -0.243407
0.0351506 0.508429 -0.224105
-0.0812236 0.62394 -0.192758
-0.187693 0.721333 -0.150569
-0.280166 0.796865 -0.0991608
-0.35509 0.847633 -0.0405082
-0.409584 0.871687 0.0231347
-0.441555 0.868102 0.0893222
-0.449775 0.837017 0.155511
-0.433927 0.779625 0.219157
-0.39462 0.698132 0.277815
-0.333366 0.59567 0.329231
-0.252517 0.476176 0.371428
-0.155181 0.344242 0.402786
-0.0450978 0.204939 0.422099
0.0735017 0.0636183 0.428625
0.19606 -0.0742879 0.422114
0.317868 -0.203481 0.402814
0.434244 -0.318995 0.371469
0.540716 -0.416392 0.329283
0.633192 -0.491929 0.277876
0.70812 -0.542703 0.219225
0.762619 -0.566763 0.155583
0.794596 -0.563185 0.0893958
0.802821 -0.532105 0.0232069
0.786978 -0.474719 -0.0404402
0.747676 -0.393231 -0.0990996
0.686426 -0.290773 -0.150517
0.605581 -0.171282 -0.192717
0.508248 -0.0393508 -0.224077
0.398168 0.0999518 -0.243393
0.27957 0.241272 -0.249922
0.157012 0.37918 -0.243413
0.0352035 0.508375 -0.224117
-0.0811741 0.623893 -0.192774
-0.187649 0.721294 -0.15059
-0.280129 0.796837 -0.0991853
-0.355061 0.847616 -0.0405354
-0.409565 0.871683 0.0231058
-0.441547 0.86811 0.0892928
-0.449777 0.837037 0.155482
-0.433939 0.779656 0.21913
-0.394643 0.698173 0.277791
-0.333397 0.595719 0.32921
-0.252557 0.476232 0.371412
-0.155227 0.344303 0.402775
-0.0451487 0.205001 0.422093
0.073448 0.0636804 0.428625
0.196006 -0.0742285 0.422119
0.317815 -0.203426 0.402826
0.434194 -0.318948 0.371486
0.540671 -0.416354 0.329304
0.633155 -0.491901 0.277901
0.708091 -0.542686 0.219252
0.7626 -0.566759 0.155612
0.794587 -0.563192 0.0894253
0.802822 -0.532125 0.0232358
0.78699 -0.47475 -0.040413
0.747699 -0.393272 -0.0990751
0.686458 -0.290822 -0.150496
0.605621 -0.171338 -0.192701
0.508295 -0.0394111 -0.224066
0.398219 0.0998894 -0.243387
0.279623 0.24121 -0.249922
0.157066 0.37912 -0.243419
0.0352565 0.50832 -0.224128
-0.0811245 0.623845 -0.192791
-0.187605 0.721256 -0.150611
-0.280092 0.796808 -0.0992098
-0.355032 0.8476 -0.0405626
-0.409546 0.871678 0.0230769
-0.441538 0.868118 0.0892633
-0.449778 0.837056 0.155453
-0.433952 0.779687 0.219103
-0.394665 0.698214 0.277766
-0.333429 0.595769 0.329189
-0.252596 0.476288 0.371396
-0.155273 0.344363 0.402764
-0.0451995 0.205063 0.422088
0.0733944 0.0637425 0.428625
0.195951 -0.0741691 0.422125
0.317762 -0.203372 0.402837
0.434144 -0.3189 0.371502
0.540627 -0.416315 0.329325
0.633118 -0.491873 0.277925
0.708062 -0.54267 0.21928
0.762581 -0.566754 0.155641
0.794578 -0.5632 0.0894547
0.802824 -0.532145 0.0232646
0.787002 -0.474781 -0.0403858
0.747721 -0.393313 -0.0990507
0.686489 -0.290872 -0.150476
0.605661 -0.171394 -0.192684
0.508341 -0.0394714 -0.224055
0.39827 0.099827 -0.243381
0.279677 0.241148 -0.249922
0.15712 0.379061 -0.243425
0.0353095 0.508266 -0.224139
-0.0810749 0.623798 -0.192807
-0.18756 0.721217 -0.150632
-0.280055 0.79678 -0.0992342
-0.355003 0.847583 -0.0405898
-0.409526 0.871673 0.0230481
-0.441529 0.868126 0.0892339
-0.44978 0.837076 0.155424
-0.433964 0.779718 0.219076
-0.394688 0.698255 0.277742
-0.333461 0.595818 0.329168
-0.252636 0.476344 0.371379
-0.155319 0.344423 0.402752
-0.0452504 0.205126 0.422082
0.0733408 0.0638046 0.428625
0.195897 -0.0741097 0.422131
0.317709 -0.203317 0.402848
0.434095 -0.318853 0.371518
0.540583 -0.416277 0.329345
0.633081 -0.491845 0.27795
0.708034 -0.542653 0.219307
0.762561 -0.56675 0.15567
0.794569 -0.563208 0.0894841
0.802826 -0.532164 0.0232935
0.787015 -0.474811 -0.0403586
0.747743 -0.393354 -0.0990262
0.686521 -0.290921 -0.150455
0.6057 -0.17145 -0.192668
0.508387 -0.0395318 -0.224043
0.39832 0.0997646 -0.243376
0.279731 0.241086 -0.249922
0.157175 0.379002 -0.24343
0.0353625 0.508212 -0.22415
-0.0810254 0.623751 -0.192823
-0.187516 0.721179 -0.150652
-0.280017 0.796752 -0.0992587
-0.354975 0.847566 -0.040617
-0.409507 0.871669 0.0230192
-0.504061 0.8386 0.0660915
-0.512431 0.806893 0.133577
-0.496262 0.748365 0.198468
-0.456175 0.665265 0.258273
-0.39371 0.560787 0.310692
-0.311269 0.438945 0.353712
-0.212019 0.304421 0.385679
-0.099774 0.162386 0.405365
0.0211523 0.0182967 0.412013
0.146113 -0.122309 0.405368
0.270306 -0.254028 0.385685
0.388959 -0.371799 0.353721
0.497512 -0.471095 0.310703
0.591793 -0.548102 0.258285
0.668181 -0.599859 0.198482
0.723738 -0.624379 0.133591
0.756331 -0.620717 0.0661065
0.764706 -0.589017 -0.00137883
0.748542 -0.530494 -0.0662714
0.70846 -0.447399 -0.126077
0.646 -0.342925 -0.178499
0.563563 -0.221087 -0.221521
0.464316 -0.0865652 -0.253491
0.352074 0.0554691 -0.273179
0.231149 0.199558 -0.27983
0.106189 0.340166 -0.273188
-0.018005 0.471887 -0.253508
-0.13666 0.589661 -0.221546
-0.245215 0.688962 -0.178531
-0.3395 0.765974 -0.126115
-0.415892 0.817738 -0.066313
-0.471454 0.842263 -0.00142299
-0.504052 0.838608 0.0660615
-0.512433 0.806913 0.133547
-0.496274 0.748397 0.198441
-0.456197 0.665307 0.258248
-0.393742 0.560837 0.310671
-0.311309 0.439002 0.353696
-0.212066 0.304483 0.385668
-0.0998258 0.162449 0.405359
0.0210976 0.01836 0.412013
0.146058 -0.122248 0.405374
0.270252 -0.253973 0.385696
0.388908 -0.37175 0.353737
0.497467 -0.471056 0.310724
0.591755 -0.548073 0.25831
0.668151 -0.599842 0.19851
0.723718 -0.624374 0.133621
0.756321 -0.620725 0.0661365
0.764707 -0.589037 -0.00134939
0.748554 -0.530526 -0.0662437
0.708483 -0.447441 -0.126052
0.646032 -0.342976 -0.178478
0.563603 -0.221144 -0.221504
0.464363 -0.0866267 -0.253479
0.352126 0.0554055 -0.273173
0.231204 0.199495 -0.27983
0.106244 0.340105 -0.273194
-0.017951 0.471832 -0.253519
-0.136609 0.589613 -0.221563
-0.24517 0.688923 -0.178552
-0.339463 0.765946 -0.12614
-0.415863 0.817721 -0.0663407
-0.471435 0.842258 -0.00145243
-0.504043 0.838616 0.0660315
-0.512434 0.806933 0.133518
-0.496287 0.748428 0.198413
-0.45622 0.665349 0.258223
-0.393775 0.560888 0.31065
-0.31135 0.439059 0.353679
-0.212113 0.304544 0.385656
-0.0998777 0.162513 0.405353
0.0210429 0.0184233 0.412013
0.146002 -0.122188 0.40538
0.270198 -0.253917 0.385708
0.388858 -0.371702 0.353754
0.497421 -0.471017 0.310745
0.591717 -0.548045 0.258335
0.668122 -0.599825 0.198538
0.723699 -0.624369 0.13365
0.756312 -0.620733 0.0661665
0.764709 -0.589057 -0.00131995
0.748567 -0.530557 -0.0662159
0.708505 -0.447483 -0.126028
0.646065 -0.343026 -0.178456
0.563644 -0.221201 -0.221488
0.46441 -0.0866883 -0.253468
0.352178 0.0553419 -0.273167
0.231258 0.199432 -0.27983
0.1063 0.340044 -0.2732
-0.017897 0.471776 -0.253531
-0.136558 0.589565 -0.221579
-0.245125 0.688884 -0.178573
-0.339425 0.765917 -0.126165
-0.415833 0.817704 -0.0663684
-0.471415 0.842254 -0.00148187
-0.504034 0.838624 0.0660014
-0.512436 0.806953 0.133488
-0.496299 0.74846 0.198385
-0.456243 0.66539 0.258198
-0.393807 0.560938 0.310629
-0.31139 0.439116 0.353662
-0.21216 0.304606 0.385645
-0.0999295 0.162577 0.405347
0.0209882 0.0184866 0.412013
0.145947 -0.122127 0.405386
0.270144 -0.253862 0.385719
0.388807 -0.371654 0.353771
0.497376 -0.470978 0.310767
0.591679 -0.548016 0.25836
0.668093 -0.599808 0.198565
0.723679 -0.624365 0.13368
0.756303 -0.620741 0.0661966
0.764711 -0.589077 -0.0012905
0.748579 -0.530589 -0.0661882
0.708528 -0.447525 -0.126003
0.646097 -0.343076 -0.178435
0.563684 -0.221258 -0.221471
0.464457 -0.0867498 -0.253456
0.352229 0.0552782 -0.273162
0.231313 0.199368 -0.27983
0.106355 0.339984 -0.273205
-0.017843 0.471721 -0.253542
-0.136508 0.589517 -0.221596
-0.24508 0.688845 -0.178594
-0.339387 0.765888 -0.12619
-0.415804 0.817687 -0.0663962
-0.471395 0.842249 -0.00151131
-0.504025 0.838632 0.0659714
-0.512438 0.806974 0.133459
-0.496312 0.748491 0.198357
-0.456266 0.665432 0.258173
-0.393839 0.560988 0.310607
-0.31143 0.439173 0.353645
-0.212207 0.304667 0.385633
-0.0999814 0.16264 0.405342
0.0209335 0.01855 0.412013
0.145891 -0.122067 0.405391
0.27009 -0.253806 0.385731
0.388757 -0.371606 0.353787
0.497331 -0.470938 0.310788
0.591642 -0.547987 0.258385
0.668063 -0.599791 0.198593
0.72366 -0.62436 0.133709
0.756294 -0.620749 0.0662266
0.764713 -0.589097 -0.00126106
0.748592 -0.53062 -0.0661604
0.708551 -0.447566 -0.125978
0.646129 -0.343127 -0.178414
0.563725 -0.221315 -0.221454
0.464504 -0.0868113 -0.253445
0.352281 0.0552146 -0.273156
0.231368 0.199305 -0.27983
0.10641 0.339923 -0.273211
-0.0177889 0.471665 -0.253554
-0.136457 0.589468 -0.221613
-0.245035 0.688806 -0.178615
-0.339349 0.76586 -0.126215
-0.415775 0.81767 -0.0664239
-0.471376 0.842244 -0.00154075
-0.504016 0.838639 0.0659414
-0.51244 0.806994 0.133429
-0.496324 0.748523 0.19833
-0.542341 0.781066 0.0428312
-0.55055 0.749968 0.10902
-0.534691 0.692564 0.172665
-0.495374 0.611061 0.231321
-0.43411 0.508589 0.282733
-0.353252 0.389088 0.324927
-0.255908 0.257149 0.35628
-0.14582 0.117842 0.375587
-0.0272166 -0.0234796 0.382108
0.0953436 -0.161384 0.37559
0.217151 -0.290573 0.356285
0.333524 -0.406081 0.324935
0.439992 -0.50347 0.282744
0.532463 -0.578998 0.231333
0.607382 -0.629761 0.172679
0.661873 -0.653809 0.109034
0.693839 -0.650218 0.0428459
0.702053 -0.619126 -0.023343
0.6862 -0.561728 -0.086989
0.646888 -0.48023 -0.145646
0.585628 -0.377762 -0.19706
0.504774 -0.258264 -0.239256
0.407434 -0.126327 -0.270612
0.297348 0.0129788 -0.289922
0.178746 0.1543 -0.296445
0.0561863 0.292206 -0.289931
-0.0656216 0.421397 -0.270629
-0.181997 0.536909 -0.239281
-0.288467 0.634303 -0.197092
-0.380941 0.709835 -0.145683
-0.455865 0.760604 -0.0870298
-0.51036 0.784658 -0.0233863
-0.542332 0.781074 0.0428018
-0.550551 0.749988 0.108991
-0.534703 0.692595 0.172638
-0.495396 0.611102 0.231296
-0.434141 0.508639 0.282713
-0.353292 0.389144 0.32491
-0.255955 0.257209 0.356268
-0.145871 0.117904 0.375582
-0.0272702 -0.0234175 0.382108
0.0952892 -0.161325 0.375596
0.217098 -0.290519 0.356297
0.333475 -0.406034 0.324951
0.439948 -0.503432 0.282765
0.532425 -0.57897 0.231358
0.607354 -0.629744 0.172706
0.661853 -0.653804 0.109063
0.69383 -0.650226 0.0428754
0.702055 -0.619146 -0.0233141
0.686212 -0.561759 -0.0869618
0.64691 -0.480271 -0.145622
0.58566 -0.377812 -0.19704
0.504814 -0.25832 -0.23924
0.40748 -0.126387 -0.2706
0.297399 0.0129164 -0.289916
0.1788 0.154238 -0.296445
0.0562407 0.292147 -0.289936
-0.0655686 0.421343 -0.27064
-0.181947 0.536862 -0.239297
-0.288423 0.634264 -0.197113
-0.380904 0.709807 -0.145707
-0.455836 0.760587 -0.087057
-0.510341 0.784654 -0.0234152
-0.542323 0.781081 0.0427723
-0.550553 0.750007 0.108962
-0.534716 0.692626 0.172611
-0.495419 0.611143 0.231272
-0.434173 0.508688 0.282692
-0.353331 0.3892 0.324894
-0.256001 0.257269 0.356257
-0.145922 0.117966 0.375576
-0.0273238 -0.0233554 0.382108
0.0952349 -0.161265 0.375602
0.217045 -0.290464 0.356308
0.333425 -0.405987 0.324968
0.439904 -0.503393 0.282785
0.532388 -0.578941 0.231382
0.607325 -0.629727 0.172733
0.661834 -0.6538 0.109092
0.693821 -0.650234 0.0429048
0.702057 -0.619166 -0.0232852
0.686224 -0.56179 -0.0869346
0.646933 -0.480312 -0.145597
0.585691 -0.377861 -0.197019
0.504854 -0.258376 -0.239223
0.407527 -0.126448 -0.270589
0.29745 0.0128539 -0.289911
0.178853 0.154176 -0.296445
0.056295 0.292087 -0.289942
-0.0655157 0.421289 -0.270651
-0.181898 0.536815 -0.239313
-0.288379 0.634226 -0.197133
-0.380867 0.709779 -0.145732
-0.455808 0.760571 -0.0870842
-0.510322 0.784649 -0.0234441
-0.542314 0.781089 0.0427429
-0.550555 0.750027 0.108933
-0.534728 0.692657 0.172583
-0.495441 0.611184 0.231247
-0.434204 0.508737 0.282671
-0.353371 0.389256 0.324878
-0.256047 0.257329 0.356246
-0.145972 0.118029 0.37557
-0.0273775 -0.0232933 0.382108
0.0951805 -0.161206 0.375607
0.216992 -0.29041 0.356319
0.333376 -0.405939 0.324984
0.439859 -0.503355 0.282806
0.532351 -0.578913 0.231407
0.607296 -0.629711 0.17276
0.661815 -0.653795 0.109121
0.693812 -0.650241 0.0429343
0.702058 -0.619185 -0.0232564
0.686237 -0.561821 -0.0869074
0.646955 -0.480352 -0.145573
0.585723 -0.377911 -0.196998
0.504893 -0.258432 -0.239207
0.407573 -0.126508 -0.270578
0.297501 0.0127915 -0.289905
0.178907 0.154114 -0.296445
0.0563494 0.292028 -0.289948
-0.0654627 0.421234 -0.270662
-0.181848 0.536767 -0.23933
-0.288334 0.634187 -0.197154
-0.380829 0.709751 -0.145756
-0.455779 0.760554 -0.0871114
-0.510302 0.784645 -0.0234729
-0.542305 0.781097 0.0427135
-0.550556 0.750047 0.108904
-0.53474 0.692688 0.172556
-0.495463 0.611224 0.231223
-0.434236 0.508787 0.28265
-0.35341 0.389312 0.324861
-0.256093 0.25739 0.356235
-0.146023 0.118091 0.375564
-0.0274311 -0.0232312 0.382108
0.0951262 -0.161147 0.375613
0.216939 -0.290355 0.35633
0.333326 -0.405892 0.325
0.439815 -0.503316 0.282827
0.532314 -0.578885 0.231431
0.607267 -0.629694 0.172787
0.661796 -0.653791 0.10915
0.693803 -0.650249 0.0429637
0.70206 -0.619205 -0.0232275
0.686249 -0.561852 -0.0868802
0.646977 -0.480393 -0.145548
0.585754 -0.37796 -0.196977
0.504933 -0.258488 -0.239191
0.407619 -0.126568 -0.270567
0.297551 0.0127291 -0.289899
0.178961 0.154052 -0.296445
0.0564037 0.291969 -0.289954
-0.0654097 0.42118 -0.270674
-0.181799 0.53672 -0.239346
-0.28829 0.634149 -0.197175
-0.380792 0.709723 -0.145781
-0.45575 0.760537 -0.0871386
-0.510283 0.78464 -0.0235018
-0.554932 0.697703 0.0204647
-0.562665 0.668409 0.0828135
-0.547726 0.614336 0.142766
-0.51069 0.537561 0.198019
-0.45298 0.441034 0.246449
-0.376813 0.328465 0.286195
-0.285117 0.20418 0.315729
-0.181415 0.0729553 0.333916
-0.0696925 -0.0601672 0.340058
0.0457574 -0.190071 0.333919
0.160498 -0.311765 0.315734
0.27012 -0.420572 0.286202
0.370411 -0.512312 0.246459
0.457517 -0.583457 0.198031
0.52809 -0.631275 0.142779
0.579419 -0.653928 0.0828271
0.609531 -0.650546 0.0204786
0.617269 -0.621258 -0.0418704
0.602335 -0.56719 -0.101824
0.565304 -0.490419 -0.157078
0.507598 -0.393897 -0.20551
0.431435 -0.281331 -0.245257
0.339742 -0.157048 -0.274794
0.236043 -0.025824 -0.292984
0.124321 0.107299 -0.299129
0.00887181 0.237204 -0.292992
-0.105869 0.3589 -0.27481
-0.215493 0.467711 -0.245281
-0.315787 0.559454 -0.205539
-0.402896 0.630605 -0.157113
-0.473473 0.678428 -0.101862
-0.524807 0.701087 -0.0419112
-0.554923 0.69771 0.020437
-0.562666 0.668428 0.0827863
-0.547738 0.614365 0.142741
-0.510711 0.537599 0.197996
-0.453009 0.44108 0.246429
-0.37685 0.328518 0.286179
-0.28516 0.204237 0.315718
-0.181463 0.073014 0.333911
-0.069743 -0.0601087 0.340058
0.0457062 -0.190015 0.333924
0.160448 -0.311714 0.315745
0.270073 -0.420528 0.286218
0.37037 -0.512275 0.246478
0.457482 -0.583431 0.198054
0.528063 -0.63126 0.142805
0.579401 -0.653924 0.0828543
0.609523 -0.650553 0.0205063
0.617271 -0.621276 -0.0418432
0.602347 -0.567219 -0.101798
0.565325 -0.490458 -0.157055
0.507628 -0.393943 -0.20549
0.431473 -0.281384 -0.245242
0.339786 -0.157105 -0.274783
0.23609 -0.0258828 -0.292979
0.124372 0.10724 -0.299129
0.008923 0.237148 -0.292998
-0.10582 0.358849 -0.27482
-0.215447 0.467666 -0.245296
-0.315745 0.559418 -0.205559
-0.402861 0.630578 -0.157136
-0.473446 0.678412 -0.101888
-0.524789 0.701083 -0.0419384
-0.554915 0.697717 0.0204093
-0.562668 0.668446 0.0827591
-0.547749 0.614394 0.142715
-0.510732 0.537638 0.197973
-0.453039 0.441127 0.24641
-0.376888 0.328571 0.286164
-0.285204 0.204294 0.315707
-0.181511 0.0730728 0.333905
-0.0697935 -0.0600502 0.340058
0.045655 -0.18996 0.33393
0.160398 -0.311663 0.315755
0.270027 -0.420483 0.286233
0.370328 -0.512239 0.246498
0.457447 -0.583404 0.198077
0.528036 -0.631244 0.14283
0.579383 -0.65392 0.0828815
0.609514 -0.65056 0.0205341
0.617272 -0.621295 -0.041816
0.602358 -0.567248 -0.101773
0.565346 -0.490496 -0.157032
0.507658 -0.39399 -0.205471
0.43151 -0.281436 -0.245227
0.339829 -0.157162 -0.274773
0.236138 -0.0259416 -0.292973
0.124422 0.107182 -0.299129
0.0089742 0.237092 -0.293003
-0.10577 0.358798 -0.274831
-0.2154 0.467622 -0.245311
-0.315703 0.559382 -0.205578
-0.402826 0.630552 -0.157159
-0.473419 0.678397 -0.101914
-0.52477 0.701078 -0.0419656
-0.554907 0.697725 0.0203815
-0.562669 0.668465 0.0827319
-0.547761 0.614423 0.142689
-0.510753 0.537676 0.19795
-0.453069 0.441173 0.24639
-0.376925 0.328623 0.286148
-0.285247 0.204351 0.315697
-0.181559 0.0731316 0.3339
-0.069844 -0.0599917 0.340058
0.0456038 -0.189904 0.333935
0.160348 -0.311612 0.315766
0.26998 -0.420439 0.286249
0.370286 -0.512203 0.246518
0.457412 -0.583378 0.1981
0.528009 -0.631228 0.142856
0.579365 -0.653915 0.0829087
0.609506 -0.650568 0.0205618
0.617274 -0.621313 -0.0417888
0.60237 -0.567277 -0.101747
0.565367 -0.490535 -0.157009
0.507687 -0.394036 -0.205451
0.431547 -0.281489 -0.245211
0.339873 -0.157219 -0.274762
0.236186 -0.0260004 -0.292968
0.124473 0.107123 -0.299129
0.00902539 0.237036 -0.293008
-0.10572 0.358747 -0.274842
-0.215353 0.467577 -0.245327
-0.315662 0.559345 -0.205598
-0.402791 0.630525 -0.157182
-0.473392 0.678381 -0.101939
-0.524752 0.701074 -0.0419928
-0.554898 0.697732 0.0203538
-0.562671 0.668483 0.0827047
-0.547772 0.614452 0.142664
-0.510774 0.537715 0.197927
-0.453099 0.44122 0.246371
-0.376962 0.328676 0.286133
-0.285291 0.204408 0.315686
-0.181607 0.0731904 0.333894
-0.0698946 -0.0599332 0.340058
0.0455526 -0.189848 0.33394
0.160298 -0.31156 0.315776
0.269933 -0.420394 0.286264
0.370244 -0.512167 0.246537
0.457377 -0.583351 0.198123
0.527982 -0.631213 0.142882
0.579347 -0.653911 0.0829359
0.609498 -0.650575 0.0205895
0.617275 -0.621332 -0.0417616
0.602382 -0.567306 -0.101722
0.565388 -0.490573 -0.156986
0.507717 -0.394083 -0.205431
0.431585 -0.281542 -0.245196
0.339916 -0.157275 -0.274751
-0.541351 0.591715 -0.000148528
-0.54831 0.565351 0.0559644
-0.534866 0.516686 0.109921
-0.501534 0.447589 0.159648
-0.449596 0.360717 0.203234
-0.381047 0.259407 0.239004
-0.298522 0.147552 0.265584
-0.205192 0.0294517 0.281953
-0.104643 -0.0903564 0.287481
-0.00074017 -0.207268 0.281955
0.102525 -0.316791 0.265589
0.201183 -0.414715 0.239011
0.291443 -0.497279 0.203243
0.369837 -0.561309 0.159658
0.433352 -0.604345 0.109932
0.479547 -0.624732 0.0559766
0.506647 -0.621688 -0.000136048
0.513611 -0.595329 -0.0562492
0.500171 -0.546669 -0.110206
0.466844 -0.477576 -0.159934
0.414909 -0.390708 -0.203522
0.346364 -0.2894 -0.239294
0.263841 -0.177548 -0.265877
0.170513 -0.0594481 -0.282247
0.0699661 0.0603602 -0.287778
-0.0339366 0.177273 -0.282255
-0.137202 0.286798 -0.265891
-0.235862 0.384725 -0.239315
-0.326124 0.467293 -0.203548
-0.404521 0.531327 -0.159965
-0.46804 0.574368 -0.110241
-0.514239 0.59476 -0.0562859
-0.541343 0.591721 -0.000173487
-0.548312 0.565367 0.0559399
-0.534876 0.516712 0.109898
-0.501553 0.447624 0.159627
-0.449622 0.360759 0.203216
-0.38108 0.259454 0.23899
-0.298561 0.147603 0.265575
-0.205235 0.0295046 0.281948
-0.104689 -0.0903038 0.287481
-0.000786245 -0.207218 0.28196
0.10248 -0.316745 0.265599
0.201141 -0.414675 0.239025
0.291406 -0.497246 0.20326
0.369805 -0.561285 0.159679
0.433328 -0.60433 0.109955
0.479531 -0.624728 0.0560011
0.50664 -0.621694 -0.000111088
0.513613 -0.595346 -0.0562247
0.500182 -0.546695 -0.110183
0.466863 -0.477611 -0.159914
0.414936 -0.390749 -0.203504
0.346397 -0.289448 -0.23928
0.263881 -0.177599 -0.265867
0.170557 -0.059501 -0.282242
0.0700116 0.0603075 -0.287778
-0.0338905 0.177223 -0.28226
-0.137157 0.286752 -0.2659
-0.23582 0.384685 -0.239329
-0.326087 0.46726 -0.203566
-0.404489 0.531303 -0.159986
-0.468015 0.574353 -0.110264
-0.514222 0.594756 -0.0563104
-0.541336 0.591728 -0.000198446
-0.548313 0.565384 0.0559154
-0.534887 0.516738 0.109875
-0.501572 0.447658 0.159606
-0.449649 0.3608 0.203198
-0.381114 0.259501 0.238976
-0.2986 0.147654 0.265565
-0.205278 0.0295575 0.281943
-0.104734 -0.0902511 0.287481
-0.00083232 -0.207167 0.281965
0.102435 -0.316698 0.265608
0.201099 -0.414635 0.239039
0.291368 -0.497214 0.203278
0.369774 -0.561261 0.1597
0.433303 -0.604316 0.109979
0.479514 -0.624724 0.0560256
0.506632 -0.621701 -8.6129e-05
0.513614 -0.595362 -0.0562002
0.500192 -0.546721 -0.11016
0.466881 -0.477646 -0.159893
0.414963 -0.390791 -0.203487
0.346431 -0.289495 -0.239267
0.26392 -0.17765 -0.265857
0.1706 -0.0595539 -0.282238
0.0700571 0.0602549 -0.287778
-0.0338445 0.177172 -0.282264
-0.137112 0.286705 -0.26591
-0.235778 0.384645 -0.239343
-0.326049 0.467228 -0.203584
-0.404458 0.53128 -0.160007
-0.467991 0.574339 -0.110287
-0.514206 0.594752 -0.0563348
-0.541328 0.591734 -0.000223406
-0.548315 0.565401 0.0558909
-0.534897 0.516764 0.109852
-0.501591 0.447693 0.159585
-0.449676 0.360842 0.203181
-0.381148 0.259549 0.238963
-0.298639 0.147706 0.265556
-0.205321 0.0296104 0.281938
-0.10478 -0.0901985 0.287481
-0.000878395 -0.207117 0.28197
0.10239 -0.316652 0.265618
0.201057 -0.414595 0.239053
0.291331 -0.497181 0.203295
0.369742 -0.561238 0.15972
0.433279 -0.604302 0.110002
0.479498 -0.62472 0.05605
0.506625 -0.621707 -6.11696e-05
0.513616 -0.595379 -0.0561757
0.500202 -0.546747 -0.110137
0.4669 -0.47768 -0.159872
0.41499 -0.390833 -0.203469
0.346465 -0.289542 -0.239253
0.263959 -0.177701 -0.265848
0.170643 -0.0596068 -0.282233
0.0701025 0.0602022 -0.287778
-0.0337984 0.177122 -0.282269
-0.137067 0.286659 -0.26592
-0.235736 0.384605 -0.239357
-0.326012 0.467195 -0.203601
-0.404426 0.531256 -0.160028
-0.467966 0.574325 -0.11031
-0.51419 0.594749 -0.0563593
-0.541321 0.591741 -0.000248365
-0.548316 0.565417 0.0558664
-0.534907 0.51679 0.109829
-0.50161 0.447728 0.159565
-0.449703 0.360884 0.203163
-0.381181 0.259596 0.238949
-0.298678 0.147757 0.265546
-0.205364 0.0296633 0.281933
-0.50212 0.467174 -0.0182164
-0.508038 0.444753 0.0295043
-0.496604 0.403366 0.0753912
-0.468258 0.344604 0.117681
-0.424087 0.270724 0.154748
-0.365791 0.184566 0.185169
-0.295608 0.0894402 0.207774
-0.216236 -0.0109973 0.221694
-0.130726 -0.112887 0.226395
-0.0423623 -0.212314 0.221696
0.0454583 -0.305456 0.207778
0.129361 -0.388735 0.185175
0.206122 -0.458951 0.154756
0.272792 -0.513404 0.11769
0.326807 -0.550004 0.075401
0.366094 -0.567342 0.0295147
0.389141 -0.564753 -0.0182058
0.395063 -0.542336 -0.0659267
0.383633 -0.500953 -0.111814
0.35529 -0.442195 -0.154105
0.311123 -0.368318 -0.191173
0.252829 -0.282162 -0.221596
0.182649 -0.187038 -0.244202
0.103279 -0.0866013 -0.258125
0.0177693 0.0152885 -0.262828
-0.0705939 0.114716 -0.258131
-0.158415 0.20786 -0.244215
-0.242319 0.291142 -0.221613
-0.319082 0.361361 -0.191196
-0.385754 0.415818 -0.154131
-0.439773 0.452421 -0.111844
-0.479062 0.469764 -0.0659579
-0.502113 0.46718 -0.0182376
-0.50804 0.444767 0.0294835
-0.496613 0.403388 0.0753716
-0.468274 0.344633 0.117663
-0.42411 0.27076 0.154733
-0.365819 0.184606 0.185157
-0.295641 0.0894836 0.207766
-0.216273 -0.0109523 0.22169
-0.130764 -0.112842 0.226395
-0.0424014 -0.212271 0.2217
0.0454201 -0.305417 0.207786
0.129326 -0.388701 0.185186
0.20609 -0.458923 0.154771
0.272765 -0.513384 0.117707
0.326787 -0.549992 0.0754206
0.36608 -0.567339 0.0295355
0.389134 -0.564758 -0.0181845
0.395064 -0.542351 -0.0659058
0.383642 -0.500976 -0.111794
0.355306 -0.442224 -0.154087
0.311146 -0.368353 -0.191158
0.252858 -0.282202 -0.221584
0.182682 -0.187082 -0.244194
0.103315 -0.0866463 -0.258121
0.0178079 0.0152438 -0.262828
-0.0705547 0.114673 -0.258135
-0.158377 0.207821 -0.244223
-0.242283 0.291108 -0.221625
-0.31905 0.361333 -0.191211
-0.385727 0.415798 -0.154149
-0.439752 0.452409 -0.111863
-0.479049 0.469761 -0.0659787
-0.502107 0.467185 -0.0182588
-0.508041 0.444781 0.0294627
-0.496622 0.403411 0.0753519
-0.46829 0.344663 0.117646
-0.424133 0.270795 0.154718
-0.365848 0.184646 0.185145
-0.295674 0.0895271 0.207757
-0.21631 -0.0109073 0.221686
-0.130803 -0.112797 0.226395
-0.0424406 -0.212228 0.221704
0.0453819 -0.305378 0.207794
0.12929 -0.388667 0.185198
0.206058 -0.458895 0.154786
0.272738 -0.513364 0.117725
0.326766 -0.54998 0.0754402
0.366066 -0.567335 0.0295564
0.389128 -0.564764 -0.0181633
0.395066 -0.542365 -0.065885
0.383651 -0.500998 -0.111775
0.355322 -0.442254 -0.154069
0.311168 -0.368389 -0.191143
0.252886 -0.282243 -0.221572
0.182715 -0.187125 -0.244186
0.103352 -0.0866913 -0.258116
0.0178466 0.015199 -0.262828
-0.0705155 0.11463 -0.258139
-0.158339 0.207782 -0.244231
-0.242248 0.291074 -0.221637
-0.319018 0.361305 -0.191226
-0.3857 0.415778 -0.154167
-0.439731 0.452397 -0.111883
-0.479035 0.469757 -0.0659995
-0.5021 0.467191 -0.0182801
-0.508042 0.444796 0.0294419
-0.496631 0.403433 0.0753323
-0.468306 0.344692 0.117628
-0.424156 0.270831 0.154703
-0.365876 0.184687 0.185133
-0.295708 0.0895706 0.207749
-0.216346 -0.0108623 0.221682
-0.130842 -0.112753 0.226395
-0.0424798 -0.212185 0.221709
0.0453437 -0.305338 0.207802
0.129254 -0.388633 0.18521
0.206027 -0.458867 0.154801
0.272711 -0.513344 0.117743
0.326745 -0.549968 0.0754598
0.366052 -0.567332 0.0295772
0.389121 -0.56477 -0.0181421
0.395067 -0.542379 -0.0658642
0.38366 -0.50102 -0.111755
0.355338 -0.442283 -0.154052
-0.438746 0.328867 -0.0330445
-0.443396 0.311251 0.00445015
-0.434412 0.278733 0.0405039
-0.41214 0.232562 0.0737314
-0.377435 0.174514 0.102856
-0.331631 0.106819 0.126757
-0.276487 0.0320774 0.144518
-0.214124 -0.0468374 0.155456
-0.146937 -0.126893 0.159149
-0.0775094 -0.205014 0.155457
-0.00850785 -0.278197 0.144521
0.0574156 -0.34363 0.126762
0.117728 -0.398799 0.102862
0.17011 -0.441584 0.0737383
0.212551 -0.47034 0.0405117
0.243419 -0.483963 0.00445833
0.261527 -0.481929 -0.0330362
0.26618 -0.464316 -0.070531
0.2572 -0.431801 -0.106585
0.23493 -0.385634 -0.139813
0.200228 -0.327588 -0.168939
0.154426 -0.259894 -0.192842
0.0992842 -0.185154 -0.210604
0.0369224 -0.10624 -0.221543
-0.0302634 -0.0261843 -0.225238
-0.0996913 0.0519369 -0.221548
-0.168693 0.125121 -0.210614
-0.234618 0.190557 -0.192856
-0.294931 0.245728 -0.168956
-0.347316 0.288516 -0.139834
-0.389759 0.317276 -0.106608
-0.420629 0.330902 -0.0705555
-0.438741 0.328871 -0.0330612
-0.443397 0.311262 0.00443379
-0.434419 0.27875 0.0404885
-0.412153 0.232585 0.0737175
-0.377453 0.174542 0.102844
-0.331653 0.10685 0.126748
-0.276513 0.0321116 0.144512
-0.214153 -0.046802 0.155452
-0.146968 -0.126858 0.159149
-0.0775402 -0.20498 0.155461
-0.00853786 -0.278166 0.144528
0.0573875 -0.343603 0.126771
0.117703 -0.398777 0.102873
0.170089 -0.441568 0.0737522
0.212535 -0.470331 0.0405271
0.243408 -0.483961 0.00447469
0.261522 -0.481934 -0.0330195
0.266181 -0.464327 -0.0705146
0.257207 -0.431819 -0.10657
0.234943 -0.385657 -0.1398
0.200246 -0.327616 -0.168927
0.154448 -0.259926 -0.192833
0.0993103 -0.185189 -0.210598
0.0369512 -0.106276 -0.22154
-0.030233 -0.0262195 -0.225238
-0.0996605 0.0519033 -0.221551
-0.168663 0.125091 -0.21062
-0.23459 0.19053 -0.192865
-0.294906 0.245707 -0.168968
-0.347295 0.2885 -0.139848
-0.389743 0.317266 -0.106624
-0.420619 0.330899 -0.0705719
-0.438736 0.328876 -0.0330779
-0.443398 0.311273 0.00441743
-0.434426 0.278768 0.0404731
-0.412165 0.232609 0.0737037
-0.377471 0.17457 0.102832
-0.331675 0.106882 0.126739
-0.27654 0.0321458 0.144506
-0.214182 -0.0467667 0.155449
-0.146998 -0.126823 0.159149
-0.077571 -0.204946 0.155464
-0.00856787 -0.278135 0.144534
0.0573594 -0.343576 0.126781
0.117677 -0.398756 0.102885
0.170068 -0.441552 0.0737661
0.212519 -0.470322 0.0405425
0.243397 -0.483958 0.00449104
0.261517 -0.481938 -0.0330028
0.266182 -0.464339 -0.0704983
0.257214 -0.431836 -0.106554
0.234956 -0.38568 -0.139786
0.200264 -0.327644 -0.168915
0.154471 -0.259958 -0.192823
0.0993365 -0.185223 -0.210591
0.03698 -0.106311 -0.221537
-0.0302027 -0.0262547 -0.225238
-0.0996297 0.0518696 -0.221555
-0.168633 0.12506 -0.210626
-0.353665 0.182109 -0.0440631
-0.356868 0.169974 -0.0182353
-0.35068 0.147574 0.00659992
-0.335338 0.11577 0.0294883
-0.311431 0.0757842 0.0495502
-0.279879 0.029153 0.0660147
-0.241895 -0.0223317 0.078249
-0.198936 -0.0766913 0.0857832
-0.152656 -0.131837 0.0883275
-0.104831 -0.185649 0.0857843
-0.0573 -0.236061 0.0782512
-0.0118894 -0.281134 0.0660179
0.0296558 -0.319136 0.0495542
0.0657392 -0.348608 0.0294931
0.094974 -0.368417 0.00660523
0.116237 -0.377801 -0.0182297
0.128711 -0.376399 -0.0440574
0.131916 -0.364267 -0.0698852
0.12573 -0.341869 -0.0947208
0.11039 -0.310067 -0.11761
0.0864851 -0.270083 -0.137672
0.0549349 -0.223453 -0.154138
0.0169513 -0.171969 -0.166373
-0.026006 -0.11761 -0.173908
-0.0722861 -0.0624646 -0.176454
-0.120111 -0.00865168 -0.173912
-0.167642 0.0417606 -0.16638
-0.213053 0.086835 -0.154147
-0.2546 0.124839 -0.137685
-0.290684 0.154313 -0.117624
-0.319921 0.174124 -0.0947367
-0.341185 0.18351 -0.0699021
-0.353661 0.182112 -0.0440746
-0.356869 0.169981 -0.0182466
-0.350684 0.147586 0.00658931
-0.335346 0.115786 0.0294787
-0.311444 0.0758035 0.0495421
-0.279895 0.0291748 0.0660083
-0.241913 -0.0223081 0.0782446
-0.198956 -0.0766669 0.0857809
-0.152677 -0.131813 0.0883275
-0.104852 -0.185626 0.0857865
-0.0573207 -0.236039 0.0782556
-0.0119087 -0.281115 0.0660242
0.0296386 -0.319121 0.0495624
0.0657246 -0.348597 0.0295026
0.0949627 -0.36841 0.00661584
0.116229 -0.377799 -0.0182184
0.128707 -0.376402 -0.0440459
0.131917 -0.364275 -0.069874
0.125734 -0.341881 -0.0947102
0.110398 -0.310083 -0.1176
0.0864974 -0.270102 -0.137664
0.0549503 -0.223475 -0.154131
0.0169693 -0.171993 -0.166369
-0.0259861 -0.117635 -0.173906
-0.0722652 -0.0624888 -0.176454
-0.12009 -0.00867486 -0.173914
-0.167621 0.0417394 -0.166384
-0.213034 0.0868165 -0.154154
-0.254582 0.124824 -0.137693
-0.29067 0.154302 -0.117634
-0.319909 0.174117 -0.0947474
-0.250146 0.0325382 -0.0508487
-0.251779 0.0263512 -0.0376804
-0.248624 0.0149306 -0.025018
-0.240802 -0.00128467 -0.0133483
-0.228613 -0.0216716 -0.00311972
-0.212526 -0.0454467 0.00527476
-0.193159 -0.0716963 0.0115125
-0.171257 -0.0994117 0.0153538
-0.147661 -0.127528 0.016651
-0.123277 -0.154964 0.0153544
-0.0990432 -0.180667 0.0115136
-0.0758905 -0.203647 0.00527638
-0.0547085 -0.223023 -0.00311764
-0.0363113 -0.238049 -0.0133459
-0.0214059 -0.248149 -0.0250153
-0.0105649 -0.252933 -0.0376775
-0.00420516 -0.252219 -0.0508458
-0.0025709 -0.246033 -0.0640142
-0.00572497 -0.234614 -0.0766767
-0.0135462 -0.218399 -0.0883467
-0.0257339 -0.198013 -0.0985757
-0.0418199 -0.174239 -0.106971
-0.061186 -0.14799 -0.113209
-0.0830879 -0.120274 -0.117051
-0.106684 -0.0921582 -0.118349
-0.131067 -0.0647215 -0.117052
-0.155301 -0.0390186 -0.113212
-0.178455 -0.0160373 -0.106975
-0.199637 0.00333935 -0.0985819
-0.218035 0.0183667 -0.088354
-0.232941 0.0284673 -0.0766849
-0.243783 0.0332529 -0.0640229
-0.132167 -0.114096 -0.0531406
