0.260935 0.402453 0.00195586
0.120249 0.49355 0.00192066
0.122551 0.49118 0.00194866
0.130169 0.485398 0.00197559
0.142809 0.476425 0.00200041
0.159987 0.464606 0.00202216
0.181042 0.450396 0.00204001
0.205165 0.43434 0.00205328
0.231429 0.417055 0.00206145
0.258825 0.399206 0.0020642
0.2863 0.381479 0.00206145
0.312798 0.364555 0.00205328
0.337301 0.349083 0.00204001
0.358868 0.33566 0.00202216
0.376668 0.3248 0.00200041
0.39002 0.31692 0.0019756
0.398408 0.312325 0.00194867
0.401512 0.31119 0.00192066
0.399211 0.313558 0.00189266
0.391595 0.31934 0.00186573
0.378956 0.328312 0.00184091
0.361779 0.34013 0.00181916
0.340724 0.35434 0.00180131
0.316602 0.370396 0.00178804
0.290338 0.38768 0.00177987
0.262942 0.405529 0.00177711
0.235467 0.423256 0.00177987
0.208969 0.440181 0.00178803
0.184465 0.455653 0.0018013
0.162898 0.469077 0.00181915
0.145096 0.479938 0.0018409
0.131744 0.487818 0.00186571
0.123354 0.492414 0.00189264
-0.015138 0.580978 0.00181641
-0.010623 0.57633 0.00187134
0.00431936 0.564988 0.00192417
0.0291148 0.547387 0.00197285
0.0628104 0.524204 0.00201552
0.104111 0.496329 0.00205053
0.151431 0.464834 0.00207656
0.20295 0.430929 0.00209258
0.256689 0.395917 0.00209799
0.310583 0.361144 0.00209258
0.362561 0.327945 0.00207656
0.410625 0.297597 0.00205054
0.452929 0.271266 0.00201552
0.487846 0.249963 0.00197286
0.514036 0.234508 0.00192418
0.530491 0.225493 0.00187136
0.536579 0.223266 0.00181642
0.532066 0.227913 0.00176149
0.517126 0.239254 0.00170867
0.492333 0.256853 0.00165999
0.458639 0.280036 0.00161732
0.417339 0.307909 0.0015823
0.370021 0.339404 0.00155627
0.318503 0.373308 0.00154025
0.264764 0.40832 0.00153483
0.21087 0.443093 0.00154024
0.158891 0.476292 0.00155626
0.110826 0.506641 0.00158228
0.0685206 0.532974 0.00161729
0.0336014 0.554278 0.00165996
0.0074099 0.569735 0.00170864
-0.00904725 0.578751 0.00176146
-0.0151377 0.580979 0.00181639
-0.0106273 0.576334 0.00187132
0.00431052 0.564994 0.00192414
0.0291018 0.547396 0.00197283
0.0627937 0.524215 0.0020155
0.104092 0.496342 0.00205052
0.151409 0.464849 0.00207655
0.202926 0.430945 0.00209257
0.256665 0.395933 0.00209799
0.310559 0.361159 0.00209259
0.362539 0.32796 0.00207657
0.410605 0.29761 0.00205055
0.452912 0.271276 0.00201554
0.487833 0.249971 0.00197288
0.514026 0.234513 0.0019242
0.530486 0.225496 0.00187138
0.536578 0.223266 0.00181645
0.53207 0.227909 0.00176152
0.517135 0.239247 0.00170869
0.492346 0.256844 0.00166001
0.458656 0.280024 0.00161733
0.417359 0.307896 0.00158231
0.370043 0.339389 0.00155628
0.318526 0.373293 0.00154025
0.264788 0.408304 0.00153483
0.210893 0.443078 0.00154023
0.158914 0.476278 0.00155625
0.110846 0.506629 0.00158226
0.0685378 0.532963 0.00161727
0.033615 0.55427 0.00165994
0.00741938 0.569729 0.00170861
-0.140025 0.66138 0.00164713
-0.13347 0.654632 0.00172688
-0.111777 0.638165 0.00180356
-0.0757794 0.612613 0.00187424
-0.0268609 0.578956 0.00193618
0.0330989 0.538488 0.00198702
0.101796 0.492764 0.0020248
0.17659 0.443542 0.00204806
0.254607 0.392713 0.00205592
0.332849 0.34223 0.00204806
0.40831 0.294033 0.0020248
0.478088 0.249974 0.00198703
0.539504 0.211747 0.0019362
0.590196 0.18082 0.00187425
0.628217 0.158382 0.00180358
0.652106 0.145295 0.0017269
0.660945 0.142062 0.00164715
0.654393 0.148808 0.0015674
0.632704 0.165272 0.00149071
0.596709 0.190823 0.00142003
0.547793 0.224478 0.00135809
0.487836 0.264945 0.00130724
0.419141 0.310667 0.00126946
0.344347 0.359889 0.0012462
0.266331 0.410718 0.00123834
0.188088 0.461202 0.00124619
0.112627 0.509399 0.00126944
0.0428468 0.553459 0.00130721
-0.0185709 0.591688 0.00135805
-0.0692659 0.622617 0.00141999
-0.10729 0.645057 0.00149066
-0.131182 0.658146 0.00156734
-0.140024 0.661381 0.00164709
-0.133476 0.654637 0.00172684
-0.11179 0.638175 0.00180353
-0.0757983 0.612626 0.00187421
-0.0268851 0.578972 0.00193616
0.0330703 0.538507 0.001987
0.101764 0.492785 0.00202478
0.176556 0.443564 0.00204805
0.254572 0.392735 0.00205592
0.332815 0.342252 0.00204807
0.408277 0.294053 0.00202482
0.478059 0.249992 0.00198705
0.539479 0.211762 0.00193622
0.590176 0.180832 0.00187428
0.628204 0.15839 0.00180361
0.652099 0.145298 0.00172693
0.660944 0.142061 0.00164718
0.6544 0.148802 0.00156743
0.632717 0.165263 0.00149074
0.596728 0.19081 0.00142006
0.547818 0.224462 0.00135811
0.487864 0.264926 0.00130726
0.419172 0.310646 0.00126948
0.344381 0.359867 0.0012462
0.266365 0.410696 0.00123834
0.188122 0.46118 0.00124618
0.112659 0.509379 0.00126943
0.042876 0.553441 0.0013072
-0.018546 0.591673 0.00135802
-0.0692462 0.622605 0.00141996
-0.107276 0.645049 0.00149063
-0.131175 0.658142 0.00156731
-0.140024 0.661381 0.00164706
-0.133482 0.654642 0.00172681
-0.111802 0.638184 0.0018035
-0.0758172 0.612639 0.00187418
-0.0269093 0.578989 0.00193613
0.0330417 0.538526 0.00198698
0.101732 0.492806 0.00202477
0.176522 0.443587 0.00204805
0.254538 0.392758 0.00205592
0.332781 0.342273 0.00204808
0.408245 0.294074 0.00202483
0.47803 0.25001 0.00198707
0.539454 0.211777 0.00193625
0.590157 0.180843 0.00187431
0.62819 0.158398 0.00180364
0.652092 0.145302 0.00172696
0.660944 0.14206 0.00164722
0.654406 0.148797 0.00156746
0.632729 0.165253 0.00149077
0.596747 0.190797 0.00142009
0.547842 0.224445 0.00135814
0.487893 0.264906 0.00130728
0.419204 0.310625 0.00126949
0.344415 0.359845 0.00124621
0.2664 0.410673 0.00123834
0.188157 0.461158 0.00124617
0.112692 0.509358 0.00126942
-0.249611 0.731664 0.00141931
-0.241268 0.723076 0.00152081
-0.213659 0.702118 0.00161841
-0.167842 0.669595 0.00170836
-0.105581 0.626758 0.00178721
-0.0292664 0.575252 0.00185191
0.0581683 0.517057 0.00189999
0.153363 0.454409 0.0019296
0.252661 0.389715 0.0019396
0.352244 0.325462 0.00192961
0.448287 0.264119 0.0019
0.537098 0.208043 0.00185192
0.615266 0.159389 0.00178722
0.679785 0.120026 0.00170838
0.728177 0.0914682 0.00161843
0.758581 0.0748118 0.00152083
0.769831 0.0706972 0.00141933
0.761492 0.0792826 0.00131783
0.733887 0.100238 0.00122023
0.688074 0.132758 0.00113027
0.625816 0.175593 0.00105143
0.549505 0.227097 0.000986719
0.462072 0.285291 0.000938634
0.366878 0.347939 0.000909021
0.267582 0.412632 0.000899018
0.167998 0.476885 0.000909008
0.0719538 0.53823 0.000938609
-0.0168597 0.594307 0.000986682
-0.0950298 0.642963 0.00105138
-0.159552 0.682328 0.00113022
-0.207948 0.710889 0.00122016
-0.238357 0.727548 0.00131776
-0.249611 0.731665 0.00141926
-0.241276 0.723083 0.00152077
-0.213675 0.70213 0.00161837
-0.167867 0.669612 0.00170833
-0.105612 0.626779 0.00178718
-0.0293028 0.575277 0.00185189
0.0581277 0.517084 0.00189998
0.15332 0.454437 0.00192959
0.252616 0.389744 0.0019396
0.3522 0.32549 0.00192961
0.448246 0.264145 0.00190002
0.537061 0.208066 0.00185195
0.615234 0.159409 0.00178725
0.67976 0.120042 0.00170842
0.728159 0.0914783 0.00161848
0.758572 0.0748164 0.00152088
0.76983 0.0706962 0.00141938
0.7615 0.079276 0.00131787
0.733903 0.100226 0.00122027
0.688099 0.132741 0.00113031
0.625847 0.175572 0.00105146
0.549541 0.227073 0.000986744
0.462113 0.285264 0.000938652
0.366922 0.34791 0.00090903
0.267626 0.412603 0.000899018
0.168041 0.476857 0.000908999
0.0719949 0.538203 0.000938591
-0.0168226 0.594284 0.000986656
-0.094998 0.642944 0.00105135
-0.159527 0.682313 0.00113018
-0.20793 0.710879 0.00122012
-0.238348 0.727543 0.00131772
-0.24961 0.731666 0.00141922
-0.241284 0.723089 0.00152072
-0.213691 0.702142 0.00161833
-0.167891 0.669629 0.00170829
-0.105643 0.6268 0.00178714
-0.0293393 0.575301 0.00185186
0.0580871 0.517111 0.00189996
0.153277 0.454466 0.00192958
0.252572 0.389773 0.0019396
0.352157 0.325518 0.00192962
0.448205 0.264171 0.00190004
0.537024 0.20809 0.00185197
0.615202 0.159428 0.00178729
0.679735 0.120057 0.00170846
0.728142 0.0914883 0.00161852
0.758563 0.074821 0.00152092
0.76983 0.0706952 0.00141942
0.761508 0.0792694 0.00131792
0.733919 0.100214 0.00122031
0.688123 0.132725 0.00113035
0.625878 0.175551 0.00105149
0.549577 0.227049 0.000986769
0.462153 0.285238 0.000938669
0.366965 0.347882 0.000909039
0.26767 0.412575 0.000899018
0.168085 0.47683 0.000908991
0.072036 0.538177 0.000938574
-0.0167855 0.594261 0.000986631
-0.0949663 0.642924 0.00105132
-0.159502 0.682298 0.00113014
-0.207913 0.710868 0.00122008
-0.238338 0.727538 0.00131767
-0.249609 0.731667 0.00141917
-0.241292 0.723096 0.00152068
-0.213707 0.702154 0.00161829
-0.167915 0.669646 0.00170825
-0.105673 0.626821 0.00178711
-0.0293757 0.575325 0.00185184
0.0580465 0.517138 0.00189994
0.153234 0.454494 0.00192958
0.252528 0.389801 0.0019396
0.352113 0.325546 0.00192963
0.448163 0.264198 0.00190005
0.536987 0.208113 0.001852
0.61517 0.159448 0.00178732
0.67971 0.120072 0.0017085
0.728124 0.0914984 0.00161856
0.758554 0.0748257 0.00152097
0.769829 0.0706942 0.00141947
0.761516 0.0792629 0.00131796
0.733936 0.100202 0.00122035
0.688147 0.132708 0.00113039
-0.339686 0.789131 0.00114171
-0.329876 0.779032 0.00126107
-0.297411 0.754388 0.00137583
-0.243537 0.716145 0.0014816
-0.170325 0.665774 0.00157431
-0.080588 0.605209 0.0016504
0.0222245 0.536779 0.00170694
0.134162 0.463112 0.00174175
0.250924 0.387041 0.00175351
0.368021 0.311487 0.00174176
0.480956 0.239355 0.00170695
0.585388 0.173416 0.00165041
0.677303 0.116205 0.00157433
0.75317 0.0699194 0.00148163
0.810072 0.0363385 0.00137586
0.845825 0.0167525 0.00126109
0.859053 0.0119143 0.00114174
0.849248 0.0220096 0.00102238
0.816787 0.0466506 0.000907613
0.762917 0.0848903 0.00080184
0.689709 0.135259 0.000709127
0.599976 0.195822 0.000633038
0.497166 0.264251 0.000576496
0.38523 0.337916 0.000541675
0.268469 0.413988 0.000529912
0.151371 0.489542 0.000541659
0.0384345 0.561675 0.000576466
-0.0659993 0.627615 0.000632994
-0.157918 0.684829 0.000709071
-0.233788 0.731117 0.000801774
-0.290696 0.764701 0.00090754
-0.326453 0.78429 0.0010223
-0.339686 0.789132 0.00114166
-0.329886 0.77904 0.00126101
-0.29743 0.754402 0.00137578
-0.243565 0.716165 0.00148156
-0.170361 0.665799 0.00157428
-0.0806309 0.605238 0.00165037
0.0221768 0.53681 0.00170692
0.134111 0.463146 0.00174174
0.250872 0.387074 0.00175351
0.36797 0.31152 0.00174177
0.480908 0.239386 0.00170697
0.585344 0.173444 0.00165044
0.677265 0.116228 0.00157437
0.75314 0.0699372 0.00148167
0.810052 0.0363503 0.00137591
0.845814 0.016758 0.00126114
0.859052 0.0119131 0.00114179
0.849257 0.0220019 0.00102243
0.816806 0.0466366 0.000907662
0.762945 0.0848706 0.000801884
0.689745 0.135235 0.000709165
0.600019 0.195793 0.000633068
0.497214 0.264219 0.000576517
0.385281 0.337883 0.000541685
0.268521 0.413954 0.000529912
0.151422 0.489509 0.000541649
0.0384829 0.561644 0.000576446
-0.0659556 0.627588 0.000632964
-0.15788 0.684806 0.000709033
-0.233759 0.731099 0.00080173
-0.290675 0.764689 0.000907491
-0.326442 0.784285 0.00102225
-0.339685 0.789133 0.00114161
-0.329895 0.779047 0.00126096
-0.297449 0.754416 0.00137574
-0.243593 0.716185 0.00148152
-0.170397 0.665823 0.00157424
-0.0806737 0.605267 0.00165034
0.022129 0.536842 0.0017069
0.134061 0.463179 0.00174173
0.25082 0.387108 0.00175351
0.367919 0.311553 0.00174178
0.480859 0.239416 0.00170699
0.5853 0.173471 0.00165047
0.677228 0.116251 0.00157441
0.753111 0.0699549 0.00148171
0.810031 0.0363621 0.00137596
0.845803 0.0167634 0.0012612
0.859051 0.0119119 0.00114184
0.849266 0.0219942 0.00102249
0.816825 0.0466226 0.000907711
0.762974 0.0848509 0.000801928
0.689782 0.13521 0.000709202
0.600062 0.195764 0.000633097
0.497261 0.264188 0.000576537
0.385331 0.33785 0.000541696
0.268573 0.41392 0.000529912
0.151473 0.489476 0.000541639
0.0385312 0.561614 0.000576425
-0.0659119 0.627561 0.000632935
-0.157843 0.684783 0.000708996
-0.233729 0.731082 0.000801685
-0.290654 0.764677 0.000907442
-0.326431 0.784279 0.0010222
-0.339684 0.789134 0.00114155
-0.329905 0.779055 0.00126091
-0.297468 0.75443 0.00137569
-0.243621 0.716204 0.00148147
-0.170433 0.665848 0.0015742
-0.0807165 0.605295 0.00165031
0.0220813 0.536874 0.00170688
0.13401 0.463212 0.00174172
0.250768 0.387142 0.00175351
0.367868 0.311586 0.00174179
0.480811 0.239447 0.00170701
0.585257 0.173498 0.0016505
0.677191 0.116274 0.00157445
0.753081 0.0699727 0.00148176
0.810011 0.036374 0.00137601
0.845792 0.0167689 0.00126125
0.85905 0.0119108 0.0011419
0.849276 0.0219864 0.00102254
0.816844 0.0466086 0.000907761
0.763002 0.0848312 0.000801972
0.689818 0.135185 0.00070924
0.600104 0.195736 0.000633127
0.497309 0.264156 0.000576557
0.385382 0.337816 0.000541706
0.268625 0.413887 0.000529912
0.151524 0.489443 0.000541628
0.0385796 0.561583 0.000576405
-0.0658683 0.627533 0.000632905
-0.157806 0.68476 0.000708958
-0.2337 0.731064 0.000801641
-0.290634 0.764666 0.000907393
-0.32642 0.784274 0.00102215
-0.339683 0.789135 0.0011415
-0.329914 0.779063 0.00126086
-0.297487 0.754444 0.00137564
-0.24365 0.716224 0.00148143
-0.170469 0.665873 0.00157416
-0.0807593 0.605324 0.00165028
0.0220335 0.536905 0.00170685
0.133959 0.463246 0.00174171
-0.406789 0.831571 0.000825001
-0.395889 0.82035 0.000957621
-0.359815 0.792967 0.00108514
-0.299953 0.750474 0.00120267
-0.218604 0.694504 0.00130568
-0.118894 0.627208 0.00139023
-0.00465422 0.551172 0.00145305
0.119725 0.469318 0.00149173
0.249463 0.384791 0.0015048
0.379576 0.30084 0.00149174
0.505062 0.220691 0.00145306
0.621101 0.147424 0.00139024
0.723231 0.083854 0.00130571
0.80753 0.0324242 0.0012027
0.870757 -0.00488901 0.00108517
0.910483 -0.0266518 0.00095765
0.925181 -0.0320278 0.000825031
0.914287 -0.0208104 0.00069241
0.878218 0.00656922 0.000564885
0.818361 0.049059 0.000447356
0.737017 0.105026 0.000344339
0.63731 0.17232 0.000259793
0.523073 0.248354 0.000196967
0.398696 0.330207 0.000158275
0.268959 0.414734 0.000145205
0.138846 0.498685 0.000158258
0.0133574 0.578835 0.000196933
-0.102684 0.652104 0.000259743
-0.204818 0.715677 0.000344276
-0.289121 0.767109 0.000447282
-0.352353 0.804426 0.000564803
-0.392085 0.826192 0.000692323
-0.406788 0.831572 0.000824942
-0.395899 0.820358 0.000957563
-0.359836 0.792982 0.00108509
-0.299984 0.750496 0.00120262
-0.218644 0.694531 0.00130564
-0.118941 0.62724 0.00139019
-0.00470729 0.551207 0.00145302
0.119668 0.469355 0.00149172
0.249405 0.384829 0.0015048
0.379519 0.300877 0.00149175
0.505008 0.220725 0.00145308
0.621052 0.147454 0.00139028
0.72319 0.0838796 0.00130575
0.807497 0.032444 0.00120274
0.870735 -0.00487587 0.00108523
0.910471 -0.0266457 0.000957708
0.925181 -0.0320291 0.00082509
0.914297 -0.020819 0.000692468
0.878239 0.00655369 0.00056494
0.818393 0.0490371 0.000447405
0.737057 0.104999 0.00034438
0.637358 0.172288 0.000259825
0.523127 0.248319 0.000196989
0.398753 0.33017 0.000158287
0.269016 0.414696 0.000145205
0.138902 0.498648 0.000158246
0.0134111 0.578801 0.00019691
-0.102635 0.652074 0.000259711
-0.204777 0.715651 0.000344234
-0.289088 0.76709 0.000447233
-0.35233 0.804413 0.000564749
-0.392073 0.826186 0.000692266
-0.406787 0.831573 0.000824883
-0.39591 0.820367 0.000957505
-0.359857 0.792998 0.00108504
-0.300016 0.750517 0.00120257
-0.218684 0.694559 0.0013056
-0.118989 0.627272 0.00139016
-0.00476036 0.551242 0.001453
0.119612 0.469392 0.00149171
0.249348 0.384866 0.0015048
0.379462 0.300913 0.00149176
0.504955 0.22076 0.0014531
0.621003 0.147485 0.00139031
0.723149 0.0839052 0.00130579
0.807465 0.0324637 0.00120279
0.870712 -0.00486272 0.00108528
0.910459 -0.0266397 0.000957766
0.92518 -0.0320304 0.000825149
0.914308 -0.0208276 0.000692526
0.878261 0.00653815 0.000564994
0.818424 0.0490152 0.000447454
0.737097 0.104971 0.000344422
0.637405 0.172256 0.000259858
0.52318 0.248284 0.000197012
0.398809 0.330133 0.000158298
0.269074 0.414659 0.000145205
0.138959 0.498612 0.000158235
0.0134648 0.578767 0.000196888
-0.102586 0.652043 0.000259678
-0.204735 0.715626 0.000344193
-0.289055 0.76707 0.000447184
-0.352308 0.8044 0.000564694
-0.39206 0.82618 0.000692208
-0.406787 0.831575 0.000824824
-0.39592 0.820375 0.000957448
-0.359879 0.793013 0.00108498
-0.300047 0.750539 0.00120252
-0.218725 0.694586 0.00130556
-0.119036 0.627303 0.00139013
-0.00481342 0.551277 0.00145298
0.119555 0.469429 0.0014917
0.24929 0.384904 0.0015048
0.379405 0.30095 0.00149177
0.504901 0.220794 0.00145313
0.620955 0.147515 0.00139034
0.723107 0.0839308 0.00130583
0.807432 0.0324834 0.00120284
0.870689 -0.00484958 0.00108534
0.910447 -0.0266337 0.000957824
0.925179 -0.0320317 0.000825208
0.914318 -0.0208362 0.000692584
0.878282 0.00652262 0.000565049
0.818455 0.0489933 0.000447503
0.737137 0.104944 0.000344464
0.637453 0.172224 0.000259891
0.523233 0.248249 0.000197034
0.398866 0.330096 0.00015831
0.269132 0.414621 0.000145205
0.139016 0.498575 0.000158223
0.0135186 0.578733 0.000196865
-0.102538 0.652013 0.000259645
-0.204694 0.7156 0.000344151
-0.289023 0.76705 0.000447135
-0.352285 0.804387 0.00056464
-0.392048 0.826174 0.00069215
-0.406786 0.831576 0.000824765
-0.395931 0.820384 0.00095739
-0.3599 0.793029 0.00108493
-0.300078 0.750561 0.00120248
-0.218765 0.694613 0.00130552
-0.119084 0.627335 0.0013901
-0.00486649 0.551312 0.00145296
0.119499 0.469466 0.00149169
0.249232 0.384941 0.0015048
0.379348 0.300986 0.00149178
0.504847 0.220828 0.00145315
0.620906 0.147546 0.00139037
0.723066 0.0839563 0.00130587
0.807399 0.0325032 0.00120289
0.870666 -0.00483643 0.00108539
0.910435 -0.0266276 0.000957881
0.925178 -0.032033 0.000825267
0.914328 -0.0208447 0.000692642
0.878303 0.00650709 0.000565103
0.818487 0.0489714 0.000447552
0.737178 0.104916 0.000344505
0.637501 0.172192 0.000259924
0.523286 0.248214 0.000197057
-0.44834 0.857354 0.00048135
-0.436769 0.845441 0.000622139
-0.398472 0.816372 0.000757517
-0.334923 0.771261 0.000882283
-0.248563 0.711844 0.000991642
-0.142711 0.640402 0.00108139
-0.0214351 0.559683 0.00114808
0.110605 0.472787 0.00118915
0.248335 0.383054 0.00120302
0.386462 0.293932 0.00118916
0.519679 0.208846 0.00114809
0.642865 0.131065 0.00108141
0.751287 0.0635795 0.000991664
0.840778 0.00898172 0.00088231
0.9079 -0.0306299 0.000757546
0.950073 -0.0537332 0.00062217
0.965676 -0.0594404 0.000481381
0.95411 -0.047532 0.000340592
0.91582 -0.0184659 0.000205211
0.852276 0.0266412 8.04423e-05
0.765921 0.0860557 -2.89203e-05
0.660073 0.157495 -0.000118674
0.538799 0.238212 -0.00018537
0.406761 0.325107 -0.000226445
0.269032 0.41484 -0.00024032
0.130904 0.503963 -0.000226463
-0.00231395 0.58905 -0.000185406
-0.125503 0.666833 -0.000118726
-0.233928 0.734321 -2.89867e-05
-0.323424 0.788922 8.03642e-05
-0.390552 0.828537 0.000205124
-0.43273 0.851644 0.0003405
-0.44834 0.857355 0.000481287
-0.43678 0.845451 0.000622077
-0.398495 0.816388 0.00075746
-0.334957 0.771284 0.000882231
-0.248606 0.711873 0.000991598
-0.142762 0.640436 0.00108136
-0.0214914 0.55972 0.00114806
0.110545 0.472826 0.00118914
0.248274 0.383094 0.00120302
0.386402 0.29397 0.00118917
0.519622 0.208882 0.00114812
0.642813 0.131098 0.00108144
0.751243 0.0636066 0.000991709
0.840743 0.00900267 0.000882362
0.907876 -0.030616 0.000757604
0.95006 -0.0537268 0.000622231
0.965675 -0.0594417 0.000481444
0.954121 -0.0475412 0.000340653
0.915843 -0.0184824 0.000205269
0.852309 0.0266179 8.04944e-05
0.765964 0.0860266 -2.8876e-05
0.660123 0.157461 -0.000118639
0.538856 0.238175 -0.000185346
0.406821 0.325068 -0.000226433
0.269093 0.414801 -0.00024032
0.130964 0.503924 -0.000226475
-0.00225692 0.589014 -0.00018543
-0.125451 0.6668 -0.000118761
-0.233884 0.734294 -2.9031e-05
-0.32339 0.788901 8.03122e-05
-0.390527 0.828523 0.000205067
-0.432717 0.851638 0.000340438
-0.448339 0.857356 0.000481225
-0.436791 0.84546 0.000622016
-0.398518 0.816405 0.000757402
-0.33499 0.771308 0.000882179
-0.248649 0.711902 0.000991554
-0.142812 0.64047 0.00108132
-0.0215477 0.559757 0.00114803
0.110485 0.472865 0.00118913
0.248213 0.383133 0.00120302
0.386342 0.294009 0.00118918
0.519565 0.208918 0.00114814
0.642762 0.13113 0.00108148
0.751198 0.0636338 0.000991753
0.840708 0.00902363 0.000882414
0.907851 -0.030602 0.000757662
0.950047 -0.0537204 0.000622292
0.965674 -0.0594431 0.000481506
0.954133 -0.0475503 0.000340714
0.915865 -0.0184989 0.000205327
0.852343 0.0265947 8.05465e-05
0.766006 0.0859975 -2.88317e-05
0.660174 0.157427 -0.000118605
0.538912 0.238138 -0.000185322
0.406881 0.325029 -0.00022642
0.269154 0.414761 -0.00024032
0.131025 0.503885 -0.000226488
-0.00219989 0.588978 -0.000185454
-0.1254 0.666768 -0.000118796
-0.23384 0.734267 -2.90753e-05
-0.323355 0.78888 8.02601e-05
-0.390503 0.828509 0.000205009
-0.432704 0.851631 0.000340377
-0.448338 0.857358 0.000481162
-0.436802 0.845469 0.000621955
-0.39854 0.816421 0.000757344
-0.335023 0.771331 0.000882127
-0.248692 0.711931 0.000991509
-0.142863 0.640504 0.00108129
-0.0216041 0.559795 0.00114801
0.110425 0.472905 0.00118911
0.248151 0.383173 0.00120302
0.386281 0.294048 0.00118919
0.519508 0.208954 0.00114817
0.64271 0.131162 0.00108151
0.751154 0.0636609 0.000991797
0.840673 0.00904459 0.000882466
0.907827 -0.0305881 0.00075772
0.950034 -0.053714 0.000622354
0.965673 -0.0594445 0.000481569
0.954144 -0.0475594 0.000340776
0.915888 -0.0185154 0.000205385
0.852376 0.0265714 8.05986e-05
0.766049 0.0859684 -2.87874e-05
0.660224 0.157393 -0.00011857
0.538968 0.238101 -0.000185298
0.406941 0.32499 -0.000226408
0.269216 0.414721 -0.00024032
0.131085 0.503847 -0.0002265
-0.00214286 0.588942 -0.000185478
-0.125348 0.666736 -0.000118831
-0.233796 0.734239 -2.91196e-05
-0.32332 0.788859 8.0208e-05
-0.390479 0.828495 0.000204951
-0.432692 0.851625 0.000340315
-0.448337 0.857359 0.000481099
-0.436813 0.845478 0.000621893
-0.398563 0.816438 0.000757286
-0.335057 0.771354 0.000882075
-0.248734 0.71196 0.000991465
-0.142913 0.640538 0.00108125
-0.0216604 0.559832 0.00114799
0.110365 0.472944 0.0011891
0.24809 0.383213 0.00120302
0.386221 0.294087 0.00118921
0.51945 0.208991 0.00114819
0.642659 0.131194 0.00108155
0.75111 0.0636881 0.000991841
0.840639 0.00906555 0.000882518
0.907803 -0.0305741 0.000757778
0.950021 -0.0537076 0.000622415
0.965673 -0.0594459 0.000481632
0.954155 -0.0475685 0.000340837
0.91591 -0.0185318 0.000205443
0.852409 0.0265482 8.06506e-05
0.766092 0.0859393 -2.87431e-05
0.660275 0.157359 -0.000118535
0.539025 0.238063 -0.000185274
0.407001 0.32495 -0.000226396
0.269277 0.414681 -0.00024032
0.131145 0.503808 -0.000226512
-0.00208583 0.588905 -0.000185502
-0.125297 0.666703 -0.000118865
-0.233752 0.734212 -2.91638e-05
-0.323285 0.788838 8.0156e-05
-0.390454 0.828481 0.000204893
-0.432679 0.851618 0.000340254
-0.462744 0.865489 0.000123963
-0.450945 0.853343 0.000267511
-0.411898 0.823703 0.000405542
-0.347104 0.777709 0.000532753
-0.259052 0.717127 0.000644255
-0.151126 0.644286 0.000735762
-0.0274731 0.561985 0.00080376
0.107154 0.473386 0.000845633
0.247583 0.381895 0.000859775
0.388417 0.291026 0.00084564
0.524244 0.204273 0.000803772
0.649844 0.124969 0.00073578
0.76039 0.0561604 0.000644277
0.851635 0.000492766 0.00053278
0.920072 -0.0398951 0.000405572
0.963071 -0.0634511 0.000267542
0.978981 -0.06927 0.000123995
0.967188 -0.0571284 -1.95531e-05
0.928147 -0.0274927 -0.000157586
0.863358 0.0184983 -0.0002848
0.775311 0.079077 -0.000396306
0.667389 0.151916 -0.000487818
0.543739 0.234215 -0.000555821
0.409113 0.322813 -0.000597701
0.268685 0.414304 -0.000611848
0.127851 0.505173 -0.000597719
-0.0079773 0.591928 -0.000555858
-0.13358 0.671234 -0.000487871
-0.24413 0.740045 -0.000396373
-0.33538 0.795716 -0.00028488
-0.403822 0.836107 -0.000157675
-0.446828 0.859667 -1.96471e-05
-0.462743 0.86549 0.000123899
-0.450956 0.853352 0.000267448
-0.411922 0.82372 0.000405483
-0.347138 0.777733 0.0005327
-0.259096 0.717157 0.00064421
-0.151177 0.644321 0.000735727
-0.0275305 0.562023 0.000803735
0.107093 0.473426 0.000845621
0.247521 0.381935 0.000859775
0.388356 0.291066 0.000845652
0.524186 0.20431 0.000803796
0.649791 0.125001 0.000735816
0.760345 0.056188 0.000644323
0.851599 0.000514131 0.000532833
0.920047 -0.0398808 0.000405631
0.963058 -0.0634445 0.000267605
0.97898 -0.0692715 0.000124059
0.967199 -0.0571377 -1.94905e-05
0.92817 -0.0275095 -0.000157527
0.863392 0.0184746 -0.000284747
0.775355 0.0790474 -0.000396261
0.66744 0.151881 -0.000487783
0.543797 0.234177 -0.000555796
0.409175 0.322773 -0.000597688
0.268748 0.414264 -0.000611848
0.127913 0.505134 -0.000597732
-0.00791916 0.591891 -0.000555882
-0.133527 0.671201 -0.000487907
-0.244085 0.740017 -0.000396419
-0.335344 0.795694 -0.000284933
-0.403798 0.836093 -0.000157734
-0.446814 0.85966 -1.97097e-05
-0.462742 0.865491 0.000123836
-0.450968 0.853361 0.000267386
-0.411945 0.823737 0.000405424
-0.347172 0.777756 0.000532647
-0.259139 0.717187 0.000644165
-0.151229 0.644355 0.000735692
-0.027588 0.562061 0.000803711
0.107032 0.473466 0.000845609
0.247458 0.381976 0.000859775
0.388294 0.291105 0.000845665
0.524127 0.204347 0.000803821
0.649738 0.125034 0.000735851
0.7603 0.0562157 0.000644368
0.851564 0.000535498 0.000532886
0.920023 -0.0398666 0.00040569
0.963045 -0.063438 0.000267668
0.978979 -0.0692729 0.000124123
0.967211 -0.057147 -1.94279e-05
0.928194 -0.0275263 -0.000157468
0.863426 0.0184509 -0.000284694
0.775398 0.0790177 -0.000396215
0.667492 0.151847 -0.000487747
0.543854 0.234139 -0.000555772
0.409236 0.322733 -0.000597676
0.26881 0.414223 -0.000611848
0.127974 0.505094 -0.000597744
-0.00786101 0.591854 -0.000555906
-0.133475 0.671168 -0.000487942
-0.24404 0.73999 -0.000396464
-0.335309 0.795673 -0.000284986
-0.403773 0.836079 -0.000157793
-0.446801 0.859654 -1.97723e-05
-0.462741 0.865493 0.000123772
-0.450979 0.853371 0.000267323
-0.411968 0.823754 0.000405365
-0.347206 0.77778 0.000532594
-0.259183 0.717216 0.000644119
-0.15128 0.64439 0.000735656
-0.0276454 0.562099 0.000803686
0.106971 0.473506 0.000845596
0.247396 0.382016 0.000859775
0.388233 0.291145 0.000845677
0.524069 0.204384 0.000803845
0.649686 0.125067 0.000735887
0.760255 0.0562434 0.000644413
0.851528 0.000556869 0.000532939
0.919998 -0.0398524 0.000405749
0.963032 -0.0634315 0.00026773
0.978978 -0.0692743 0.000124187
0.967222 -0.0571562 -1.93652e-05
0.928217 -0.0275431 -0.000157409
0.86346 0.0184272 -0.000284641
0.775442 0.078988 -0.00039617
0.667543 0.151812 -0.000487712
0.543911 0.234101 -0.000555748
0.409297 0.322693 -0.000597663
0.268873 0.414182 -0.000611848
0.128036 0.505055 -0.000597757
-0.00780287 0.591817 -0.000555931
-0.133422 0.671135 -0.000487978
-0.243996 0.739962 -0.000396509
-0.335273 0.795652 -0.000285039
-0.403748 0.836064 -0.000157852
-0.446788 0.859647 -1.98349e-05
-0.46274 0.865494 0.000123708
-0.45099 0.85338 0.00026726
-0.411991 0.823771 0.000405306
-0.34724 0.777804 0.000532541
-0.259226 0.717246 0.000644074
-0.151332 0.644424 0.000735621
-0.0277028 0.562137 0.000803662
0.10691 0.473546 0.000845584
0.247333 0.382057 0.000859775
0.388171 0.291184 0.000845689
0.524011 0.204421 0.00080387
0.649633 0.1251 0.000735922
0.76021 0.0562711 0.000644458
0.851493 0.000578242 0.000532992
0.919973 -0.0398381 0.000405808
0.963019 -0.0634249 0.000267793
0.978977 -0.0692756 0.000124251
0.967233 -0.0571655 -1.93026e-05
0.92824 -0.0275599 -0.00015735
0.863494 0.0184035 -0.000284588
0.775485 0.0789584 -0.000396125
0.667595 0.151778 -0.000487676
0.543969 0.234063 -0.000555723
0.409358 0.322653 -0.000597651
0.268935 0.414142 -0.000611848
0.128097 0.505015 -0.000597769
-0.00774472 0.59178 -0.000555955
-0.13337 0.671102 -0.000488013
-0.243951 0.739934 -0.000396554
-0.335238 0.79563 -0.000285092
-0.403723 0.83605 -0.000157911
-0.446775 0.859641 -1.98975e-05
-0.462739 0.865496 0.000123644
-0.451002 0.853389 0.000267198
-0.412014 0.823787 0.000405247
-0.449445 0.855663 -0.000233425
-0.437874 0.843751 -9.26347e-05
-0.399577 0.81468 4.27451e-05
-0.336027 0.76957 0.000167512
-0.249667 0.710152 0.000276872
-0.143814 0.63871 0.000366622
-0.0225363 0.55799 0.000433313
0.109505 0.471093 0.000474382
0.247236 0.381359 0.000488252
0.385365 0.292236 0.000474388
0.518582 0.207149 0.000433325
0.641769 0.129368 0.000366639
0.750192 0.0618818 0.000276894
0.839684 0.00728358 0.000167538
0.906807 -0.0323284 4.27741e-05
0.94898 -0.0554319 -9.2604e-05
0.964583 -0.0611391 -0.000233394
0.953018 -0.0492307 -0.000374184
0.914727 -0.0201643 -0.000509566
0.851182 0.0249432 -0.000634336
0.764826 0.0843582 -0.000743699
0.658977 0.155798 -0.000833454
0.537703 0.236516 -0.00090015
0.405663 0.323412 -0.000941226
0.267933 0.413146 -0.000955101
0.129804 0.502269 -0.000941244
-0.00341502 0.587357 -0.000900186
-0.126605 0.66514 -0.000833506
-0.235031 0.732629 -0.000743766
-0.324528 0.78723 -0.000634414
-0.391656 0.826846 -0.000509653
-0.433835 0.849953 -0.000374276
-0.449444 0.855664 -0.000233487
-0.437885 0.84376 -9.26961e-05
-0.3996 0.814697 4.26873e-05
-0.336061 0.769593 0.00016746
-0.249709 0.710181 0.000276828
-0.143864 0.638744 0.000366587
-0.0225926 0.558027 0.000433289
0.109445 0.471132 0.00047437
0.247175 0.381399 0.000488252
0.385304 0.292275 0.0004744
0.518525 0.207185 0.000433349
0.641718 0.1294 0.000366674
0.750148 0.061909 0.000276938
0.839649 0.00730454 0.00016759
0.906782 -0.0323144 4.28319e-05
0.948967 -0.0554255 -9.25426e-05
0.964583 -0.0611405 -0.000233331
0.953029 -0.0492398 -0.000374123
0.914749 -0.0201808 -0.000509508
0.851216 0.0249199 -0.000634284
0.764869 0.0843291 -0.000743655
0.659028 0.155764 -0.000833419
0.537759 0.236479 -0.000900126
0.405723 0.323373 -0.000941213
0.267994 0.413106 -0.000955101
0.129864 0.50223 -0.000941256
-0.003358 0.587321 -0.00090021
-0.126553 0.665108 -0.000833541
-0.234987 0.732602 -0.00074381
-0.324493 0.787209 -0.000634466
-0.391632 0.826832 -0.000509711
-0.433822 0.849947 -0.000374338
-0.449444 0.855666 -0.00023355
-0.437896 0.843769 -9.27575e-05
-0.399622 0.814713 4.26294e-05
-0.336094 0.769616 0.000167408
-0.249752 0.71021 0.000276783
-0.143915 0.638777 0.000366552
-0.022649 0.558064 0.000433265
0.109385 0.471171 0.000474358
0.247114 0.381438 0.000488252
0.385244 0.292314 0.000474413
0.518468 0.207222 0.000433373
0.641666 0.129433 0.000366709
0.750104 0.0619361 0.000276983
0.839614 0.00732549 0.000167642
0.906758 -0.0323005 4.28898e-05
0.948954 -0.0554191 -9.24811e-05
0.964582 -0.0611418 -0.000233268
0.95304 -0.0492489 -0.000374061
0.914772 -0.0201972 -0.00050945
0.851249 0.0248967 -0.000634232
0.764912 0.0843 -0.000743611
0.659078 0.15573 -0.000833384
0.537816 0.236442 -0.000900102
0.405783 0.323333 -0.000941201
0.268056 0.413066 -0.000955101
0.129925 0.502191 -0.000941268
-0.00330097 0.587285 -0.000900234
-0.126502 0.665075 -0.000833576
-0.234943 0.732575 -0.000743854
-0.324459 0.787188 -0.000634518
-0.391607 0.826818 -0.000509768
-0.433809 0.84994 -0.000374399
-0.449443 0.855667 -0.000233613
-0.437907 0.843778 -9.2819e-05
-0.399645 0.81473 4.25716e-05
-0.336127 0.769639 0.000167356
-0.249795 0.710239 0.000276739
-0.143965 0.638811 0.000366517
-0.0227053 0.558101 0.000433241
0.109325 0.471211 0.000474345
0.247052 0.381478 0.000488252
0.385184 0.292352 0.000474425
0.518411 0.207258 0.000433397
0.641615 0.129465 0.000366743
0.75006 0.0619633 0.000277027
0.83958 0.00734645 0.000167694
0.906734 -0.0322865 4.29476e-05
0.948941 -0.0554127 -9.24197e-05
0.964581 -0.0611432 -0.000233206
0.953051 -0.049258 -0.000374
0.914795 -0.0202137 -0.000509392
0.851282 0.0248735 -0.00063418
0.764955 0.0842709 -0.000743567
0.659129 0.155696 -0.00083335
0.537872 0.236404 -0.000900079
0.405843 0.323294 -0.000941189
0.268117 0.413026 -0.000955101
0.129985 0.502153 -0.000941281
-0.00324394 0.587248 -0.000900258
-0.12645 0.665043 -0.000833611
-0.234899 0.732548 -0.000743899
-0.324424 0.787167 -0.00063457
-0.391583 0.826804 -0.000509826
-0.433796 0.849934 -0.000374461
-0.449442 0.855668 -0.000233675
-0.437918 0.843787 -9.28804e-05
-0.399667 0.814746 4.25137e-05
-0.336161 0.769663 0.000167304
-0.249838 0.710268 0.000276695
-0.144016 0.638845 0.000366483
-0.0227616 0.558139 0.000433217
0.109265 0.47125 0.000474333
0.246991 0.381518 0.000488252
0.385123 0.292391 0.000474437
0.518354 0.207294 0.000433421
0.641563 0.129497 0.000366778
0.750016 0.0619904 0.000277071
0.839545 0.00736742 0.000167746
0.906709 -0.0322726 4.30055e-05
0.948928 -0.0554062 -9.23583e-05
0.96458 -0.0611446 -0.000233143
0.953062 -0.0492671 -0.000373939
0.914817 -0.0202302 -0.000509334
0.851316 0.0248502 -0.000634128
0.764997 0.0842418 -0.000743522
0.659179 0.155662 -0.000833315
0.537928 0.236367 -0.000900055
0.405903 0.323255 -0.000941177
0.268178 0.412987 -0.000955101
0.130045 0.502114 -0.000941293
-0.0031869 0.587212 -0.000900282
-0.126399 0.665011 -0.000833645
-0.234855 0.73252 -0.000743943
-0.324389 0.787146 -0.000634622
-0.391559 0.82679 -0.000509884
-0.433784 0.849927 -0.000374522
-0.408957 0.828254 -0.000577081
-0.398056 0.817033 -0.000444458
-0.361981 0.789649 -0.000316933
-0.302118 0.747155 -0.000199404
-0.220768 0.691185 -9.63886e-05
-0.121056 0.623887 -1.18455e-05
-0.00681439 0.54785 5.09764e-05
0.117567 0.465995 8.96631e-05
0.247308 0.381467 0.000102728
0.377422 0.297514 8.96689e-05
0.502911 0.217364 5.09877e-05
0.618952 0.144095 -1.18292e-05
0.721084 0.0805239 -9.63677e-05
0.805385 0.0290932 -0.000199379
0.868613 -0.0082207 -0.000316905
0.90834 -0.0299839 -0.000444429
0.923038 -0.03536 -0.000577051
0.912143 -0.0241424 -0.000709674
0.876074 0.00323774 -0.000837202
0.816216 0.0457283 -0.000954733
0.73487 0.101696 -0.00105775
0.635162 0.168991 -0.0011423
0.520923 0.245027 -0.00120513
0.396543 0.326882 -0.00124382
0.266803 0.411409 -0.00125689
0.136688 0.495362 -0.00124384
0.0111976 0.575514 -0.00120516
-0.104845 0.648784 -0.00114235
-0.206982 0.712358 -0.00105781
-0.291286 0.763792 -0.000954807
-0.35452 0.801109 -0.000837283
-0.394252 0.822876 -0.000709761
-0.408956 0.828255 -0.00057714
-0.398066 0.817041 -0.000444516
-0.362002 0.789665 -0.000316987
-0.30215 0.747177 -0.000199453
-0.220808 0.691212 -9.64303e-05
-0.121103 0.623919 -1.18783e-05
-0.00686746 0.547885 5.09538e-05
0.11751 0.466032 8.96516e-05
0.24725 0.381504 0.000102728
0.377366 0.297551 8.96804e-05
0.502857 0.217398 5.10103e-05
0.618903 0.144126 -1.17964e-05
0.721043 0.0805495 -9.6326e-05
0.805352 0.0291129 -0.00019933
0.86859 -0.00820756 -0.000316851
0.908328 -0.0299778 -0.000444372
0.923037 -0.0353613 -0.000576992
0.912154 -0.024151 -0.000709616
0.876095 0.0032222 -0.000837147
0.816247 0.0457064 -0.000954684
0.73491 0.101669 -0.00105771
0.635209 0.168959 -0.00114227
0.520976 0.244992 -0.0012051
0.3966 0.326845 -0.00124381
0.266861 0.411372 -0.00125689
0.136745 0.495326 -0.00124385
0.0112513 0.57548 -0.00120518
-0.104797 0.648754 -0.00114238
-0.20694 0.712332 -0.00105786
-0.291254 0.763772 -0.000954856
-0.354497 0.801096 -0.000837338
-0.39424 0.82287 -0.000709819
-0.408955 0.828257 -0.000577199
-0.398077 0.81705 -0.000444574
-0.362024 0.78968 -0.000317042
-0.302181 0.747199 -0.000199502
-0.220848 0.691239 -9.6472e-05
-0.121151 0.623951 -1.19111e-05
-0.00692053 0.54792 5.09312e-05
0.117454 0.466069 8.96401e-05
0.247192 0.381542 0.000102728
0.377309 0.297587 8.96919e-05
0.502804 0.217432 5.10328e-05
0.618855 0.144156 -1.17636e-05
0.721001 0.0805751 -9.62843e-05
0.805319 0.0291327 -0.000199281
0.868567 -0.00819441 -0.000316796
0.908315 -0.0299718 -0.000444314
0.923036 -0.0353625 -0.000576933
0.912164 -0.0241596 -0.000709558
0.876116 0.00320667 -0.000837093
0.816279 0.0456845 -0.000954635
0.73495 0.101642 -0.00105767
0.635257 0.168928 -0.00114223
0.521029 0.244957 -0.00120508
0.396657 0.326808 -0.0012438
0.266919 0.411334 -0.00125689
0.136802 0.495289 -0.00124386
0.011305 0.575446 -0.00120521
-0.104748 0.648724 -0.00114241
-0.206899 0.712307 -0.0010579
-0.291221 0.763752 -0.000954905
-0.354474 0.801083 -0.000837392
-0.394228 0.822863 -0.000709877
-0.408954 0.828258 -0.000577258
-0.398087 0.817059 -0.000444632
-0.362045 0.789696 -0.000317096
-0.302212 0.747221 -0.000199551
-0.220889 0.691267 -9.65137e-05
-0.121199 0.623983 -1.19439e-05
-0.00697359 0.547956 5.09087e-05
0.117397 0.466106 8.96286e-05
0.247134 0.381579 0.000102728
0.377252 0.297624 8.97034e-05
0.50275 0.217466 5.10554e-05
0.618806 0.144186 -1.17309e-05
0.72096 0.0806007 -9.62426e-05
0.805286 0.0291524 -0.000199232
0.868544 -0.00818127 -0.000316742
0.908303 -0.0299657 -0.000444256
0.923035 -0.0353638 -0.000576874
0.912174 -0.0241681 -0.0007095
0.876138 0.00319114 -0.000837038
0.81631 0.0456626 -0.000954586
0.734991 0.101614 -0.00105763
0.635304 0.168896 -0.0011422
0.521082 0.244922 -0.00120506
0.396713 0.326771 -0.00124378
0.266977 0.411297 -0.00125689
0.136858 0.495253 -0.00124387
0.0113587 0.575412 -0.00120523
-0.1047 0.648693 -0.00114245
-0.206857 0.712281 -0.00105794
-0.291188 0.763732 -0.000954954
-0.354451 0.801069 -0.000837447
-0.394215 0.822857 -0.000709934
-0.408953 0.828259 -0.000577317
-0.398098 0.817067 -0.00044469
-0.362066 0.789711 -0.000317151
-0.302244 0.747243 -0.0001996
-0.220929 0.691294 -9.65555e-05
-0.121246 0.624015 -1.19767e-05
-0.00702665 0.547991 5.08861e-05
0.117341 0.466143 8.96171e-05
0.247076 0.381617 0.000102728
0.377195 0.29766 8.97149e-05
0.502696 0.2175 5.10779e-05
0.618757 0.144217 -1.16981e-05
0.720918 0.0806263 -9.62009e-05
0.805253 0.0291722 -0.000199183
0.868521 -0.00816812 -0.000316687
0.908291 -0.0299597 -0.000444198
0.923035 -0.0353651 -0.000576815
0.912185 -0.0241767 -0.000709443
0.876159 0.00317561 -0.000836983
0.816341 0.0456407 -0.000954537
0.735031 0.101587 -0.00105759
0.635352 0.168864 -0.00114217
0.521135 0.244887 -0.00120504
-0.342833 0.784316 -0.000893798
-0.333023 0.774217 -0.00077444
-0.300556 0.749572 -0.000659669
-0.24668 0.711328 -0.000553895
-0.173466 0.660955 -0.000461183
-0.0837271 0.600389 -0.000385095
0.0190885 0.531957 -0.000328557
0.131029 0.458288 -0.000293739
0.247794 0.382214 -0.000281981
0.364895 0.306658 -0.000293734
0.477833 0.234524 -0.000328547
0.582268 0.168583 -0.000385081
0.674186 0.11137 -0.000461164
0.750055 0.0650835 -0.000553873
0.806959 0.0315016 -0.000659644
0.842713 0.0119151 -0.000774414
0.855941 0.00707671 -0.000893771
0.846136 0.0171723 -0.00101313
0.813674 0.041814 -0.0011279
0.759803 0.0800548 -0.00123368
0.686592 0.130425 -0.00132639
0.596857 0.19099 -0.00140249
0.494044 0.259421 -0.00145903
0.382104 0.333088 -0.00149385
0.26534 0.409162 -0.00150561
0.148238 0.484718 -0.00149387
0.0352989 0.556853 -0.00145906
-0.0691379 0.622796 -0.00140253
-0.161059 0.680011 -0.00132645
-0.236932 0.7263 -0.00123375
-0.293841 0.759885 -0.00112798
-0.329599 0.779475 -0.00101321
-0.342832 0.784317 -0.000893851
-0.333032 0.774224 -0.000774492
-0.300575 0.749586 -0.000659718
-0.246709 0.711348 -0.000553939
-0.173502 0.66098 -0.00046122
-0.0837699 0.600418 -0.000385125
0.0190407 0.531988 -0.000328577
0.130979 0.458321 -0.00029375
0.247742 0.382248 -0.000281981
0.364844 0.306691 -0.000293724
0.477785 0.234555 -0.000328526
0.582224 0.168611 -0.000385051
0.674148 0.111393 -0.000461126
0.750025 0.0651013 -0.000553829
0.806939 0.0315134 -0.000659595
0.842702 0.0119205 -0.000774362
0.85594 0.00707554 -0.000893718
0.846145 0.0171646 -0.00101308
0.813693 0.0418 -0.00112785
0.759831 0.0800351 -0.00123363
0.686629 0.130401 -0.00132636
0.596899 0.190961 -0.00140246
0.494091 0.259389 -0.00145901
0.382155 0.333055 -0.00149384
0.265392 0.409128 -0.00150561
0.148289 0.484685 -0.00149388
0.0353473 0.556823 -0.00145908
-0.0690942 0.622768 -0.00140256
-0.161022 0.679988 -0.00132649
-0.236902 0.726283 -0.00123379
-0.29382 0.759873 -0.00112803
-0.329588 0.77947 -0.00101326
-0.342832 0.784318 -0.000893904
-0.333042 0.774232 -0.000774544
-0.300594 0.7496 -0.000659767
-0.246737 0.711368 -0.000553983
-0.173539 0.661005 -0.000461258
-0.0838127 0.600446 -0.000385154
0.0189929 0.53202 -0.000328597
0.130928 0.458355 -0.00029376
0.24769 0.382281 -0.000281981
0.364793 0.306724 -0.000293713
0.477737 0.234585 -0.000328506
0.582181 0.168638 -0.000385022
0.674111 0.111416 -0.000461089
0.749996 0.0651191 -0.000553785
0.806918 0.0315253 -0.000659546
0.842691 0.011926 -0.00077431
0.855939 0.00707437 -0.000893665
0.846154 0.0171569 -0.00101303
0.813712 0.0417861 -0.0011278
0.759859 0.0800154 -0.00123359
0.686665 0.130376 -0.00132632
0.596942 0.190932 -0.00140243
0.494139 0.259357 -0.00145899
0.382206 0.333022 -0.00149383
0.265444 0.409095 -0.00150561
0.148341 0.484653 -0.00149389
0.0353956 0.556792 -0.0014591
-0.0690506 0.622741 -0.00140259
-0.160984 0.679965 -0.00132653
-0.236873 0.726265 -0.00123383
-0.2938 0.759862 -0.00112807
-0.329577 0.779464 -0.00101331
-0.342831 0.784319 -0.000893957
-0.333051 0.77424 -0.000774596
-0.300614 0.749614 -0.000659816
-0.246765 0.711387 -0.000554027
-0.173575 0.661029 -0.000461295
-0.0838556 0.600475 -0.000385184
0.0189452 0.532051 -0.000328618
0.130877 0.458388 -0.00029377
0.247638 0.382315 -0.000281981
0.364742 0.306757 -0.000293703
0.477688 0.234616 -0.000328486
0.582137 0.168666 -0.000384992
0.674074 0.111439 -0.000461051
0.749966 0.0651368 -0.00055374
0.806897 0.0315371 -0.000659497
0.84268 0.0119314 -0.000774258
0.855938 0.00707321 -0.000893612
0.846164 0.0171492 -0.00101297
0.813731 0.0417721 -0.00112776
0.759887 0.0799957 -0.00123355
0.686701 0.130351 -0.00132628
0.596985 0.190904 -0.0014024
0.494187 0.259326 -0.00145897
0.382257 0.332988 -0.00149382
0.265496 0.409061 -0.00150561
0.148392 0.48462 -0.0014939
0.035444 0.556761 -0.00145912
-0.0690069 0.622714 -0.00140262
-0.160947 0.679942 -0.00132656
-0.236843 0.726247 -0.00123388
-0.293779 0.75985 -0.00112812
-0.329566 0.779459 -0.00101336
-0.34283 0.78432 -0.00089401
-0.33306 0.774248 -0.000774648
-0.300633 0.749628 -0.000659865
-0.246793 0.711407 -0.000554071
-0.173611 0.661054 -0.000461333
-0.0838984 0.600504 -0.000385213
0.0188974 0.532083 -0.000328638
0.130826 0.458421 -0.000293781
-0.253616 0.725536 -0.00117141
-0.245273 0.716947 -0.0010699
-0.217662 0.695988 -0.000972293
-0.171844 0.663464 -0.000882338
-0.109579 0.620625 -0.000803492
-0.0332617 0.569117 -0.000738785
0.0541769 0.510919 -0.000690702
0.149376 0.448269 -0.000661091
0.248677 0.383572 -0.000651092
0.348265 0.319316 -0.000661087
0.444312 0.257971 -0.000690693
0.533128 0.201892 -0.000738772
0.611298 0.153236 -0.000803476
0.67582 0.113871 -0.00088232
0.724214 0.0853121 -0.000972272
0.75462 0.0686549 -0.00106988
0.76587 0.0645401 -0.00117138
0.757531 0.0731259 -0.00127289
0.729925 0.0940822 -0.0013705
0.68411 0.126604 -0.00146045
0.621849 0.169441 -0.0015393
0.545534 0.220947 -0.00160401
0.458098 0.279144 -0.0016521
0.3629 0.341794 -0.00168172
0.263599 0.40649 -0.00169172
0.164011 0.470746 -0.00168173
0.0679629 0.532093 -0.00165213
-0.0208545 0.588173 -0.00160405
-0.0990279 0.636831 -0.00153935
-0.163553 0.676197 -0.00146051
-0.211951 0.704759 -0.00137056
-0.242361 0.721419 -0.00127296
-0.253615 0.725537 -0.00117145
-0.245281 0.716954 -0.00106994
-0.217678 0.696 -0.000972335
-0.171868 0.663481 -0.000882376
-0.10961 0.620646 -0.000803524
-0.0332981 0.569141 -0.00073881
0.0541362 0.510946 -0.000690719
0.149333 0.448297 -0.0006611
0.248633 0.383601 -0.000651092
0.348222 0.319344 -0.000661078
0.444271 0.257997 -0.000690676
0.53309 0.201915 -0.000738747
0.611267 0.153255 -0.000803444
0.675795 0.113887 -0.000882282
0.724197 0.0853221 -0.00097223
0.754611 0.0686595 -0.00106983
0.76587 0.0645391 -0.00117134
0.757539 0.0731193 -0.00127285
0.729941 0.0940703 -0.00137046
0.684134 0.126587 -0.00146042
0.62188 0.16942 -0.00153927
0.545571 0.220923 -0.00160399
0.458139 0.279117 -0.00165208
0.362943 0.341765 -0.00168171
0.263643 0.406461 -0.00169172
0.164055 0.470718 -0.00168174
0.068004 0.532067 -0.00165214
-0.0208173 0.588149 -0.00160408
-0.0989961 0.636811 -0.00153938
-0.163528 0.676182 -0.00146055
-0.211933 0.704749 -0.0013706
-0.242352 0.721415 -0.001273
-0.253615 0.725538 -0.0011715
-0.245289 0.71696 -0.00106999
-0.217694 0.696012 -0.000972376
-0.171892 0.663498 -0.000882414
-0.109641 0.620667 -0.000803556
-0.0333345 0.569166 -0.000738835
0.0540956 0.510973 -0.000690736
0.14929 0.448325 -0.000661109
0.248589 0.38363 -0.000651092
0.348178 0.319372 -0.000661069
0.44423 0.258023 -0.000690658
0.533053 0.201939 -0.000738722
0.611235 0.153275 -0.000803413
0.67577 0.113902 -0.000882245
0.724179 0.0853322 -0.000972189
0.754602 0.0686641 -0.00106979
0.765869 0.0645381 -0.00117129
0.757547 0.0731127 -0.0012728
0.729957 0.0940584 -0.00137041
0.684158 0.12657 -0.00146038
0.621911 0.169399 -0.00153924
0.545607 0.220898 -0.00160396
0.458179 0.27909 -0.00165207
0.362987 0.341737 -0.0016817
0.263688 0.406432 -0.00169172
0.164098 0.47069 -0.00168175
0.0680451 0.532041 -0.00165216
-0.0207802 0.588126 -0.0016041
-0.0989644 0.636792 -0.00153942
-0.163503 0.676167 -0.00146059
-0.211916 0.704739 -0.00137064
-0.242343 0.72141 -0.00127305
-0.253614 0.725539 -0.00117154
-0.245297 0.716967 -0.00107003
-0.217711 0.696024 -0.000972418
-0.171916 0.663515 -0.000882451
-0.109672 0.620688 -0.000803588
-0.0333709 0.56919 -0.00073886
0.054055 0.511 -0.000690754
0.149246 0.448354 -0.000661118
0.248545 0.383658 -0.000651092
0.348135 0.3194 -0.000661061
0.444189 0.258049 -0.000690641
0.533016 0.201962 -0.000738697
0.611203 0.153294 -0.000803381
0.675745 0.113917 -0.000882207
0.724162 0.0853422 -0.000972147
0.754593 0.0686688 -0.00106974
0.765868 0.0645372 -0.00117125
0.757555 0.0731062 -0.00127276
0.729973 0.0940465 -0.00137037
0.684182 0.126553 -0.00146034
-0.144734 0.654174 -0.00139924
-0.138179 0.647425 -0.00131948
-0.116484 0.630958 -0.00124279
-0.0804844 0.605403 -0.00117211
-0.0315627 0.571744 -0.00111016
0.028401 0.531274 -0.00105932
0.0971024 0.485547 -0.00102154
0.171901 0.436322 -0.000998277
0.249924 0.385489 -0.00099042
0.328171 0.335003 -0.000998273
0.403636 0.286802 -0.00102154
0.473419 0.242741 -0.00105931
0.534839 0.204511 -0.00111015
0.585534 0.173582 -0.0011721
0.623558 0.151143 -0.00124277
0.647448 0.138055 -0.00131946
0.656288 0.134822 -0.00139922
0.649736 0.141568 -0.00147897
0.628045 0.158034 -0.00155567
0.592048 0.183586 -0.00162635
0.543129 0.217244 -0.0016883
0.483167 0.257713 -0.00173914
0.414468 0.303438 -0.00177692
0.33967 0.352663 -0.00180019
0.261648 0.403496 -0.00180805
0.1834 0.453982 -0.0018002
0.107934 0.502183 -0.00177694
0.0381495 0.546246 -0.00173917
-0.0232722 0.584477 -0.00168834
-0.0739705 0.615408 -0.00162639
-0.111997 0.637849 -0.00155571
-0.135891 0.650939 -0.00147903
-0.144733 0.654174 -0.00139927
-0.138185 0.647431 -0.00131952
-0.116497 0.630967 -0.00124282
-0.0805033 0.605416 -0.00117214
-0.0315869 0.571761 -0.00111019
0.0283724 0.531293 -0.00105934
0.0970705 0.485568 -0.00102156
0.171867 0.436344 -0.000998284
0.249889 0.385512 -0.00099042
0.328137 0.335025 -0.000998267
0.403604 0.286823 -0.00102152
0.47339 0.242759 -0.00105929
0.534814 0.204527 -0.00111013
0.585515 0.173594 -0.00117207
0.623544 0.151151 -0.00124274
0.647441 0.138059 -0.00131943
0.656287 0.134821 -0.00139918
0.649742 0.141563 -0.00147894
0.628058 0.158024 -0.00155563
0.592067 0.183573 -0.00162632
0.543153 0.217227 -0.00168827
0.483196 0.257694 -0.00173912
0.4145 0.303417 -0.00177691
0.339704 0.352641 -0.00180019
0.261683 0.403473 -0.00180805
0.183435 0.45396 -0.00180021
0.107967 0.502163 -0.00177696
0.0381787 0.546228 -0.00173919
-0.0232473 0.584462 -0.00168836
-0.0739508 0.615396 -0.00162642
-0.111983 0.637841 -0.00155575
-0.135883 0.650935 -0.00147906
-0.144733 0.654175 -0.00139931
-0.138191 0.647436 -0.00131955
-0.11651 0.630976 -0.00124286
-0.0805222 0.60543 -0.00117217
-0.0316112 0.571777 -0.00111021
0.0283438 0.531312 -0.00105936
0.0970386 0.485589 -0.00102157
0.171833 0.436366 -0.000998291
0.249854 0.385534 -0.00099042
0.328102 0.335046 -0.00099826
0.403571 0.286844 -0.00102151
0.473361 0.242778 -0.00105927
0.534789 0.204542 -0.0011101
0.585495 0.173606 -0.00117204
0.623531 0.151159 -0.00124271
0.647434 0.138062 -0.00131939
0.656287 0.134821 -0.00139915
0.649748 0.141558 -0.0014789
0.62807 0.158015 -0.0015556
0.592086 0.18356 -0.00162629
0.543177 0.217211 -0.00168825
0.483225 0.257674 -0.0017391
0.414531 0.303396 -0.0017769
0.339738 0.352619 -0.00180018
0.261717 0.403451 -0.00180805
0.183469 0.453939 -0.00180022
0.107999 0.502142 -0.00177697
-0.0203706 0.572971 -0.00156853
-0.0158551 0.568323 -0.0015136
-0.000911176 0.556979 -0.00146077
0.0238868 0.539376 -0.00141208
0.057586 0.516191 -0.00136941
0.0988913 0.488313 -0.00133439
0.146216 0.456815 -0.00130836
0.19774 0.422906 -0.00129234
0.251485 0.387891 -0.00128693
0.305384 0.353114 -0.00129234
0.357368 0.319912 -0.00130836
0.405437 0.28956 -0.00133438
0.447745 0.263226 -0.0013694
0.482666 0.241921 -0.00141207
0.508859 0.226464 -0.00146076
0.525315 0.217449 -0.00151358
0.531404 0.215222 -0.00156852
0.526891 0.219869 -0.00162346
0.511949 0.231211 -0.00167629
0.487153 0.248812 -0.00172498
0.453456 0.271997 -0.00176765
0.412152 0.299874 -0.00180267
0.364829 0.331371 -0.0018287
0.313305 0.365279 -0.00184473
0.259561 0.400295 -0.00185014
0.205661 0.435072 -0.00184474
0.153677 0.468274 -0.00182871
0.105606 0.498626 -0.00180269
0.0632968 0.524962 -0.00176768
0.0283739 0.546268 -0.00172501
0.00217968 0.561726 -0.00167632
-0.0142792 0.570743 -0.0016235
-0.0203702 0.572972 -0.00156856
-0.0158594 0.568326 -0.00151362
-0.000920014 0.556986 -0.00146079
0.0238738 0.539385 -0.0014121
0.0575693 0.516202 -0.00136943
0.0988716 0.488326 -0.0013344
0.146194 0.456829 -0.00130837
0.197717 0.422922 -0.00129234
0.251461 0.387906 -0.00128693
0.305361 0.353129 -0.00129233
0.357346 0.319926 -0.00130835
0.405417 0.289573 -0.00133437
0.447728 0.263237 -0.00136938
0.482653 0.241929 -0.00141205
0.508849 0.22647 -0.00146074
0.52531 0.217451 -0.00151356
0.531404 0.215221 -0.0015685
0.526895 0.219865 -0.00162344
0.511958 0.231204 -0.00167627
0.487166 0.248803 -0.00172496
0.453473 0.271986 -0.00176763
0.412172 0.29986 -0.00180266
0.364851 0.331357 -0.00182869
0.313329 0.365264 -0.00184472
0.259585 0.400279 -0.00185014
0.205684 0.435057 -0.00184474
0.153699 0.46826 -0.00182872
0.105627 0.498614 -0.00180271
0.063314 0.524951 -0.00176769
0.0283875 0.54626 -0.00172503
0.00218917 0.561721 -0.00167635
0.114694 0.485049 -0.00167279
0.116997 0.482679 -0.00164478
0.124616 0.476896 -0.00161785
0.137259 0.467921 -0.00159303
0.154441 0.456099 -0.00157127
0.175501 0.441886 -0.00155341
0.199629 0.425826 -0.00154015
0.225899 0.408538 -0.00153197
0.253301 0.390685 -0.00152922
0.280782 0.372954 -0.00153197
0.307286 0.356026 -0.00154014
0.331794 0.340551 -0.00155341
0.353365 0.327125 -0.00157127
0.371169 0.316262 -0.00159302
0.384524 0.308381 -0.00161784
0.392914 0.303785 -0.00164478
0.396018 0.302649 -0.00167279
0.393717 0.305019 -0.0017008
0.386099 0.310802 -0.00172773
0.373457 0.319776 -0.00175256
0.356276 0.331596 -0.00177431
0.335217 0.34581 -0.00179217
0.31109 0.361869 -0.00180544
0.28482 0.379157 -0.00181361
0.257418 0.397009 -0.00181637
0.229937 0.414741 -0.00181362
0.203433 0.431669 -0.00180545
0.178924 0.447144 -0.00179218
0.157353 0.460571 -0.00177433
0.139547 0.471434 -0.00175257
0.126192 0.479316 -0.00172775
0.1178 0.483913 -0.00170082
0.255271 0.393786 -0.00170801
