0.619181 -0.574281 -3.44965e-05
0.679006 -0.509303 -3.4028e-05
0.677621 -0.510333 -4.57146e-05
0.673981 -0.513812 -5.69522e-05
0.668226 -0.519606 -6.73087e-05
0.660577 -0.527493 -7.63864e-05
0.651328 -0.537169 -8.38363e-05
0.640835 -0.548263 -8.93721e-05
0.629501 -0.560349 -9.27812e-05
0.61776 -0.572961 -9.39325e-05
0.606066 -0.585616 -9.27817e-05
0.594866 -0.597827 -8.93731e-05
0.584591 -0.609124 -8.38377e-05
0.575637 -0.619074 -7.63882e-05
0.568346 -0.627294 -6.73109e-05
0.563 -0.633469 -5.69546e-05
0.559804 -0.63736 -4.57172e-05
0.558881 -0.63882 -3.40306e-05
0.560265 -0.63779 -2.2344e-05
0.563905 -0.634312 -1.11063e-05
0.56966 -0.628518 -7.49465e-07
0.577308 -0.620632 8.32852e-06
0.586556 -0.610956 1.57788e-05
0.597049 -0.599862 2.13151e-05
0.608384 -0.587776 2.47246e-05
0.620124 -0.575164 2.58764e-05
0.631819 -0.562509 2.47262e-05
0.643019 -0.550298 2.13181e-05
0.653294 -0.539001 1.57831e-05
0.662248 -0.52905 8.33403e-06
0.669539 -0.52083 -7.42981e-07
0.674886 -0.514655 -1.10991e-05
0.678082 -0.510762 -2.23363e-05
0.736057 -0.44638 -3.26405e-05
0.73334 -0.448401 -5.55646e-05
0.7262 -0.455225 -7.76078e-05
0.714911 -0.466591 -9.7923e-05
0.699907 -0.482062 -0.000115729
0.681765 -0.501043 -0.000130343
0.661182 -0.522804 -0.000141202
0.638949 -0.546511 -0.000147889
0.615919 -0.571251 -0.000150147
0.592979 -0.596074 -0.00014789
0.57101 -0.620026 -0.000141204
0.550856 -0.642187 -0.000130346
0.533291 -0.661705 -0.000115733
0.51899 -0.677829 -9.79272e-05
0.508504 -0.689941 -7.76125e-05
0.502235 -0.697575 -5.55696e-05
0.500423 -0.700437 -3.26456e-05
0.503139 -0.698418 -9.72132e-06
0.510278 -0.691595 1.23222e-05
0.521566 -0.68023 3.26378e-05
0.536569 -0.66476 5.04449e-05
0.554711 -0.64578 6.50592e-05
0.575294 -0.624018 7.5919e-05
0.597527 -0.600312 8.26071e-05
0.620556 -0.575572 8.48664e-05
0.643496 -0.550749 8.26101e-05
0.665466 -0.526796 7.59249e-05
0.685621 -0.504635 6.50677e-05
0.703186 -0.485117 5.04557e-05
0.717487 -0.468992 3.26505e-05
0.727975 -0.456879 1.23363e-05
0.734245 -0.449244 -9.70632e-06
0.736057 -0.446381 -3.26303e-05
0.733342 -0.448399 -5.55546e-05
0.726204 -0.455221 -7.75984e-05
0.714917 -0.466585 -9.79145e-05
0.699915 -0.482054 -0.000115722
0.681774 -0.501033 -0.000130337
0.661192 -0.522794 -0.000141198
0.638959 -0.5465 -0.000147887
0.61593 -0.57124 -0.000150147
0.592989 -0.596064 -0.000147892
0.571019 -0.620016 -0.000141208
0.550864 -0.642178 -0.000130351
0.533298 -0.661697 -0.00011574
0.518996 -0.677823 -9.79357e-05
0.508508 -0.689937 -7.76219e-05
0.502236 -0.697573 -5.55796e-05
0.500423 -0.700437 -3.26558e-05
0.503137 -0.69842 -9.73132e-06
0.510274 -0.691599 1.23127e-05
0.52156 -0.680236 3.26293e-05
0.536562 -0.664768 5.04377e-05
0.554702 -0.645789 6.50535e-05
0.575284 -0.624028 7.59151e-05
0.597517 -0.600323 8.26051e-05
0.620546 -0.575583 8.48664e-05
0.643486 -0.55076 8.26121e-05
0.665456 -0.526807 7.59288e-05
0.685612 -0.504645 6.50734e-05
0.703179 -0.485125 5.04629e-05
0.717482 -0.468998 3.2659e-05
0.727971 -0.456883 1.23457e-05
0.788142 -0.387933 -3.03872e-05
0.784198 -0.390866 -6.36679e-05
0.773832 -0.400773 -9.56697e-05
0.757443 -0.417274 -0.000125163
0.735661 -0.439734 -0.000151014
0.709322 -0.46729 -0.000172229
0.67944 -0.498883 -0.000187994
0.647162 -0.5333 -0.000197702
0.613729 -0.569217 -0.000200981
0.580425 -0.605255 -0.000197704
0.54853 -0.640028 -0.000187997
0.519271 -0.6722 -0.000172233
0.49377 -0.700536 -0.000151019
0.47301 -0.723945 -0.000125169
0.457786 -0.741529 -9.56765e-05
0.448684 -0.752611 -6.36752e-05
0.446054 -0.756766 -3.03946e-05
0.449997 -0.753835 2.88628e-06
0.460362 -0.743929 3.48885e-05
0.476749 -0.72743 6.43823e-05
0.49853 -0.704971 9.02342e-05
0.524868 -0.677416 0.000111451
0.554749 -0.645823 0.000127217
0.587027 -0.611407 0.000136926
0.62046 -0.57549 0.000140206
0.653764 -0.539452 0.000136931
0.685659 -0.504679 0.000127225
0.714919 -0.472506 0.000111463
0.740421 -0.444169 9.02499e-05
0.761183 -0.420759 6.44007e-05
0.776408 -0.403174 3.4909e-05
0.785511 -0.39209 2.90806e-06
0.788142 -0.387933 -3.03724e-05
0.784201 -0.390863 -6.36534e-05
0.773838 -0.400767 -9.5656e-05
0.757451 -0.417265 -0.00012515
0.735671 -0.439723 -0.000151003
0.709335 -0.467277 -0.000172221
0.679454 -0.498869 -0.000187988
0.647177 -0.533284 -0.000197699
0.613744 -0.569201 -0.000200981
0.580439 -0.605239 -0.000197707
0.548544 -0.640013 -0.000188003
0.519283 -0.672187 -0.000172242
0.493781 -0.700524 -0.000151029
0.473018 -0.723936 -0.000125181
0.457791 -0.741522 -9.56902e-05
0.448686 -0.752608 -6.36897e-05
0.446054 -0.756766 -3.04094e-05
0.449994 -0.753838 2.87176e-06
0.460356 -0.743935 3.48748e-05
0.476741 -0.727438 6.437e-05
0.498519 -0.704982 9.02237e-05
0.524855 -0.677429 0.000111443
0.554735 -0.645838 0.000127211
0.587012 -0.611423 0.000136924
0.620445 -0.575506 0.000140206
0.653749 -0.539468 0.000136934
0.685645 -0.504694 0.000127231
0.714907 -0.472519 0.000111471
0.74041 -0.444181 9.02604e-05
0.761175 -0.420768 6.4413e-05
0.776402 -0.40318 3.49227e-05
0.785508 -0.392093 2.92257e-06
0.788143 -0.387933 -3.03576e-05
0.784204 -0.39086 -6.36389e-05
0.773844 -0.400761 -9.56423e-05
0.75746 -0.417256 -0.000125138
0.735682 -0.439711 -0.000150993
0.709347 -0.467264 -0.000172213
0.679468 -0.498854 -0.000187983
0.647191 -0.533269 -0.000197697
0.613758 -0.569185 -0.000200981
0.580454 -0.605223 -0.00019771
0.548558 -0.639998 -0.000188008
0.519295 -0.672173 -0.00017225
0.493791 -0.700513 -0.00015104
0.473026 -0.723927 -0.000125194
0.457796 -0.741516 -9.57039e-05
0.448689 -0.752604 -6.37042e-05
0.446053 -0.756766 -3.04242e-05
0.449991 -0.75384 2.85724e-06
0.46035 -0.743941 3.48611e-05
0.476732 -0.727447 6.43576e-05
0.498509 -0.704993 9.02133e-05
0.524843 -0.677442 0.000111434
0.554722 -0.645853 0.000127206
0.586998 -0.611438 0.000136921
0.62043 -0.575522 0.000140206
0.653735 -0.539484 0.000136937
0.685632 -0.504709 0.000127237
0.833259 -0.336206 -2.73548e-05
0.828239 -0.339939 -6.97131e-05
0.815045 -0.352548 -0.000110444
0.794186 -0.37355 -0.000147981
0.766463 -0.402136 -0.000180884
0.732941 -0.437208 -0.000207886
0.694908 -0.477419 -0.000227951
0.653825 -0.521223 -0.000240307
0.611273 -0.566937 -0.00024448
0.568885 -0.612804 -0.000240309
0.528291 -0.657062 -0.000227954
0.49105 -0.69801 -0.000207891
0.458595 -0.734074 -0.00018089
0.432171 -0.763868 -0.000147989
0.412795 -0.786248 -0.000110452
0.40121 -0.800354 -6.97224e-05
0.397863 -0.805642 -2.73642e-05
0.402881 -0.801911 1.49944e-05
0.416073 -0.789304 5.57255e-05
0.436931 -0.768304 9.3264e-05
0.464653 -0.739719 0.000126167
0.498174 -0.704648 0.000153171
0.536206 -0.664438 0.000173237
0.577288 -0.620635 0.000185595
0.61984 -0.574921 0.00018977
0.662228 -0.529054 0.000185601
0.702823 -0.484795 0.000173248
0.740064 -0.443847 0.000153187
0.772521 -0.407781 0.000126187
0.798946 -0.377985 9.32875e-05
0.818324 -0.355604 5.57516e-05
0.82991 -0.341497 1.50221e-05
0.833259 -0.336206 -2.73359e-05
0.828243 -0.339935 -6.96947e-05
0.815053 -0.352541 -0.000110426
0.794197 -0.373539 -0.000147966
0.766476 -0.402122 -0.00018087
0.732956 -0.437191 -0.000207875
0.694925 -0.4774 -0.000227943
0.653844 -0.521203 -0.000240303
0.611292 -0.566917 -0.00024448
0.568903 -0.612784 -0.000240312
0.528308 -0.657043 -0.000227961
0.491066 -0.697993 -0.000207902
0.458608 -0.734059 -0.000180904
0.432181 -0.763857 -0.000148005
0.412801 -0.78624 -0.00011047
0.401213 -0.800349 -6.97409e-05
0.397863 -0.805642 -2.7383e-05
0.402877 -0.801915 1.49759e-05
0.416065 -0.789311 5.57081e-05
0.43692 -0.768315 9.32483e-05
0.464639 -0.739734 0.000126154
0.498158 -0.704665 0.000153161
0.536188 -0.664457 0.00017323
0.577269 -0.620655 0.000185592
0.619821 -0.574941 0.00018977
0.66221 -0.529074 0.000185605
0.702805 -0.484814 0.000173255
0.740049 -0.443864 0.000153197
0.772508 -0.407796 0.000126201
0.798936 -0.377997 9.33032e-05
0.818317 -0.355612 5.5769e-05
0.829907 -0.341501 1.50406e-05
0.83326 -0.336206 -2.73171e-05
0.828247 -0.339932 -6.96762e-05
0.81506 -0.352533 -0.000110409
0.794208 -0.373528 -0.00014795
0.76649 -0.402107 -0.000180857
0.732972 -0.437175 -0.000207865
0.694943 -0.477382 -0.000227936
0.653863 -0.521183 -0.000240299
0.611311 -0.566896 -0.00024448
0.568922 -0.612764 -0.000240316
0.528325 -0.657024 -0.000227969
0.491081 -0.697976 -0.000207912
0.458621 -0.734045 -0.000180917
0.432191 -0.763845 -0.000148021
0.412808 -0.786232 -0.000110487
0.401217 -0.800345 -6.97593e-05
0.397862 -0.805642 -2.74019e-05
0.402873 -0.801918 1.49574e-05
0.416058 -0.789318 5.56907e-05
0.436909 -0.768326 9.32327e-05
0.464625 -0.739748 0.000126141
0.498142 -0.704682 0.00015315
0.536171 -0.664476 0.000173223
0.57725 -0.620675 0.000185588
0.619802 -0.574962 0.00018977
0.662191 -0.529094 0.000185608
0.702788 -0.484833 0.000173263
0.740033 -0.443881 0.000153208
0.772495 -0.407811 0.000126214
0.798926 -0.378009 9.33188e-05
0.81831 -0.35562 5.57864e-05
0.829904 -0.341505 1.5059e-05
0.83326 -0.336207 -2.72982e-05
0.828251 -0.339928 -6.96577e-05
0.815068 -0.352526 -0.000110392
0.794219 -0.373517 -0.000147934
0.766504 -0.402093 -0.000180844
0.732988 -0.437158 -0.000207854
0.69496 -0.477363 -0.000227929
0.653881 -0.521163 -0.000240296
0.611329 -0.566876 -0.00024448
0.56894 -0.612744 -0.00024032
0.528343 -0.657005 -0.000227976
0.491097 -0.697959 -0.000207922
0.458634 -0.73403 -0.00018093
0.432201 -0.763834 -0.000148036
0.412815 -0.786224 -0.000110505
0.40122 -0.800341 -6.97778e-05
0.397862 -0.805641 -2.74207e-05
0.402869 -0.801922 1.49389e-05
0.41605 -0.789326 5.56733e-05
0.436898 -0.768337 9.3217e-05
0.869674 -0.293187 -2.36598e-05
0.863771 -0.297577 -7.3468e-05
0.848257 -0.312404 -0.000121362
0.82373 -0.337099 -0.000165502
0.79113 -0.370713 -0.000204191
0.751712 -0.411953 -0.000235942
0.70699 -0.459237 -0.000259536
0.658682 -0.510745 -0.000274065
0.608646 -0.564499 -0.000278972
0.558803 -0.618433 -0.000274067
0.511069 -0.670475 -0.00025954
0.467279 -0.718625 -0.000235948
0.429115 -0.761031 -0.000204199
0.398044 -0.796066 -0.000165511
0.37526 -0.822382 -0.000121372
0.361638 -0.838968 -7.34789e-05
0.357702 -0.845187 -2.36708e-05
0.363603 -0.8408 2.61376e-05
0.379115 -0.825975 7.40325e-05
0.403641 -0.801282 0.000118173
0.436238 -0.76767 0.000156863
0.475655 -0.72643 0.000188617
0.520376 -0.679148 0.000212212
0.568683 -0.627641 0.000226744
0.61872 -0.573887 0.000231652
0.668563 -0.519953 0.00022675
0.716297 -0.46791 0.000212225
0.760088 -0.41976 0.000188635
0.798254 -0.377351 0.000156887
0.829327 -0.342315 0.000118201
0.852113 -0.315997 7.40632e-05
0.865737 -0.299408 2.61702e-05
0.869675 -0.293187 -2.36376e-05
0.863776 -0.297572 -7.34463e-05
0.848266 -0.312395 -0.000121342
0.823742 -0.337086 -0.000165483
0.791146 -0.370696 -0.000204175
0.751731 -0.411934 -0.00023593
0.707011 -0.459215 -0.000259527
0.658704 -0.510721 -0.000274061
0.608668 -0.564475 -0.000278972
0.558824 -0.61841 -0.000274072
0.511089 -0.670453 -0.000259549
0.467297 -0.718604 -0.000235961
0.42913 -0.761014 -0.000204214
0.398056 -0.796052 -0.00016553
0.375268 -0.822372 -0.000121393
0.361642 -0.838963 -7.35006e-05
0.357701 -0.845187 -2.3693e-05
0.363598 -0.840804 2.61159e-05
0.379106 -0.825983 7.4012e-05
0.403628 -0.801295 0.000118155
0.436222 -0.767686 0.000156848
0.475636 -0.72645 0.000188604
0.520355 -0.67917 0.000212204
0.568661 -0.627664 0.000226739
0.618697 -0.573911 0.000231652
0.668541 -0.519976 0.000226754
0.716277 -0.467932 0.000212233
0.76007 -0.41978 0.000188647
0.798238 -0.377368 0.000156903
0.829315 -0.342328 0.000118219
0.852105 -0.316006 7.40837e-05
0.865733 -0.299414 2.6192e-05
0.869675 -0.293188 -2.36155e-05
0.863781 -0.297568 -7.34246e-05
0.848275 -0.312386 -0.000121321
0.823755 -0.337073 -0.000165465
0.791162 -0.370679 -0.000204159
0.75175 -0.411914 -0.000235918
0.707031 -0.459193 -0.000259519
0.658726 -0.510698 -0.000274057
0.60869 -0.564451 -0.000278972
0.558846 -0.618386 -0.000274076
0.51111 -0.670431 -0.000259557
0.467315 -0.718584 -0.000235973
0.429146 -0.760997 -0.00020423
0.398068 -0.796039 -0.000165548
0.375276 -0.822363 -0.000121413
0.361646 -0.838958 -7.35224e-05
0.357701 -0.845186 -2.37152e-05
0.363594 -0.840808 2.60942e-05
0.379097 -0.825992 7.39915e-05
0.403615 -0.801308 0.000118136
0.436206 -0.767703 0.000156832
0.475618 -0.72647 0.000188592
0.520335 -0.679192 0.000212195
0.568639 -0.627688 0.000226735
0.618675 -0.573935 0.000231652
0.668519 -0.52 0.000226759
0.716256 -0.467955 0.000212242
0.760052 -0.4198 0.00018866
0.798223 -0.377386 0.000156918
0.829303 -0.342342 0.000118238
0.852097 -0.316016 7.41041e-05
0.865729 -0.299419 2.62137e-05
0.869676 -0.293188 -2.35933e-05
0.863785 -0.297564 -7.34028e-05
0.848284 -0.312377 -0.000121301
0.823768 -0.33706 -0.000165447
0.791178 -0.370663 -0.000204144
0.751768 -0.411894 -0.000235905
0.707052 -0.459171 -0.00025951
0.658748 -0.510675 -0.000274052
0.608712 -0.564427 -0.000278972
0.558868 -0.618363 -0.00027408
0.51113 -0.670408 -0.000259566
0.467334 -0.718564 -0.000235985
0.429161 -0.76098 -0.000204246
0.39808 -0.796025 -0.000165566
0.375284 -0.822353 -0.000121434
0.361649 -0.838953 -7.35441e-05
0.357701 -0.845186 -2.37373e-05
0.363589 -0.840812 2.60724e-05
0.379088 -0.826001 7.39711e-05
0.403602 -0.801321 0.000118118
0.43619 -0.76772 0.000156816
0.475599 -0.726489 0.00018858
0.520314 -0.679214 0.000212187
0.568618 -0.627711 0.000226731
0.618653 -0.573959 0.000231652
0.668498 -0.520023 0.000226763
0.716236 -0.467977 0.00021225
0.760034 -0.41982 0.000188672
0.798208 -0.377403 0.000156934
0.829291 -0.342356 0.000118256
0.852089 -0.316025 7.41246e-05
0.865725 -0.299424 2.62354e-05
0.869676 -0.293188 -2.35711e-05
0.86379 -0.297559 -7.33811e-05
0.848293 -0.312369 -0.00012128
0.82378 -0.337047 -0.000165428
0.791194 -0.370646 -0.000204128
0.751787 -0.411875 -0.000235893
0.707073 -0.459149 -0.000259502
0.65877 -0.510651 -0.000274048
0.895989 -0.26053 -1.94442e-05
0.889429 -0.265407 -7.47883e-05
0.872191 -0.281882 -0.000128006
0.844937 -0.309322 -0.000177051
0.808715 -0.346672 -0.00022004
0.764916 -0.392496 -0.00025532
0.715223 -0.445035 -0.000281536
0.661546 -0.502268 -0.000297681
0.605948 -0.561996 -0.000303133
0.550566 -0.621925 -0.000297683
0.497527 -0.679751 -0.000281541
0.44887 -0.733252 -0.000255327
0.406464 -0.780372 -0.000220049
0.37194 -0.8193 -0.000177061
0.346623 -0.848541 -0.000128017
0.331487 -0.866971 -7.48003e-05
0.327114 -0.873881 -1.94565e-05
0.333671 -0.869006 3.58879e-05
0.350907 -0.852533 8.91059e-05
0.378158 -0.825096 0.000138153
0.414379 -0.787748 0.000181143
0.458177 -0.741925 0.000216425
0.507868 -0.689388 0.000242643
0.561544 -0.632156 0.00025879
0.617142 -0.572428 0.000264244
0.672525 -0.512499 0.000258797
0.725565 -0.454672 0.000242657
0.774223 -0.40117 0.000216446
0.81663 -0.354048 0.000181169
0.851157 -0.315118 0.000138183
0.876475 -0.285875 8.914e-05
0.891613 -0.267443 3.59241e-05
0.895989 -0.26053 -1.94195e-05
0.889435 -0.265402 -7.47641e-05
0.872201 -0.281873 -0.000127983
0.844952 -0.309308 -0.000177031
0.808733 -0.346653 -0.000220023
0.764937 -0.392474 -0.000255307
0.715246 -0.44501 -0.000281527
0.661571 -0.502242 -0.000297676
0.605973 -0.56197 -0.000303133
0.55059 -0.621899 -0.000297688
0.49755 -0.679726 -0.00028155
0.44889 -0.733229 -0.000255341
0.406481 -0.780353 -0.000220066
0.371953 -0.819285 -0.000177082
0.346632 -0.84853 -0.00012804
0.331492 -0.866965 -7.48245e-05
0.327113 -0.87388 -1.94811e-05
0.333666 -0.86901 3.58637e-05
0.350897 -0.852543 8.90832e-05
0.378144 -0.82511 0.000138132
0.414361 -0.787766 0.000181126
0.458156 -0.741947 0.000216411
0.507845 -0.689413 0.000242634
0.56152 -0.632182 0.000258785
0.617117 -0.572454 0.000264244
0.672501 -0.512525 0.000258802
0.725542 -0.454697 0.000242667
0.774203 -0.401192 0.000216459
0.816613 -0.354067 0.000181186
0.851143 -0.315133 0.000138204
0.876466 -0.285885 8.91628e-05
0.891609 -0.267448 3.59482e-05
0.89599 -0.26053 -1.93949e-05
0.88944 -0.265398 -7.474e-05
0.872211 -0.281863 -0.00012796
0.844966 -0.309293 -0.00017701
0.808751 -0.346635 -0.000220005
0.764957 -0.392453 -0.000255293
0.715269 -0.444986 -0.000281517
0.661595 -0.502216 -0.000297671
0.605998 -0.561943 -0.000303133
0.550614 -0.621872 -0.000297693
0.497572 -0.679701 -0.00028156
0.44891 -0.733207 -0.000255355
0.406498 -0.780334 -0.000220083
0.371966 -0.81927 -0.000177102
0.346641 -0.84852 -0.000128062
0.331496 -0.866959 -7.48486e-05
0.327113 -0.87388 -1.95057e-05
0.333661 -0.869015 3.58396e-05
0.350887 -0.852552 8.90604e-05
0.37813 -0.825124 0.000138112
0.414344 -0.787785 0.000181108
0.458135 -0.741969 0.000216398
0.507822 -0.689437 0.000242624
0.561496 -0.632208 0.00025878
0.617093 -0.572481 0.000264244
0.672477 -0.512551 0.000258807
0.72552 -0.454722 0.000242676
0.774183 -0.401215 0.000216473
0.816596 -0.354086 0.000181204
0.85113 -0.315148 0.000138224
0.876457 -0.285896 8.91855e-05
0.891605 -0.267454 3.59724e-05
0.89599 -0.260531 -1.93703e-05
0.889445 -0.265393 -7.47158e-05
0.872221 -0.281853 -0.000127937
0.84498 -0.309279 -0.00017699
0.808768 -0.346616 -0.000219988
0.764978 -0.392431 -0.000255279
0.715292 -0.444961 -0.000281508
0.661619 -0.50219 -0.000297666
0.606023 -0.561916 -0.000303133
0.550638 -0.621846 -0.000297697
0.497595 -0.679676 -0.000281569
0.44893 -0.733185 -0.000255368
0.406515 -0.780314 -0.000220101
0.37198 -0.819255 -0.000177123
0.34665 -0.848509 -0.000128085
0.3315 -0.866954 -7.48728e-05
0.327113 -0.873879 -1.95303e-05
0.333655 -0.86902 3.58154e-05
0.350877 -0.852562 8.90377e-05
0.378116 -0.825139 0.000138091
0.414326 -0.787803 0.000181091
0.458114 -0.741991 0.000216384
0.507799 -0.689461 0.000242615
0.561472 -0.632234 0.000258775
0.617068 -0.572507 0.000264244
0.672453 -0.512577 0.000258811
0.725497 -0.454746 0.000242686
0.774162 -0.401237 0.000216487
0.816579 -0.354106 0.000181221
0.851117 -0.315163 0.000138245
0.876448 -0.285907 8.92082e-05
0.8916 -0.26746 3.59965e-05
0.895991 -0.260531 -1.93457e-05
0.88945 -0.265388 -7.46917e-05
0.872231 -0.281843 -0.000127915
0.844994 -0.309264 -0.000176969
0.808786 -0.346598 -0.00021997
0.764999 -0.392409 -0.000255266
0.715315 -0.444937 -0.000281499
0.661644 -0.502164 -0.000297661
0.606047 -0.56189 -0.000303133
0.550662 -0.62182 -0.000297702
0.497617 -0.679652 -0.000281579
0.448951 -0.733162 -0.000255382
0.406533 -0.780295 -0.000220118
0.371993 -0.81924 -0.000177143
0.346659 -0.848499 -0.000128108
0.331505 -0.866948 -7.48969e-05
0.327112 -0.873879 -1.95549e-05
0.33365 -0.869025 3.57913e-05
0.350867 -0.852572 8.90149e-05
0.378102 -0.825153 0.000138071
0.414308 -0.787822 0.000181073
0.458094 -0.742013 0.00021637
0.507777 -0.689486 0.000242606
0.911191 -0.239489 -1.48699e-05
0.904227 -0.244667 -7.36231e-05
0.885928 -0.262157 -0.000130118
0.856995 -0.291287 -0.000182185
0.818541 -0.330937 -0.000227822
0.772044 -0.379584 -0.000265275
0.71929 -0.435359 -0.000293106
0.662307 -0.496117 -0.000310245
0.603285 -0.559525 -0.000316033
0.544491 -0.623145 -0.000310248
0.488185 -0.684533 -0.000293111
0.43653 -0.741329 -0.000265283
0.391513 -0.791352 -0.000227831
0.354862 -0.832678 -0.000182196
0.327986 -0.86372 -0.000130131
0.311918 -0.883285 -7.36359e-05
0.307275 -0.890621 -1.4883e-05
0.314236 -0.885445 4.38704e-05
0.332533 -0.867958 0.000100367
0.361464 -0.838831 0.000152434
0.399915 -0.799182 0.000198073
0.446411 -0.750537 0.000235528
0.499163 -0.694764 0.000263361
0.556146 -0.634006 0.000280503
0.615168 -0.570599 0.000286293
0.673962 -0.506979 0.00028051
0.730269 -0.44559 0.000263376
0.781925 -0.388792 0.00023555
0.826944 -0.338768 0.000198101
0.863597 -0.297439 0.000152467
0.890476 -0.266395 0.000100403
0.906546 -0.246828 4.39089e-05
0.911191 -0.239489 -1.48438e-05
0.904233 -0.244662 -7.35975e-05
0.885938 -0.262146 -0.000130094
0.85701 -0.291271 -0.000182163
0.81856 -0.330917 -0.000227803
0.772066 -0.379561 -0.000265261
0.719315 -0.435333 -0.000293096
0.662333 -0.49609 -0.00031024
0.603311 -0.559497 -0.000316033
0.544516 -0.623117 -0.000310253
0.488209 -0.684507 -0.000293121
0.436552 -0.741306 -0.000265297
0.391531 -0.791332 -0.00022785
0.354876 -0.832662 -0.000182218
0.327995 -0.863709 -0.000130155
0.311922 -0.883279 -7.36616e-05
0.307274 -0.89062 -1.49091e-05
0.31423 -0.88545 4.38448e-05
0.332523 -0.867968 0.000100342
0.361449 -0.838846 0.000152413
0.399896 -0.799202 0.000198054
0.446389 -0.75056 0.000235514
0.499139 -0.69479 0.000263351
0.55612 -0.634034 0.000280497
0.615142 -0.570627 0.000286293
0.673937 -0.507006 0.000280515
0.730245 -0.445616 0.000263386
0.781903 -0.388816 0.000235565
0.826926 -0.338788 0.000198119
0.863583 -0.297456 0.000152489
0.890466 -0.266406 0.000100427
0.906541 -0.246834 4.39345e-05
0.911192 -0.23949 -1.48177e-05
0.904239 -0.244657 -7.35718e-05
0.885949 -0.262136 -0.00013007
0.857025 -0.291256 -0.000182142
0.818579 -0.330898 -0.000227785
0.772088 -0.379538 -0.000265246
0.719339 -0.435307 -0.000293086
0.662359 -0.496062 -0.000310235
0.603337 -0.559468 -0.000316033
0.544542 -0.623089 -0.000310258
0.488233 -0.68448 -0.000293131
0.436573 -0.741282 -0.000265312
0.391549 -0.791311 -0.000227868
0.35489 -0.832646 -0.000182239
0.328005 -0.863698 -0.000130179
0.311927 -0.883273 -7.36872e-05
0.307274 -0.89062 -1.49353e-05
0.314225 -0.885456 4.38191e-05
0.332512 -0.867979 0.000100318
0.361434 -0.838861 0.000152391
0.399878 -0.799222 0.000198036
0.446367 -0.750583 0.000235499
0.499115 -0.694816 0.000263341
0.556094 -0.634061 0.000280492
0.615116 -0.570655 0.000286293
0.673911 -0.507034 0.00028052
0.730221 -0.445643 0.000263396
0.781882 -0.38884 0.000235579
0.826908 -0.338809 0.000198138
0.863569 -0.297472 0.00015251
0.890456 -0.266418 0.000100451
0.906537 -0.24684 4.39601e-05
0.911192 -0.23949 -1.47915e-05
0.904244 -0.244652 -7.35462e-05
0.885959 -0.262126 -0.000130046
0.85704 -0.291241 -0.00018212
0.818598 -0.330878 -0.000227767
0.77211 -0.379515 -0.000265232
0.719364 -0.435281 -0.000293076
0.662385 -0.496034 -0.00031023
0.603363 -0.55944 -0.000316033
0.544568 -0.623062 -0.000310263
0.488257 -0.684454 -0.000293141
0.436595 -0.741258 -0.000265326
0.391567 -0.791291 -0.000227887
0.354904 -0.83263 -0.000182261
0.328014 -0.863686 -0.000130203
0.311931 -0.883267 -7.37128e-05
0.307273 -0.890619 -1.49614e-05
0.314219 -0.885461 4.37935e-05
0.332502 -0.867989 0.000100294
0.361419 -0.838876 0.000152369
0.399859 -0.799241 0.000198017
0.446345 -0.750607 0.000235485
0.49909 -0.694842 0.000263331
0.556068 -0.634089 0.000280487
0.615089 -0.570684 0.000286293
0.673886 -0.507062 0.000280525
0.730197 -0.445669 0.000263406
0.78186 -0.388863 0.000235594
0.82689 -0.338829 0.000198156
0.863555 -0.297488 0.000152532
0.890447 -0.266429 0.000100475
0.906532 -0.246846 4.39857e-05
0.911193 -0.239491 -1.47654e-05
0.90425 -0.244647 -7.35206e-05
0.88597 -0.262115 -0.000130022
0.857055 -0.291226 -0.000182098
0.818617 -0.330859 -0.000227748
0.772132 -0.379491 -0.000265217
0.719388 -0.435255 -0.000293066
0.662411 -0.496007 -0.000310225
0.60339 -0.559412 -0.000316033
0.544593 -0.623034 -0.000310268
0.488281 -0.684428 -0.000293151
0.436616 -0.741234 -0.000265341
0.391585 -0.791271 -0.000227905
0.354918 -0.832614 -0.000182283
0.328024 -0.863675 -0.000130227
0.311936 -0.883261 -7.37384e-05
0.307273 -0.890619 -1.49875e-05
0.314213 -0.885466 4.37679e-05
0.332491 -0.868 0.00010027
0.361404 -0.838892 0.000152347
0.39984 -0.799261 0.000197999
0.446323 -0.75063 0.00023547
0.499066 -0.694868 0.000263321
0.556042 -0.634117 0.000280482
0.615063 -0.570712 0.000286293
0.67386 -0.50709 0.000280531
0.730173 -0.445695 0.000263416
0.781839 -0.388887 0.000235608
0.826871 -0.338849 0.000198174
0.863541 -0.297504 0.000152554
0.890437 -0.26644 0.000100499
0.906528 -0.246852 4.40114e-05
0.914697 -0.230873 -1.01129e-05
0.907597 -0.236152 -7.00173e-05
0.888938 -0.253985 -0.00012762
0.859439 -0.283686 -0.000180707
0.820231 -0.324113 -0.000227238
0.772823 -0.373714 -0.000265425
0.719036 -0.430581 -0.000293801
0.660936 -0.49253 -0.000311276
0.600757 -0.55718 -0.000317177
0.540811 -0.622047 -0.000311278
0.483402 -0.684638 -0.000293806
0.430735 -0.742547 -0.000265433
0.384835 -0.79355 -0.000227247
0.347466 -0.835686 -0.000180718
0.320063 -0.867336 -0.000127632
0.303681 -0.887284 -7.00304e-05
0.298947 -0.894764 -1.01262e-05
0.306044 -0.889487 4.97785e-05
0.3247 -0.871657 0.000107382
0.354197 -0.841959 0.00016047
0.393403 -0.801534 0.000207002
0.440809 -0.751935 0.000245192
0.494595 -0.695069 0.00027357
0.552694 -0.633121 0.000291047
0.612873 -0.568471 0.000296951
0.67282 -0.503604 0.000291055
0.73023 -0.441013 0.000273586
0.782898 -0.383102 0.000245214
0.828799 -0.332097 0.000207031
0.86617 -0.289959 0.000160503
0.893575 -0.258307 0.000107419
0.909961 -0.238356 4.98177e-05
0.914697 -0.230873 -1.00863e-05
0.907602 -0.236147 -6.99912e-05
0.888949 -0.253975 -0.000127595
0.859454 -0.28367 -0.000180684
0.820251 -0.324093 -0.000227219
0.772846 -0.37369 -0.00026541
0.719061 -0.430555 -0.000293791
0.660963 -0.492502 -0.000311271
0.600784 -0.557151 -0.000317177
0.540837 -0.622019 -0.000311284
0.483426 -0.684611 -0.000293817
0.430757 -0.742523 -0.000265447
0.384854 -0.793529 -0.000227266
0.347481 -0.83567 -0.00018074
0.320073 -0.867325 -0.000127657
0.303685 -0.887278 -7.00565e-05
0.298946 -0.894763 -1.01529e-05
0.306039 -0.889492 4.97523e-05
0.324689 -0.871668 0.000107357
0.354182 -0.841975 0.000160448
0.393383 -0.801554 0.000206984
0.440787 -0.751959 0.000245177
0.49457 -0.695096 0.00027356
0.552668 -0.633149 0.000291042
0.612846 -0.5685 0.000296951
0.672793 -0.503633 0.00029106
0.730205 -0.44104 0.000273596
0.782876 -0.383126 0.000245229
0.828781 -0.332118 0.00020705
0.866156 -0.289976 0.000160525
0.893566 -0.258318 0.000107443
0.909956 -0.238362 4.98438e-05
0.914698 -0.230874 -1.00596e-05
0.907608 -0.236142 -6.99651e-05
0.88896 -0.253964 -0.000127571
0.859469 -0.283655 -0.000180662
0.82027 -0.324073 -0.0002272
0.772868 -0.373666 -0.000265396
0.719086 -0.430528 -0.000293781
0.660989 -0.492474 -0.000311265
0.600811 -0.557123 -0.000317177
0.540863 -0.62199 -0.000311289
0.483451 -0.684584 -0.000293827
0.430779 -0.742499 -0.000265462
0.384872 -0.793509 -0.000227285
0.347495 -0.835653 -0.000180762
0.320083 -0.867313 -0.000127681
0.30369 -0.887272 -7.00827e-05
0.298946 -0.894763 -1.01795e-05
0.306033 -0.889497 4.97262e-05
0.324679 -0.871678 0.000107332
0.354167 -0.84199 0.000160425
0.393364 -0.801574 0.000206965
0.440764 -0.751983 0.000245162
0.494546 -0.695122 0.00027355
0.552642 -0.633177 0.000291037
0.61282 -0.568529 0.000296951
0.672767 -0.503661 0.000291066
0.730181 -0.441066 0.000273606
0.782854 -0.38315 0.000245244
0.828762 -0.332139 0.000207068
0.866142 -0.289992 0.000160547
0.893556 -0.258329 0.000107468
0.909951 -0.238368 4.98699e-05
0.914698 -0.230874 -1.0033e-05
0.907614 -0.236137 -6.99389e-05
0.88897 -0.253954 -0.000127546
0.859485 -0.283639 -0.00018064
0.820289 -0.324053 -0.000227181
0.772891 -0.373643 -0.000265381
0.71911 -0.430502 -0.000293771
0.661015 -0.492446 -0.00031126
0.600837 -0.557094 -0.000317177
0.540889 -0.621962 -0.000311294
0.483475 -0.684557 -0.000293837
0.430801 -0.742475 -0.000265477
0.384891 -0.793488 -0.000227304
0.347509 -0.835637 -0.000180784
0.320093 -0.867302 -0.000127706
0.303695 -0.887266 -7.01088e-05
0.298945 -0.894762 -1.02062e-05
0.306027 -0.889503 4.97001e-05
0.324668 -0.871689 0.000107308
0.354152 -0.842006 0.000160403
0.393345 -0.801594 0.000206946
0.440742 -0.752006 0.000245148
0.494521 -0.695149 0.00027354
0.552615 -0.633206 0.000291032
0.612793 -0.568558 0.000296951
0.672741 -0.503689 0.000291071
0.730156 -0.441093 0.000273616
0.782832 -0.383175 0.000245259
0.828743 -0.33216 0.000207087
0.866127 -0.290008 0.000160569
0.893546 -0.258341 0.000107492
0.909947 -0.238374 4.98961e-05
0.914699 -0.230875 -1.00063e-05
0.907619 -0.236132 -6.99128e-05
0.888981 -0.253943 -0.000127521
0.8595 -0.283624 -0.000180618
0.820308 -0.324033 -0.000227162
0.772913 -0.373619 -0.000265366
0.719135 -0.430475 -0.000293761
0.661041 -0.492417 -0.000311255
0.600864 -0.557065 -0.000317177
0.540915 -0.621934 -0.000311299
0.4835 -0.684531 -0.000293847
0.430823 -0.74245 -0.000265492
0.384909 -0.793467 -0.000227322
0.347524 -0.83562 -0.000180806
0.320102 -0.86729 -0.000127731
0.303699 -0.88726 -7.01349e-05
0.298945 -0.894762 -1.02328e-05
0.306021 -0.889508 4.96739e-05
0.324657 -0.871699 0.000107283
0.354136 -0.842021 0.000160381
0.393326 -0.801614 0.000206927
0.440719 -0.75203 0.000245133
0.494496 -0.695175 0.00027353
0.552589 -0.633234 0.000291027
0.612766 -0.568586 0.000296951
0.672715 -0.503718 0.000291076
0.730132 -0.44112 0.000273626
0.78281 -0.383199 0.000245273
0.828725 -0.33218 0.000207106
0.866113 -0.290025 0.000160592
0.893536 -0.258352 0.000107517
0.909942 -0.23838 4.99222e-05
0.914699 -0.230875 -9.97967e-06
0.907625 -0.236127 -6.98867e-05
0.888992 -0.253932 -0.000127497
0.906371 -0.235013 -5.35584e-06
0.899408 -0.240191 -6.41095e-05
0.881108 -0.257682 -0.000120605
0.852175 -0.286812 -0.000172672
0.813721 -0.326462 -0.00021831
0.767223 -0.37511 -0.000255764
0.714469 -0.430885 -0.000283595
0.657486 -0.491644 -0.000300733
0.598462 -0.555052 -0.000306521
0.539668 -0.618673 -0.000300736
0.483361 -0.680061 -0.0002836
0.431707 -0.736858 -0.000255771
0.386689 -0.786881 -0.000218319
0.350037 -0.828208 -0.000172683
0.323161 -0.85925 -0.000120617
0.307093 -0.878815 -6.41223e-05
0.30245 -0.886151 -5.36891e-06
0.309411 -0.880976 5.3385e-05
0.327708 -0.863488 0.000109882
0.356639 -0.83436 0.00016195
0.395091 -0.794712 0.000207589
0.441587 -0.746066 0.000245045
0.49434 -0.690292 0.000272878
0.551323 -0.629534 0.000290019
0.610346 -0.566126 0.00029581
0.669141 -0.502505 0.000290027
0.725448 -0.441116 0.000272893
0.777104 -0.384318 0.000245066
0.822124 -0.334293 0.000207616
0.858777 -0.292965 0.000161982
0.885656 -0.26192 0.000109918
0.901726 -0.242352 5.34235e-05
0.906372 -0.235014 -5.32971e-06
0.899413 -0.240186 -6.40839e-05
0.881118 -0.257671 -0.000120581
0.85219 -0.286796 -0.000172651
0.81374 -0.326443 -0.000218291
0.767245 -0.375087 -0.000255749
0.714493 -0.430859 -0.000283585
0.657511 -0.491616 -0.000300728
0.598489 -0.555024 -0.000306521
0.539694 -0.618645 -0.000300741
0.483385 -0.680035 -0.00028361
0.431728 -0.736835 -0.000255785
0.386707 -0.786861 -0.000218337
0.350051 -0.828192 -0.000172705
0.32317 -0.859239 -0.000120642
0.307097 -0.878809 -6.4148e-05
0.302449 -0.88615 -5.39504e-06
0.309405 -0.880981 5.33594e-05
0.327698 -0.863498 0.000109857
0.356624 -0.834376 0.000161928
0.395072 -0.794731 0.00020757
0.441565 -0.746089 0.00024503
0.494316 -0.690318 0.000272868
0.551297 -0.629562 0.000290014
0.61032 -0.566155 0.00029581
0.669115 -0.502533 0.000290032
0.725424 -0.441143 0.000272903
0.777082 -0.384342 0.000245081
0.822106 -0.334314 0.000207635
0.858763 -0.292981 0.000162004
0.885646 -0.261931 0.000109942
0.901722 -0.242358 5.34491e-05
0.906372 -0.235014 -5.30358e-06
0.899419 -0.240181 -6.40583e-05
0.881129 -0.257661 -0.000120557
0.852205 -0.286781 -0.000172629
0.813758 -0.326423 -0.000218273
0.767267 -0.375064 -0.000255734
0.714518 -0.430833 -0.000283575
0.657537 -0.491589 -0.000300723
0.598515 -0.554996 -0.000306521
0.539719 -0.618617 -0.000300746
0.483409 -0.680009 -0.00028362
0.43175 -0.736811 -0.0002558
0.386725 -0.786841 -0.000218356
0.350065 -0.828176 -0.000172727
0.32318 -0.859228 -0.000120666
0.307102 -0.878803 -6.41736e-05
0.302449 -0.88615 -5.42118e-06
0.3094 -0.880986 5.33337e-05
0.327687 -0.863509 0.000109833
0.356609 -0.834391 0.000161906
0.395053 -0.794751 0.000207552
0.441543 -0.746112 0.000245016
0.494291 -0.690344 0.000272858
0.551271 -0.629589 0.000290009
0.610293 -0.566183 0.00029581
0.669089 -0.502561 0.000290037
0.7254 -0.441169 0.000272913
0.777061 -0.384366 0.000245095
0.822087 -0.334334 0.000207653
0.858749 -0.292997 0.000162026
0.885636 -0.261942 0.000109966
0.901717 -0.242364 5.34747e-05
0.906373 -0.235015 -5.27744e-06
0.899424 -0.240176 -6.40326e-05
0.881139 -0.25765 -0.000120533
0.85222 -0.286766 -0.000172607
0.813777 -0.326404 -0.000218254
0.767289 -0.37504 -0.00025572
0.714542 -0.430807 -0.000283565
0.657563 -0.491561 -0.000300718
0.598541 -0.554967 -0.000306521
0.539745 -0.61859 -0.000300751
0.483433 -0.679982 -0.00028363
0.431771 -0.736787 -0.000255814
0.386743 -0.78682 -0.000218374
0.35008 -0.82816 -0.000172748
0.32319 -0.859216 -0.00012069
0.307107 -0.878797 -6.41992e-05
0.302448 -0.886149 -5.44731e-06
0.309394 -0.880991 5.33081e-05
0.327677 -0.863519 0.000109809
0.356594 -0.834406 0.000161885
0.395035 -0.794771 0.000207533
0.441521 -0.746136 0.000245001
0.494267 -0.69037 0.000272848
0.551245 -0.629617 0.000290004
0.610267 -0.566211 0.00029581
0.669064 -0.502589 0.000290042
0.725376 -0.441195 0.000272923
0.777039 -0.384389 0.00024511
0.822069 -0.334354 0.000207672
0.858735 -0.293013 0.000162048
0.885627 -0.261954 0.00010999
0.901712 -0.24237 5.35004e-05
0.906373 -0.235015 -5.25131e-06
0.89943 -0.240171 -6.4007e-05
0.88115 -0.25764 -0.000120509
0.852235 -0.286751 -0.000172585
0.813796 -0.326384 -0.000218236
0.767311 -0.375017 -0.000255705
0.714567 -0.430781 -0.000283555
0.657589 -0.491534 -0.000300713
0.598567 -0.554939 -0.000306521
0.53977 -0.618562 -0.000300756
0.483457 -0.679956 -0.00028364
0.431793 -0.736763 -0.000255829
0.386761 -0.7868 -0.000218393
0.350094 -0.828144 -0.00017277
0.323199 -0.859205 -0.000120714
0.307111 -0.878791 -6.42249e-05
0.302448 -0.886149 -5.47345e-06
0.309389 -0.880996 5.32825e-05
0.327666 -0.863529 0.000109785
0.356579 -0.834421 0.000161863
0.395016 -0.79479 0.000207515
0.441499 -0.746159 0.000244986
0.494242 -0.690396 0.000272838
0.55122 -0.629645 0.000289999
0.610241 -0.566239 0.00029581
0.669038 -0.502617 0.000290047
0.725352 -0.441221 0.000272933
0.777018 -0.384413 0.000245124
0.822051 -0.334375 0.00020769
0.858721 -0.293029 0.000162069
0.885617 -0.261965 0.000110014
0.901708 -0.242376 5.3526e-05
0.886535 -0.251751 -7.81569e-07
0.879975 -0.256628 -5.61267e-05
0.862737 -0.273104 -0.000109345
0.835482 -0.300544 -0.000158391
0.799259 -0.337894 -0.000201381
0.755459 -0.38372 -0.000236662
0.705766 -0.436259 -0.000262878
0.652088 -0.493493 -0.000279023
0.596489 -0.553223 -0.000284475
0.541105 -0.613152 -0.000279025
0.488066 -0.670979 -0.000262883
0.439407 -0.724481 -0.000236669
0.397001 -0.771602 -0.00020139
0.362476 -0.810531 -0.000158402
0.337159 -0.839773 -0.000109356
0.322023 -0.858203 -5.61387e-05
0.31765 -0.865113 -7.93878e-07
0.324207 -0.860238 5.45515e-05
0.341443 -0.843765 0.00010777
0.368695 -0.816327 0.000156818
0.404916 -0.778978 0.000199809
0.448715 -0.733155 0.000235092
0.498407 -0.680617 0.000261311
0.552084 -0.623384 0.000277457
0.607683 -0.563654 0.000282912
0.663067 -0.503724 0.000277465
0.716107 -0.445897 0.000261325
0.764767 -0.392394 0.000235113
0.807175 -0.345271 0.000199835
0.841702 -0.30634 0.000156849
0.867021 -0.277096 0.000107805
0.882159 -0.258664 5.45877e-05
0.886535 -0.251751 -7.56951e-07
0.87998 -0.256624 -5.61025e-05
0.862747 -0.273094 -0.000109322
0.835496 -0.30053 -0.000158371
0.799277 -0.337876 -0.000201364
0.75548 -0.383698 -0.000236648
0.705789 -0.436235 -0.000262869
0.652112 -0.493467 -0.000279018
0.596514 -0.553196 -0.000284475
0.54113 -0.613126 -0.00027903
0.488088 -0.670955 -0.000262893
0.439428 -0.724459 -0.000236682
0.397018 -0.771583 -0.000201407
0.362489 -0.810516 -0.000158422
0.337168 -0.839762 -0.000109379
0.322027 -0.858197 -5.61629e-05
0.317649 -0.865112 -8.18496e-07
0.324201 -0.860242 5.45273e-05
0.341433 -0.843774 0.000107748
0.368681 -0.816341 0.000156797
0.404898 -0.778997 0.000199792
0.448694 -0.733177 0.000235078
0.498384 -0.680641 0.000261301
0.55206 -0.62341 0.000277453
0.607658 -0.563681 0.000282912
0.663043 -0.503751 0.000277469
0.716085 -0.445921 0.000261334
0.764746 -0.392416 0.000235126
0.807158 -0.34529 0.000199853
0.841688 -0.306355 0.000156869
0.867012 -0.277107 0.000107827
0.882155 -0.25867 5.46118e-05
0.886535 -0.251752 -7.32333e-07
0.879985 -0.256619 -5.60784e-05
0.862756 -0.273084 -0.000109299
0.835511 -0.300515 -0.00015835
0.799295 -0.337857 -0.000201346
0.755501 -0.383676 -0.000236635
0.705812 -0.43621 -0.00026286
0.652137 -0.493441 -0.000279013
0.596538 -0.553169 -0.000284475
0.541154 -0.6131 -0.000279035
0.488111 -0.67093 -0.000262902
0.439448 -0.724437 -0.000236696
0.397035 -0.771564 -0.000201425
0.362503 -0.810501 -0.000158442
0.337177 -0.839751 -0.000109402
0.322032 -0.858191 -5.6187e-05
0.317649 -0.865112 -8.43114e-07
0.324196 -0.860247 5.45032e-05
0.341423 -0.843784 0.000107725
0.368667 -0.816356 0.000156777
0.404881 -0.779015 0.000199774
0.448673 -0.733199 0.000235065
0.498361 -0.680666 0.000261292
0.552036 -0.623436 0.000277448
0.607634 -0.563708 0.000282912
0.663019 -0.503777 0.000277474
0.716062 -0.445946 0.000261344
0.764726 -0.392438 0.00023514
0.80714 -0.345309 0.00019987
0.841675 -0.30637 0.00015689
0.867003 -0.277117 0.00010785
0.88215 -0.258675 5.4636e-05
0.886536 -0.251752 -7.07715e-07
0.879991 -0.256614 -5.60542e-05
0.862766 -0.273075 -0.000109277
0.835525 -0.300501 -0.00015833
0.799313 -0.337839 -0.000201329
0.755522 -0.383654 -0.000236621
0.705835 -0.436186 -0.00026285
0.652161 -0.493415 -0.000279009
0.596563 -0.553143 -0.000284475
0.541178 -0.613074 -0.00027904
0.488133 -0.670905 -0.000262911
0.439468 -0.724414 -0.00023671
0.397052 -0.771545 -0.000201442
0.362516 -0.810486 -0.000158463
0.337186 -0.839741 -0.000109425
0.322036 -0.858186 -5.62112e-05
0.317648 -0.865111 -8.67732e-07
0.324191 -0.860252 5.4479e-05
0.341413 -0.843794 0.000107702
0.368653 -0.81637 0.000156757
0.404863 -0.779034 0.000199757
0.448652 -0.73322 0.000235051
0.498338 -0.68069 0.000261282
0.552011 -0.623462 0.000277443
0.607609 -0.563734 0.000282912
0.662994 -0.503803 0.000277479
0.71604 -0.445971 0.000261353
0.764706 -0.392461 0.000235154
0.807123 -0.345328 0.000199887
0.841662 -0.306385 0.00015691
0.866994 -0.277128 0.000107873
0.882146 -0.258681 5.46601e-05
0.886536 -0.251752 -6.83097e-07
0.879996 -0.256609 -5.60301e-05
0.862776 -0.273065 -0.000109254
0.835539 -0.300486 -0.000158309
0.79933 -0.33782 -0.000201311
0.755542 -0.383632 -0.000236607
0.705857 -0.436161 -0.000262841
0.652185 -0.493389 -0.000279004
0.596588 -0.553116 -0.000284475
0.541202 -0.613048 -0.000279045
0.488156 -0.67088 -0.000262921
0.439488 -0.724392 -0.000236723
0.39707 -0.771526 -0.000201459
0.362529 -0.810471 -0.000158483
0.337195 -0.83973 -0.000109447
0.32204 -0.85818 -5.62353e-05
0.317648 -0.865111 -8.9235e-07
0.324186 -0.860257 5.44549e-05
0.341403 -0.843804 0.000107679
0.368638 -0.816384 0.000156736
0.404845 -0.779052 0.00019974
0.448632 -0.733242 0.000235037
0.498315 -0.680715 0.000261273
0.855949 -0.280442 3.43414e-06
0.850045 -0.284832 -4.63756e-05
0.834531 -0.299659 -9.42712e-05
0.810003 -0.324355 -0.000138412
0.777403 -0.35797 -0.000177102
0.737983 -0.399212 -0.000208854
0.69326 -0.446496 -0.000232449
0.644951 -0.498006 -0.000246979
0.594913 -0.551762 -0.000251885
0.545068 -0.605698 -0.000246981
0.497333 -0.657741 -0.000232453
0.453542 -0.705892 -0.000208861
0.415377 -0.7483 -0.00017711
0.384305 -0.783336 -0.000138421
0.36152 -0.809652 -9.42814e-05
0.347898 -0.826239 -4.63864e-05
0.343962 -0.832458 3.42306e-06
0.349863 -0.82807 5.3233e-05
0.365375 -0.813245 0.000101129
0.389902 -0.788551 0.000145271
0.4225 -0.754938 0.000183963
0.461918 -0.713698 0.000215717
0.506641 -0.666415 0.000239313
0.554949 -0.614906 0.000253845
0.604987 -0.56115 0.000258754
0.654832 -0.507214 0.000253851
0.702567 -0.45517 0.000239326
0.74636 -0.407018 0.000215735
0.784526 -0.364609 0.000183986
0.8156 -0.329571 0.000145299
0.838387 -0.303252 0.00010116
0.852011 -0.286664 5.32656e-05
0.855949 -0.280442 3.45629e-06
0.85005 -0.284827 -4.63538e-05
0.83454 -0.299651 -9.42507e-05
0.810015 -0.324342 -0.000138394
0.777419 -0.357953 -0.000177086
0.738002 -0.399192 -0.000208842
0.69328 -0.446474 -0.00023244
0.644973 -0.497983 -0.000246974
0.594935 -0.551738 -0.000251885
0.54509 -0.605674 -0.000246985
0.497354 -0.657719 -0.000232462
0.45356 -0.705872 -0.000208873
0.415392 -0.748283 -0.000177126
0.384317 -0.783322 -0.00013844
0.361528 -0.809643 -9.43019e-05
0.347901 -0.826234 -4.64082e-05
0.343961 -0.832458 3.4009e-06
0.349858 -0.828075 5.32113e-05
0.365366 -0.813254 0.000101109
0.389889 -0.788564 0.000145253
0.422484 -0.754955 0.000183947
0.461899 -0.713718 0.000215704
0.50662 -0.666437 0.000239304
0.554927 -0.614929 0.00025384
0.604965 -0.561174 0.000258754
0.65481 -0.507238 0.000253856
0.702547 -0.455192 0.000239334
0.746342 -0.407038 0.000215747
0.784511 -0.364626 0.000184002
0.815588 -0.329585 0.000145317
0.838379 -0.303262 0.00010118
0.852007 -0.286669 5.32873e-05
0.85595 -0.280443 3.47845e-06
0.850055 -0.284823 -4.63321e-05
0.834549 -0.299642 -9.42302e-05
0.810028 -0.324329 -0.000138375
0.777435 -0.357937 -0.000177071
0.738021 -0.399173 -0.00020883
0.693301 -0.446452 -0.000232432
0.644995 -0.497959 -0.00024697
0.594957 -0.551714 -0.000251885
0.545112 -0.605651 -0.000246989
0.497374 -0.657696 -0.00023247
0.453578 -0.705852 -0.000208885
0.415407 -0.748266 -0.000177141
0.384329 -0.783308 -0.000138458
0.361536 -0.809633 -9.43223e-05
0.347905 -0.826229 -4.64299e-05
0.343961 -0.832457 3.37875e-06
0.349853 -0.828079 5.31895e-05
0.365357 -0.813263 0.000101088
0.389876 -0.788577 0.000145234
0.422468 -0.754972 0.000183931
0.461881 -0.713737 0.000215692
0.506599 -0.666459 0.000239296
0.554905 -0.614952 0.000253836
0.604943 -0.561198 0.000258754
0.654788 -0.507261 0.00025386
0.702527 -0.455215 0.000239343
0.746323 -0.407058 0.00021576
0.784496 -0.364643 0.000184017
0.815576 -0.329599 0.000145336
0.838371 -0.303272 0.000101201
0.852003 -0.286674 5.3309e-05
0.85595 -0.280443 3.5006e-06
0.85006 -0.284819 -4.63104e-05
0.834558 -0.299633 -9.42098e-05
0.810041 -0.324316 -0.000138357
0.777451 -0.35792 -0.000177055
0.738039 -0.399153 -0.000208818
0.693322 -0.44643 -0.000232423
0.645016 -0.497936 -0.000246966
0.594979 -0.55169 -0.000251885
0.545133 -0.605627 -0.000246994
0.497394 -0.657674 -0.000232479
0.453596 -0.705831 -0.000208898
0.415423 -0.748248 -0.000177157
0.384341 -0.783295 -0.000138477
0.361544 -0.809624 -9.43428e-05
0.347909 -0.826224 -4.64516e-05
0.34396 -0.832457 3.35659e-06
0.349849 -0.828083 5.31678e-05
0.365348 -0.813271 0.000101068
0.389863 -0.78859 0.000145216
0.422452 -0.754988 0.000183916
0.461862 -0.713757 0.00021568
0.506579 -0.666481 0.000239287
0.554883 -0.614976 0.000253832
0.60492 -0.561222 0.000258754
0.654766 -0.507285 0.000253864
0.702506 -0.455237 0.000239351
0.746305 -0.407079 0.000215772
0.78448 -0.36466 0.000184033
0.815564 -0.329612 0.000145354
0.838363 -0.303281 0.000101221
0.851999 -0.286679 5.33308e-05
0.855951 -0.280443 3.52276e-06
0.850064 -0.284815 -4.62887e-05
0.834567 -0.299624 -9.41893e-05
0.810054 -0.324303 -0.000138338
0.777467 -0.357903 -0.000177039
0.738058 -0.399133 -0.000208805
0.693343 -0.446408 -0.000232415
0.645038 -0.497912 -0.000246961
0.81579 -0.319984 7.12927e-06
0.810769 -0.323718 -3.52309e-05
0.797575 -0.336328 -7.59633e-05
0.776715 -0.35733 -0.000113503
0.748991 -0.385917 -0.000146406
0.715467 -0.420991 -0.00017341
0.677432 -0.461204 -0.000193475
0.636348 -0.50501 -0.000205832
0.593794 -0.550726 -0.000210005
0.551404 -0.596595 -0.000205834
0.510808 -0.640855 -0.000193479
0.473566 -0.681804 -0.000173415
0.441109 -0.71787 -0.000146413
0.414684 -0.747666 -0.00011351
0.395307 -0.770046 -7.5972e-05
0.383722 -0.784152 -3.52402e-05
0.380375 -0.789441 7.11985e-06
0.385394 -0.78571 4.94802e-05
0.398586 -0.773102 9.02132e-05
0.419444 -0.752101 0.000127753
0.447167 -0.723516 0.000160658
0.48069 -0.688443 0.000187663
0.518724 -0.648231 0.00020773
0.559807 -0.604426 0.000220089
0.602362 -0.55871 0.000224264
0.644751 -0.512841 0.000220094
0.685348 -0.46858 0.000207741
0.722591 -0.42763 0.000187679
0.755049 -0.391563 0.000160678
0.781476 -0.361766 0.000127777
0.800854 -0.339383 9.02393e-05
0.812441 -0.325276 4.9508e-05
0.81579 -0.319985 7.14812e-06
0.810773 -0.323714 -3.52125e-05
0.797583 -0.33632 -7.59459e-05
0.776726 -0.357319 -0.000113487
0.749004 -0.385903 -0.000146393
0.715483 -0.420974 -0.000173399
0.67745 -0.461185 -0.000193468
0.636367 -0.50499 -0.000205828
0.593813 -0.550705 -0.000210005
0.551423 -0.596575 -0.000205838
0.510826 -0.640836 -0.000193486
0.473582 -0.681787 -0.000173425
0.441122 -0.717855 -0.000146426
0.414694 -0.747654 -0.000113526
0.395314 -0.770038 -7.59894e-05
0.383726 -0.784148 -3.52587e-05
0.380374 -0.789441 7.10101e-06
0.38539 -0.785714 4.94618e-05
0.398578 -0.773109 9.01957e-05
0.419433 -0.752112 0.000127738
0.447154 -0.72353 0.000160645
0.480674 -0.68846 0.000187652
0.518706 -0.64825 0.000207723
0.559789 -0.604446 0.000220085
0.602343 -0.55873 0.000224264
0.644733 -0.512861 0.000220098
0.685331 -0.468599 0.000207748
0.722575 -0.427647 0.000187689
0.755036 -0.391578 0.000160691
0.781465 -0.361778 0.000127792
0.800847 -0.339391 9.02567e-05
0.812438 -0.32528 4.95264e-05
0.815791 -0.319985 7.16696e-06
0.810777 -0.32371 -3.5194e-05
0.797591 -0.336313 -7.59285e-05
0.776737 -0.357308 -0.000113471
0.749018 -0.385889 -0.00014638
0.715499 -0.420958 -0.000173389
0.677468 -0.461166 -0.000193461
0.636386 -0.50497 -0.000205825
0.593832 -0.550685 -0.000210005
0.551441 -0.596555 -0.000205841
0.510843 -0.640817 -0.000193493
0.473597 -0.68177 -0.000173436
0.441135 -0.717841 -0.000146439
0.414705 -0.747642 -0.000113542
0.395321 -0.77003 -7.60068e-05
0.383729 -0.784144 -3.52771e-05
0.380374 -0.789441 7.08217e-06
0.385386 -0.785717 4.94433e-05
0.398571 -0.773117 9.01783e-05
0.419423 -0.752123 0.000127722
0.44714 -0.723544 0.000160631
0.480658 -0.688476 0.000187642
0.518689 -0.648269 0.000207716
0.55977 -0.604466 0.000220081
0.602324 -0.558751 0.000224264
0.644714 -0.512881 0.000220102
0.685313 -0.468618 0.000207755
0.72256 -0.427664 0.0001877
0.755023 -0.391592 0.000160705
0.781455 -0.361789 0.000127808
0.800841 -0.3394 9.02741e-05
0.812434 -0.325284 4.95449e-05
0.815791 -0.319985 7.1858e-06
0.810781 -0.323707 -3.51755e-05
0.797598 -0.336305 -7.59111e-05
0.776748 -0.357297 -0.000113456
0.749032 -0.385875 -0.000146366
0.715515 -0.420941 -0.000173378
0.677485 -0.461148 -0.000193454
0.636404 -0.50495 -0.000205821
0.593851 -0.550665 -0.000210005
0.55146 -0.596535 -0.000205845
0.51086 -0.640798 -0.0001935
0.473613 -0.681753 -0.000173446
0.441148 -0.717826 -0.000146453
0.414715 -0.747631 -0.000113557
0.395328 -0.770022 -7.60242e-05
0.383732 -0.784139 -3.52956e-05
0.380374 -0.78944 7.06333e-06
0.385381 -0.785721 4.94248e-05
0.398563 -0.773124 9.01609e-05
0.419412 -0.752134 0.000127706
0.7676 -0.368858 1.01618e-05
0.763656 -0.371792 -2.3121e-05
0.753289 -0.3817 -5.51249e-05
0.736899 -0.398201 -8.46199e-05
0.715116 -0.420663 -0.000110473
0.688776 -0.448221 -0.00013169
0.658891 -0.479816 -0.000147455
0.626611 -0.514235 -0.000157164
0.593176 -0.550155 -0.000160443
0.55987 -0.586195 -0.000157166
0.527973 -0.62097 -0.000147458
0.498712 -0.653144 -0.000131694
0.47321 -0.681482 -0.000110478
0.452447 -0.704892 -8.46261e-05
0.437223 -0.722477 -5.51317e-05
0.42812 -0.73356 -2.31283e-05
0.42549 -0.737716 1.01544e-05
0.429433 -0.734784 4.34375e-05
0.439799 -0.724878 7.54418e-05
0.456187 -0.708378 0.000104937
0.47797 -0.685917 0.000130791
0.504309 -0.65836 0.000152009
0.534192 -0.626766 0.000167776
0.566472 -0.592347 0.000177486
0.599907 -0.556428 0.000180767
0.633214 -0.520388 0.000177491
0.665111 -0.485612 0.000167785
0.694373 -0.453437 0.000152021
0.719876 -0.425099 0.000130807
0.740639 -0.401687 0.000104956
0.755865 -0.384101 7.54623e-05
0.764969 -0.373016 4.34592e-05
0.767601 -0.368859 1.01766e-05
0.763659 -0.371789 -2.31065e-05
0.753295 -0.381694 -5.51112e-05
0.736908 -0.398193 -8.46076e-05
0.715126 -0.420652 -0.000110462
0.688788 -0.448208 -0.000131681
0.658905 -0.479801 -0.00014745
0.626626 -0.514219 -0.000157161
0.593191 -0.550139 -0.000160443
0.559884 -0.586179 -0.000157168
0.527987 -0.620955 -0.000147464
0.498724 -0.653131 -0.000131702
0.47322 -0.68147 -0.000110488
0.452455 -0.704883 -8.46384e-05
0.437228 -0.722471 -5.51454e-05
0.428123 -0.733557 -2.31428e-05
0.42549 -0.737716 1.01396e-05
0.42943 -0.734787 4.34229e-05
0.439793 -0.724884 7.54281e-05
0.456179 -0.708386 0.000104925
0.477959 -0.685928 0.000130781
0.504296 -0.658374 0.000152001
0.534179 -0.62678 0.00016777
0.566457 -0.592363 0.000177483
0.599893 -0.556444 0.000180767
0.633199 -0.520404 0.000177494
0.665097 -0.485627 0.00016779
0.694361 -0.45345 0.00015203
0.719866 -0.42511 0.000130817
0.740631 -0.401696 0.000104968
0.75586 -0.384107 7.54759e-05
0.764967 -0.373019 4.34738e-05
0.767601 -0.368859 1.01915e-05
0.763662 -0.371786 -2.3092e-05
0.753301 -0.381688 -5.50976e-05
0.736916 -0.398184 -8.45953e-05
0.715137 -0.42064 -0.000110452
0.688801 -0.448194 -0.000131673
0.658919 -0.479787 -0.000147444
0.626641 -0.514204 -0.000157158
0.593205 -0.550123 -0.000160443
0.559899 -0.586163 -0.000157171
0.528 -0.62094 -0.000147469
0.498736 -0.653117 -0.00013171
0.47323 -0.681458 -0.000110499
0.452463 -0.704874 -8.46507e-05
0.437233 -0.722464 -5.51591e-05
0.428125 -0.733554 -2.31573e-05
0.42549 -0.737715 1.01248e-05
0.429427 -0.73479 4.34084e-05
0.439787 -0.72489 7.54144e-05
0.45617 -0.708395 0.000104913
0.477948 -0.68594 0.00013077
0.504284 -0.658387 0.000151993
0.534165 -0.626795 0.000167765
0.566443 -0.592379 0.000177481
0.599878 -0.55646 0.000180767
0.633185 -0.520419 0.000177496
0.665084 -0.485642 0.000167796
0.713233 -0.425186 1.24153e-05
0.710515 -0.427207 -1.05112e-05
0.703374 -0.434032 -3.25567e-05
0.692084 -0.445399 -5.2874e-05
0.677079 -0.460871 -7.06824e-05
0.658935 -0.479854 -8.52974e-05
0.63835 -0.501618 -9.61575e-05
0.616114 -0.525327 -0.000102845
0.593082 -0.55007 -0.000105104
0.57014 -0.574896 -0.000102846
0.548168 -0.59885 -9.61595e-05
0.528012 -0.621013 -8.53002e-05
0.510445 -0.640533 -7.0686e-05
0.496143 -0.656659 -5.28783e-05
0.485655 -0.668772 -3.25615e-05
0.479385 -0.676407 -1.05162e-05
0.477574 -0.67927 1.24102e-05
0.48029 -0.67725 3.53368e-05
0.48743 -0.670426 5.73826e-05
0.498719 -0.65906 7.77004e-05
0.513724 -0.643589 9.55094e-05
0.531867 -0.624606 0.000110125
0.552452 -0.602843 0.000120986
0.574688 -0.579134 0.000127675
0.597719 -0.554391 0.000129934
0.620662 -0.529565 0.000127678
0.642634 -0.505611 0.000120992
0.662791 -0.483447 0.000110134
0.680358 -0.463927 9.55202e-05
0.694661 -0.4478 7.77131e-05
0.705149 -0.435685 5.73968e-05
0.71142 -0.42805 3.53518e-05
0.713233 -0.425186 1.24255e-05
0.710517 -0.427205 -1.05012e-05
0.703378 -0.434028 -3.25473e-05
0.69209 -0.445393 -5.28656e-05
0.677086 -0.460863 -7.06752e-05
0.658944 -0.479845 -8.52917e-05
0.638359 -0.501608 -9.61536e-05
0.616124 -0.525316 -0.000102843
0.593092 -0.550059 -0.000105104
0.57015 -0.574885 -0.000102848
0.548177 -0.59884 -9.61634e-05
0.52802 -0.621004 -8.53059e-05
0.510452 -0.640525 -7.06932e-05
0.496148 -0.656653 -5.28868e-05
0.485659 -0.668768 -3.25709e-05
0.479387 -0.676405 -1.05262e-05
0.477573 -0.679269 1.24e-05
0.480288 -0.677252 3.53268e-05
0.487426 -0.67043 5.73732e-05
0.498713 -0.659066 7.76919e-05
0.513716 -0.643596 9.55022e-05
0.531858 -0.624615 0.00011012
0.552442 -0.602853 0.000120982
0.574677 -0.579145 0.000127673
0.597709 -0.554402 0.000129934
0.620652 -0.529576 0.00012768
0.642624 -0.505621 0.000120996
0.662782 -0.483456 0.000110139
0.680351 -0.463935 9.55274e-05
0.694655 -0.447806 7.77216e-05
0.705145 -0.43569 5.74062e-05
0.654775 -0.486803 1.38031e-05
0.65339 -0.487833 2.1139e-06
0.649749 -0.491313 -9.12607e-06
0.643993 -0.497108 -1.94849e-05
0.636342 -0.504997 -2.85645e-05
0.627092 -0.514675 -3.60161e-05
0.616596 -0.525772 -4.15531e-05
0.605259 -0.53786 -4.49629e-05
0.593516 -0.550475 -4.61144e-05
0.581819 -0.563133 -4.49634e-05
0.570617 -0.575346 -4.15541e-05
0.56034 -0.586646 -3.60175e-05
0.551383 -0.596598 -2.85664e-05
0.544092 -0.60482 -1.94871e-05
0.538745 -0.610996 -9.12847e-06
0.535548 -0.614889 2.11135e-06
0.534624 -0.616348 1.38005e-05
0.536009 -0.615318 2.54897e-05
0.539649 -0.611839 3.67298e-05
0.545405 -0.606044 4.70889e-05
0.553055 -0.598156 5.61688e-05
0.562306 -0.588478 6.36208e-05
0.572801 -0.577382 6.91583e-05
0.584138 -0.565294 7.25685e-05
0.595881 -0.552679 7.37206e-05
0.607578 -0.540021 7.25701e-05
0.61878 -0.527807 6.91612e-05
0.629057 -0.516507 6.36251e-05
0.638014 -0.506555 5.61744e-05
0.645306 -0.498332 4.70954e-05
0.650654 -0.492156 3.6737e-05
0.653851 -0.488263 2.54973e-05
0.594476 -0.551341 1.42718e-05
