0.667705 -0.445616 0.000747631
0.610064 -0.532418 0.000738069
0.611543 -0.530998 0.000737229
0.615187 -0.526301 0.000736422
0.620858 -0.51851 0.000735679
0.628336 -0.507922 0.000735027
0.637335 -0.494945 0.000734492
0.647509 -0.480078 0.000734094
0.658466 -0.463892 0.000733849
0.669787 -0.447008 0.000733767
0.681035 -0.430076 0.000733849
0.691778 -0.413746 0.000734094
0.701604 -0.398646 0.000734492
0.710135 -0.385356 0.000735027
0.717043 -0.374387 0.000735678
0.722063 -0.36616 0.000736422
0.725002 -0.360992 0.000737229
0.725746 -0.359081 0.000738068
0.724268 -0.3605 0.000738908
0.720624 -0.365196 0.000739715
0.714954 -0.372987 0.000740458
0.707476 -0.383574 0.00074111
0.698477 -0.39655 0.000741645
0.688304 -0.411417 0.000742043
0.677346 -0.427604 0.000742288
0.666026 -0.444487 0.00074237
0.654778 -0.461419 0.000742288
0.644035 -0.477749 0.000742043
0.634208 -0.49285 0.000741645
0.625677 -0.50614 0.000741111
0.618769 -0.51711 0.000740459
0.613748 -0.525337 0.000739715
0.610809 -0.530506 0.000738908
0.555039 -0.616151 0.000709748
0.557939 -0.613366 0.000708102
0.565089 -0.604154 0.000706519
0.576212 -0.58887 0.00070506
0.590881 -0.568102 0.000703781
0.608533 -0.542647 0.000702732
0.62849 -0.513483 0.000701952
0.649984 -0.481732 0.000701472
0.672189 -0.448614 0.00070131
0.694253 -0.4154 0.000701472
0.715327 -0.383368 0.000701952
0.734601 -0.353748 0.000702732
0.751335 -0.32768 0.000703781
0.764886 -0.306163 0.00070506
0.774733 -0.290026 0.000706518
0.780497 -0.279888 0.000708101
0.781958 -0.276139 0.000709747
0.779058 -0.278923 0.000711394
0.77191 -0.288134 0.000712977
0.760788 -0.303416 0.000714435
0.746119 -0.324183 0.000715714
0.728468 -0.349638 0.000716764
0.708512 -0.3788 0.000717544
0.687018 -0.410551 0.000718024
0.664813 -0.443669 0.000718186
0.642749 -0.476883 0.000718024
0.621675 -0.508916 0.000717544
0.6024 -0.538536 0.000716764
0.585665 -0.564606 0.000715715
0.572113 -0.586123 0.000714436
0.562265 -0.602262 0.000712978
0.5565 -0.612401 0.000711395
0.555039 -0.616151 0.000709749
0.557937 -0.613368 0.000708102
0.565084 -0.604159 0.000706519
0.576206 -0.588878 0.000705061
0.590874 -0.568112 0.000703782
0.608525 -0.542659 0.000702732
0.62848 -0.513497 0.000701952
0.649974 -0.481747 0.000701472
0.672179 -0.448628 0.00070131
0.694243 -0.415415 0.000701472
0.715318 -0.383382 0.000701952
0.734593 -0.353761 0.000702731
0.751328 -0.32769 0.00070378
0.764881 -0.306171 0.000705059
0.77473 -0.290032 0.000706518
0.780496 -0.279891 0.000708101
0.781958 -0.276139 0.000709747
0.779061 -0.278921 0.000711393
0.771914 -0.288128 0.000712976
0.760794 -0.303408 0.000714435
0.746127 -0.324173 0.000715714
0.728476 -0.349625 0.000716763
0.708521 -0.378787 0.000717543
0.687028 -0.410536 0.000718024
0.664822 -0.443655 0.000718186
0.642758 -0.476869 0.000718024
0.621684 -0.508902 0.000717544
0.602408 -0.538523 0.000716765
0.585672 -0.564595 0.000715716
0.572118 -0.586115 0.000714437
0.562269 -0.602256 0.000712978
0.504744 -0.693599 0.000663758
0.508955 -0.689555 0.000661368
0.519334 -0.676181 0.00065907
0.535482 -0.653993 0.000656952
0.556778 -0.623842 0.000655095
0.582405 -0.586887 0.000653572
0.611378 -0.544548 0.00065244
0.642582 -0.498453 0.000651743
0.67482 -0.450372 0.000651507
0.706851 -0.402153 0.000651742
0.737446 -0.35565 0.00065244
0.765428 -0.312649 0.000653572
0.789722 -0.274802 0.000655095
0.809395 -0.243565 0.000656951
0.82369 -0.220138 0.000659069
0.832059 -0.20542 0.000661367
0.83418 -0.199977 0.000663757
0.82997 -0.204019 0.000666147
0.819592 -0.217391 0.000668445
0.803446 -0.239577 0.000670563
0.78215 -0.269727 0.000672419
0.756524 -0.30668 0.000673943
0.727552 -0.349018 0.000675075
0.696348 -0.395113 0.000675772
0.664111 -0.443194 0.000676008
0.632079 -0.491413 0.000675773
0.601484 -0.537916 0.000675076
0.573501 -0.580918 0.000673944
0.549206 -0.618766 0.00067242
0.529532 -0.650005 0.000670564
0.515235 -0.673434 0.000668446
0.506865 -0.688154 0.000666148
0.504743 -0.693599 0.000663759
0.508952 -0.689559 0.000661369
0.519328 -0.676189 0.000659071
0.535473 -0.654005 0.000656953
0.556768 -0.623857 0.000655096
0.582393 -0.586904 0.000653572
0.611364 -0.544568 0.00065244
0.642568 -0.498474 0.000651743
0.674805 -0.450393 0.000651507
0.706837 -0.402174 0.000651742
0.737433 -0.35567 0.000652439
0.765416 -0.312667 0.000653571
0.789712 -0.274818 0.000655094
0.809387 -0.243577 0.00065695
0.823685 -0.220146 0.000659068
0.832057 -0.205424 0.000661366
0.83418 -0.199978 0.000663756
0.829973 -0.204016 0.000666146
0.819598 -0.217383 0.000668444
0.803454 -0.239566 0.000670562
0.78216 -0.269712 0.000672419
0.756536 -0.306663 0.000673942
0.727565 -0.348999 0.000675075
0.696362 -0.395092 0.000675772
0.664125 -0.443172 0.000676008
0.632093 -0.491391 0.000675773
0.601497 -0.537897 0.000675076
0.573513 -0.5809 0.000673944
0.549216 -0.618751 0.000672421
0.529539 -0.649993 0.000670565
0.51524 -0.673426 0.000668447
0.506867 -0.68815 0.000666149
0.504743 -0.693598 0.00066376
0.508948 -0.689563 0.00066137
0.519322 -0.676197 0.000659072
0.535465 -0.654016 0.000656953
0.556758 -0.623872 0.000655097
0.582381 -0.586922 0.000653573
0.611351 -0.544587 0.000652441
0.642554 -0.498494 0.000651743
0.674791 -0.450414 0.000651507
0.706823 -0.402195 0.000651742
0.73742 -0.35569 0.000652439
0.765405 -0.312685 0.00065357
0.789703 -0.274833 0.000655093
0.80938 -0.24359 0.000656949
0.82368 -0.220155 0.000659067
0.832055 -0.205429 0.000661365
0.83418 -0.199978 0.000663755
0.829976 -0.204012 0.000666145
0.819604 -0.217375 0.000668443
0.803462 -0.239554 0.000670561
0.782171 -0.269697 0.000672418
0.756548 -0.306645 0.000673942
0.727579 -0.348979 0.000675074
0.696376 -0.395071 0.000675772
0.664139 -0.443151 0.000676008
0.632107 -0.49137 0.000675773
0.60151 -0.537877 0.000675076
0.461112 -0.761784 0.000601865
0.466471 -0.756637 0.000598823
0.479681 -0.739616 0.000595898
0.500234 -0.711375 0.000593203
0.527339 -0.673 0.00059084
0.559956 -0.625965 0.000588901
0.596831 -0.572078 0.00058746
0.636547 -0.51341 0.000586573
0.677577 -0.452214 0.000586273
0.718346 -0.390844 0.000586573
0.757285 -0.331656 0.00058746
0.7929 -0.276926 0.000588901
0.823821 -0.228757 0.000590839
0.84886 -0.188999 0.000593202
0.867054 -0.159181 0.000595898
0.877706 -0.140449 0.000598822
0.880404 -0.133522 0.000601864
0.875047 -0.138667 0.000604906
0.861838 -0.155685 0.000607831
0.841287 -0.183924 0.000610526
0.814183 -0.222297 0.000612889
0.781567 -0.26933 0.000614828
0.744693 -0.323216 0.000616269
0.704978 -0.381883 0.000617157
0.663947 -0.443078 0.000617457
0.623179 -0.504449 0.000617157
0.584239 -0.563638 0.00061627
0.548623 -0.618369 0.00061483
0.517701 -0.66654 0.000612891
0.492661 -0.706299 0.000610528
0.474465 -0.73612 0.000607833
0.463812 -0.754854 0.000604908
0.461111 -0.761784 0.000601866
0.466467 -0.756642 0.000598824
0.479674 -0.739626 0.000595899
0.500223 -0.71139 0.000593204
0.527326 -0.673019 0.000590841
0.559941 -0.625988 0.000588902
0.596814 -0.572103 0.000587461
0.636529 -0.513436 0.000586573
0.677559 -0.452241 0.000586273
0.718328 -0.39087 0.000586572
0.757269 -0.331681 0.000587459
0.792885 -0.276949 0.0005889
0.823808 -0.228776 0.000590839
0.84885 -0.189015 0.000593201
0.867048 -0.159192 0.000595896
0.877703 -0.140455 0.000598821
0.880405 -0.133523 0.000601863
0.875051 -0.138662 0.000604905
0.861846 -0.155675 0.00060783
0.841298 -0.183909 0.000610525
0.814196 -0.222278 0.000612888
0.781583 -0.269307 0.000614828
0.74471 -0.323191 0.000616269
0.704996 -0.381857 0.000617157
0.663966 -0.443051 0.000617457
0.623197 -0.504423 0.000617157
0.584255 -0.563612 0.000616271
0.548638 -0.618346 0.00061483
0.517714 -0.66652 0.000612892
0.492671 -0.706284 0.000610529
0.474471 -0.736109 0.000607834
0.463815 -0.754849 0.000604909
0.461111 -0.761784 0.000601868
0.466463 -0.756647 0.000598826
0.479666 -0.739636 0.000595901
0.500212 -0.711405 0.000593205
0.527313 -0.673038 0.000590842
0.559925 -0.62601 0.000588902
0.596797 -0.572128 0.000587461
0.636511 -0.513463 0.000586573
0.677541 -0.452269 0.000586273
0.71831 -0.390897 0.000586572
0.757252 -0.331707 0.000587459
0.79287 -0.276972 0.000588899
0.823796 -0.228796 0.000590838
0.84884 -0.18903 0.0005932
0.867041 -0.159203 0.000595895
0.8777 -0.140461 0.00059882
0.880405 -0.133523 0.000601861
0.875055 -0.138657 0.000604903
0.861853 -0.155665 0.000607828
0.841308 -0.183894 0.000610524
0.81421 -0.222259 0.000612887
0.781598 -0.269285 0.000614827
0.744727 -0.323166 0.000616268
0.705014 -0.38183 0.000617156
0.663984 -0.443024 0.000617457
0.623214 -0.504396 0.000617158
0.584272 -0.563587 0.000616271
0.548653 -0.618323 0.000614831
0.517726 -0.666501 0.000612893
0.49268 -0.706268 0.00061053
0.474477 -0.736098 0.000607835
0.463817 -0.754843 0.000604911
0.46111 -0.761783 0.000601869
0.466459 -0.756652 0.000598827
0.479659 -0.739646 0.000595902
0.500202 -0.71142 0.000593206
0.527299 -0.673057 0.000590843
0.55991 -0.626033 0.000588903
0.59678 -0.572153 0.000587462
0.636493 -0.51349 0.000586574
0.677523 -0.452296 0.000586273
0.718293 -0.390924 0.000586572
0.757236 -0.331732 0.000587458
0.792856 -0.276995 0.000588898
0.823783 -0.228815 0.000590837
0.848831 -0.189046 0.000593199
0.867035 -0.159214 0.000595894
0.877697 -0.140466 0.000598818
0.880406 -0.133523 0.00060186
0.875059 -0.138652 0.000604902
0.861861 -0.155655 0.000607827
0.841319 -0.183879 0.000610523
0.425819 -0.818087 0.000526448
0.432121 -0.812035 0.000522872
0.447654 -0.79202 0.000519432
0.471822 -0.758812 0.000516263
0.503695 -0.713688 0.000513484
0.542048 -0.658381 0.000511204
0.585409 -0.595016 0.00050951
0.632109 -0.526029 0.000508467
0.680356 -0.454071 0.000508114
0.728295 -0.381906 0.000508467
0.774083 -0.312309 0.00050951
0.815961 -0.247953 0.000511204
0.852321 -0.191312 0.000513484
0.881763 -0.144562 0.000516262
0.903158 -0.1095 0.000519432
0.915683 -0.0874729 0.000522871
0.918856 -0.0793277 0.000526448
0.912556 -0.0853772 0.000530024
0.897025 -0.105389 0.000533464
0.872859 -0.138594 0.000536633
0.840988 -0.183716 0.000539412
0.802636 -0.239021 0.000541692
0.759276 -0.302384 0.000543386
0.712576 -0.37137 0.00054443
0.664329 -0.443328 0.000544782
0.61639 -0.515493 0.00054443
0.570601 -0.585091 0.000543387
0.528722 -0.649448 0.000541693
0.492361 -0.706091 0.000539413
0.462917 -0.752844 0.000536635
0.441521 -0.787908 0.000533466
0.428994 -0.809938 0.000530027
0.425818 -0.818087 0.00052645
0.432116 -0.81204 0.000522873
0.447646 -0.792032 0.000519434
0.471809 -0.75883 0.000516264
0.503679 -0.71371 0.000513485
0.54203 -0.658407 0.000511205
0.585389 -0.595045 0.000509511
0.632088 -0.52606 0.000508467
0.680335 -0.454103 0.000508114
0.728274 -0.381938 0.000508466
0.774064 -0.312338 0.000509509
0.815944 -0.24798 0.000511203
0.852306 -0.191335 0.000513483
0.881752 -0.14458 0.000516261
0.90315 -0.109512 0.00051943
0.915679 -0.0874797 0.000522869
0.918857 -0.0793282 0.000526446
0.912561 -0.0853714 0.000530023
0.897034 -0.105377 0.000533462
0.872872 -0.138576 0.000536632
0.841003 -0.183693 0.000539411
0.802654 -0.238994 0.000541691
0.759296 -0.302355 0.000543386
0.712597 -0.371339 0.000544429
0.664351 -0.443296 0.000544782
0.616411 -0.515461 0.000544431
0.570621 -0.585061 0.000543388
0.528739 -0.649421 0.000541694
0.492376 -0.706068 0.000539414
0.462928 -0.752825 0.000536637
0.441528 -0.787896 0.000533467
0.428997 -0.809932 0.000530028
0.425818 -0.818086 0.000526451
0.432111 -0.812046 0.000522875
0.447637 -0.792044 0.000519435
0.471797 -0.758847 0.000516265
0.503663 -0.713732 0.000513487
0.542012 -0.658433 0.000511206
0.585369 -0.595075 0.000509511
0.632067 -0.526092 0.000508467
0.680313 -0.454135 0.000508114
0.728253 -0.381969 0.000508466
0.774044 -0.312368 0.000509509
0.815927 -0.248007 0.000511202
0.852291 -0.191358 0.000513482
0.881741 -0.144598 0.000516259
0.903143 -0.109525 0.000519429
0.915676 -0.0874864 0.000522868
0.918857 -0.0793287 0.000526444
0.912566 -0.0853656 0.000530021
0.897042 -0.105365 0.000533461
0.872884 -0.138559 0.000536631
0.841019 -0.183671 0.000539409
0.802672 -0.238968 0.00054169
0.759316 -0.302325 0.000543385
0.712618 -0.371307 0.000544429
0.664372 -0.443264 0.000544782
0.616432 -0.51543 0.000544431
0.57064 -0.585031 0.000543388
0.528757 -0.649394 0.000541695
0.492391 -0.706045 0.000539416
0.46294 -0.752807 0.000536638
0.441536 -0.787883 0.000533469
0.429001 -0.809925 0.00053003
0.425817 -0.818086 0.000526453
0.432107 -0.812052 0.000522876
0.447628 -0.792055 0.000519437
0.471784 -0.758864 0.000516267
0.503648 -0.713755 0.000513488
0.541994 -0.65846 0.000511207
0.585348 -0.595104 0.000509512
0.632046 -0.526123 0.000508468
0.680292 -0.454167 0.000508114
0.728232 -0.382001 0.000508466
0.774025 -0.312398 0.000509508
0.815909 -0.248034 0.000511201
0.852277 -0.191381 0.00051348
0.881729 -0.144616 0.000516258
0.903135 -0.109538 0.000519427
0.915672 -0.0874931 0.000522866
0.918858 -0.0793292 0.000526443
0.91257 -0.0853598 0.00053002
0.897051 -0.105353 0.000533459
0.872897 -0.138541 0.000536629
0.841035 -0.183649 0.000539408
0.80269 -0.238942 0.000541689
0.759336 -0.302296 0.000543384
0.712639 -0.371276 0.000544429
0.664393 -0.443232 0.000544782
0.616453 -0.515398 0.000544431
0.57066 -0.585002 0.000543389
0.528774 -0.649368 0.000541696
0.492405 -0.706022 0.000539417
0.462951 -0.752789 0.000536639
0.441543 -0.78787 0.00053347
0.429004 -0.809918 0.000530031
0.425816 -0.818085 0.000526455
0.432102 -0.812058 0.000522878
0.447619 -0.792067 0.000519438
0.471772 -0.758882 0.000516268
0.503632 -0.713777 0.000513489
0.541976 -0.658486 0.000511208
0.585328 -0.595134 0.000509512
0.632025 -0.526154 0.000508468
0.400222 -0.860344 0.000440406
0.407225 -0.853618 0.000436432
0.424485 -0.831379 0.00043261
0.451338 -0.794481 0.000429088
0.486753 -0.744341 0.000426001
0.52937 -0.682887 0.000423468
0.577549 -0.61248 0.000421585
0.62944 -0.535825 0.000420426
0.68305 -0.455869 0.000420034
0.736316 -0.375684 0.000420426
0.787194 -0.298352 0.000421585
0.833726 -0.226843 0.000423467
0.874127 -0.163907 0.000426001
0.906841 -0.111961 0.000429088
0.930614 -0.0730019 0.000432609
0.944531 -0.0485269 0.000436431
0.948057 -0.0394764 0.000440405
0.941057 -0.0461983 0.000444379
0.923799 -0.0684341 0.000448201
0.896948 -0.105329 0.000451723
0.861534 -0.155466 0.00045481
0.818919 -0.216918 0.000457344
0.770741 -0.287324 0.000459227
0.71885 -0.363977 0.000460386
0.665241 -0.443933 0.000460778
0.611974 -0.524118 0.000460387
0.561096 -0.601452 0.000459228
0.514562 -0.672962 0.000457345
0.47416 -0.735901 0.000454812
0.441444 -0.787849 0.000451725
0.417669 -0.826811 0.000448203
0.40375 -0.851289 0.000444382
0.400222 -0.860343 0.000440408
0.40722 -0.853625 0.000436433
0.424475 -0.831392 0.000432612
0.451324 -0.7945 0.00042909
0.486736 -0.744366 0.000426002
0.529349 -0.682916 0.000423469
0.577527 -0.612513 0.000421586
0.629417 -0.53586 0.000420426
0.683026 -0.455905 0.000420034
0.736293 -0.375719 0.000420425
0.787172 -0.298385 0.000421584
0.833707 -0.226873 0.000423466
0.87411 -0.163932 0.000425999
0.906829 -0.111981 0.000429086
0.930606 -0.073016 0.000432608
0.944527 -0.0485344 0.000436429
0.948058 -0.039477 0.000440403
0.941062 -0.0461918 0.000444378
0.923809 -0.0684209 0.000448199
0.896962 -0.10531 0.000451722
0.861552 -0.155442 0.000454809
0.81894 -0.216889 0.000457343
0.770763 -0.287291 0.000459226
0.718874 -0.363942 0.000460386
0.665265 -0.443897 0.000460778
0.611997 -0.524083 0.000460387
0.561118 -0.601419 0.000459228
0.514581 -0.672932 0.000457346
0.474177 -0.735875 0.000454813
0.441456 -0.787829 0.000451727
0.417677 -0.826797 0.000448205
0.403754 -0.851282 0.000444384
0.400221 -0.860343 0.00044041
0.407214 -0.853631 0.000436435
0.424465 -0.831406 0.000432613
0.45131 -0.79452 0.000429091
0.486719 -0.744391 0.000426004
0.529329 -0.682946 0.00042347
0.577505 -0.612545 0.000421587
0.629394 -0.535895 0.000420427
0.683002 -0.455941 0.000420034
0.73627 -0.375754 0.000420425
0.78715 -0.298418 0.000421583
0.833688 -0.226903 0.000423465
0.874094 -0.163958 0.000425998
0.906816 -0.112001 0.000429085
0.930597 -0.0730301 0.000432606
0.944523 -0.0485418 0.000436427
0.948058 -0.0394775 0.000440402
0.941067 -0.0461854 0.000444376
0.923819 -0.0684078 0.000448198
0.896976 -0.105291 0.00045172
0.861569 -0.155417 0.000454808
0.81896 -0.21686 0.000457342
0.770785 -0.287258 0.000459225
0.718897 -0.363908 0.000460385
0.665289 -0.443862 0.000460778
0.612021 -0.524048 0.000460387
0.561139 -0.601386 0.000459229
0.514601 -0.672902 0.000457347
0.474193 -0.735849 0.000454815
0.441469 -0.787809 0.000451728
0.417686 -0.826783 0.000448207
0.403758 -0.851274 0.000444385
0.40022 -0.860342 0.000440411
0.407209 -0.853638 0.000436437
0.424455 -0.831419 0.000432615
0.451296 -0.794539 0.000429093
0.486701 -0.744416 0.000426005
0.529309 -0.682975 0.000423471
0.577482 -0.612578 0.000421587
0.62937 -0.53593 0.000420427
0.682978 -0.455976 0.000420034
0.736247 -0.375789 0.000420425
0.787129 -0.298451 0.000421583
0.833668 -0.226933 0.000423464
0.874078 -0.163983 0.000425997
0.906804 -0.112022 0.000429083
0.930589 -0.0730442 0.000432605
0.944519 -0.0485493 0.000436426
0.948059 -0.039478 0.0004404
0.941073 -0.0461789 0.000444374
0.923829 -0.0683946 0.000448196
0.896989 -0.105271 0.000451719
0.861586 -0.155392 0.000454806
0.81898 -0.21683 0.000457341
0.770808 -0.287226 0.000459225
0.71892 -0.363873 0.000460385
0.665312 -0.443826 0.000460778
0.612044 -0.524013 0.000460388
0.561161 -0.601352 0.00045923
0.51462 -0.672872 0.000457348
0.474209 -0.735824 0.000454816
0.441481 -0.787788 0.00045173
0.417694 -0.826769 0.000448208
0.403762 -0.851267 0.000444387
0.400219 -0.860342 0.000440413
0.407203 -0.853644 0.000436439
0.424445 -0.831432 0.000432617
0.451283 -0.794558 0.000429094
0.486684 -0.74444 0.000426006
0.529289 -0.683004 0.000423472
0.57746 -0.612611 0.000421588
0.629347 -0.535965 0.000420427
0.682954 -0.456012 0.000420034
0.736224 -0.375824 0.000420424
0.787107 -0.298484 0.000421582
0.833649 -0.226963 0.000423463
0.874061 -0.164009 0.000425996
0.906791 -0.112042 0.000429082
0.930581 -0.0730584 0.000432603
0.944515 -0.0485568 0.000436424
0.94806 -0.0394785 0.000440398
0.941078 -0.0461725 0.000444372
0.923838 -0.0683815 0.000448194
0.897003 -0.105252 0.000451717
0.861604 -0.155367 0.000454805
0.819 -0.216801 0.00045734
0.77083 -0.287193 0.000459224
0.385305 -0.88693 0.000347044
0.392739 -0.879791 0.000342825
0.411062 -0.856182 0.000338768
0.439569 -0.817011 0.00033503
0.477166 -0.763782 0.000331752
0.522407 -0.698543 0.000329063
0.573555 -0.623799 0.000327064
0.628642 -0.542423 0.000325834
0.685554 -0.457541 0.000325418
0.742102 -0.372417 0.000325833
0.796113 -0.290321 0.000327064
0.845512 -0.214408 0.000329062
0.888401 -0.147595 0.000331752
0.923131 -0.092449 0.000335029
0.948368 -0.0510903 0.000338768
0.963142 -0.0251077 0.000342824
0.966885 -0.0154997 0.000347044
0.959453 -0.0226356 0.000351263
0.941133 -0.0462411 0.00035532
0.912628 -0.085409 0.000359059
0.875033 -0.138634 0.000362336
0.829793 -0.203872 0.000365026
0.778647 -0.278614 0.000367024
0.72356 -0.359989 0.000368255
0.666648 -0.44487 0.000368671
0.6101 -0.529994 0.000368256
0.556088 -0.612091 0.000367025
0.506688 -0.688006 0.000365027
0.463798 -0.754822 0.000362338
0.429065 -0.80997 0.000359061
0.403826 -0.851332 0.000355322
0.38905 -0.877318 0.000351265
0.385304 -0.88693 0.000347046
0.392733 -0.879798 0.000342827
0.411051 -0.856196 0.00033877
0.439555 -0.817031 0.000335031
0.477148 -0.763809 0.000331754
0.522386 -0.698574 0.000329064
0.573531 -0.623833 0.000327065
0.628618 -0.542459 0.000325834
0.685529 -0.457579 0.000325418
0.742077 -0.372454 0.000325833
0.79609 -0.290356 0.000327063
0.845491 -0.214439 0.000329061
0.888383 -0.147622 0.00033175
0.923117 -0.0924705 0.000335027
0.948359 -0.0511053 0.000338766
0.963137 -0.0251156 0.000342823
0.966886 -0.0155003 0.000347042
0.959459 -0.0226288 0.000351261
0.941143 -0.0462271 0.000355318
0.912642 -0.0853885 0.000359057
0.875051 -0.138608 0.000362335
0.829814 -0.20384 0.000365025
0.77867 -0.278579 0.000367024
0.723584 -0.359952 0.000368255
0.666674 -0.444832 0.000368671
0.610125 -0.529957 0.000368256
0.556111 -0.612056 0.000367026
0.506708 -0.687975 0.000365028
0.463815 -0.754795 0.000362339
0.429079 -0.809949 0.000359062
0.403835 -0.851317 0.000355324
0.389054 -0.87731 0.000351267
0.385304 -0.886929 0.000347048
0.392728 -0.879805 0.000342829
0.411041 -0.85621 0.000338772
0.43954 -0.817052 0.000335033
0.477129 -0.763835 0.000331755
0.522365 -0.698605 0.000329065
0.573507 -0.623868 0.000327066
0.628593 -0.542496 0.000325834
0.685503 -0.457617 0.000325418
0.742052 -0.372492 0.000325833
0.796067 -0.290391 0.000327062
0.845471 -0.214471 0.00032906
0.888366 -0.147649 0.000331749
0.923104 -0.0924919 0.000335026
0.94835 -0.0511202 0.000338764
0.963133 -0.0251235 0.000342821
0.966886 -0.0155008 0.00034704
0.959465 -0.0226219 0.000351259
0.941154 -0.0462132 0.000355316
0.912657 -0.0853679 0.000359055
0.875069 -0.138582 0.000362333
0.829836 -0.203809 0.000365023
0.778694 -0.278544 0.000367023
0.723609 -0.359915 0.000368254
0.666699 -0.444794 0.000368671
0.61015 -0.52992 0.000368256
0.556134 -0.612021 0.000367027
0.506729 -0.687943 0.000365029
0.463832 -0.754768 0.000362341
0.429092 -0.809927 0.000359064
0.403844 -0.851302 0.000355326
0.389058 -0.877302 0.000351269
0.385303 -0.886929 0.00034705
0.392722 -0.879811 0.000342831
0.411031 -0.856224 0.000338774
0.439525 -0.817072 0.000335034
0.477111 -0.763861 0.000331756
0.522343 -0.698636 0.000329066
0.573484 -0.623903 0.000327066
0.628568 -0.542533 0.000325835
0.685478 -0.457655 0.000325418
0.742028 -0.372529 0.000325832
0.796044 -0.290426 0.000327062
0.84545 -0.214503 0.000329059
0.888349 -0.147676 0.000331748
0.923091 -0.0925134 0.000335024
0.948341 -0.0511352 0.000338762
0.963129 -0.0251315 0.000342819
0.966887 -0.0155014 0.000347038
0.959471 -0.0226151 0.000351257
0.941164 -0.0461992 0.000355314
0.912672 -0.0853474 0.000359054
0.875088 -0.138555 0.000362332
0.829857 -0.203778 0.000365022
0.778717 -0.27851 0.000367022
0.723634 -0.359878 0.000368254
0.666724 -0.444756 0.000368671
0.610174 -0.529883 0.000368257
0.556157 -0.611986 0.000367027
0.50675 -0.687911 0.00036503
0.463849 -0.75474 0.000362342
0.429106 -0.809906 0.000359066
0.403853 -0.851287 0.000355327
0.389062 -0.877294 0.000351271
0.385302 -0.886928 0.000347052
0.392716 -0.879818 0.000342833
0.41102 -0.856238 0.000338775
0.43951 -0.817093 0.000335036
0.477092 -0.763888 0.000331758
0.522322 -0.698667 0.000329067
0.57346 -0.623938 0.000327067
0.628543 -0.54257 0.000325835
0.685453 -0.457693 0.000325418
0.742003 -0.372566 0.000325832
0.796021 -0.290462 0.000327061
0.84543 -0.214535 0.000329058
0.888332 -0.147703 0.000331746
0.923077 -0.0925349 0.000335023
0.948332 -0.0511502 0.000338761
0.963125 -0.0251394 0.000342817
0.966888 -0.015502 0.000347036
0.959476 -0.0226083 0.000351255
0.941175 -0.0461853 0.000355313
0.912686 -0.0853269 0.000359052
0.875106 -0.138529 0.000362331
0.829879 -0.203747 0.000365021
0.778741 -0.278475 0.000367021
0.723659 -0.359841 0.000368254
0.666749 -0.444718 0.000368671
0.610199 -0.529845 0.000368257
0.55618 -0.611951 0.000367028
0.50677 -0.687879 0.000365031
0.463867 -0.754713 0.000362343
0.429119 -0.809884 0.000359067
0.403862 -0.851272 0.000355329
0.389066 -0.877287 0.000351273
0.381641 -0.896825 0.000249951
0.38922 -0.889546 0.00024565
0.407902 -0.865474 0.000241513
0.436968 -0.825535 0.000237701
0.475302 -0.771264 0.00023436
0.521429 -0.704746 0.000231617
0.573579 -0.628538 0.00022958
0.629746 -0.545567 0.000228325
0.687773 -0.459022 0.000227901
0.745428 -0.37223 0.000228325
0.800498 -0.288525 0.000229579
0.850865 -0.211125 0.000231617
0.894594 -0.143002 0.000234359
0.930005 -0.0867761 0.0002377
0.955736 -0.044607 0.000241512
0.9708 -0.0181153 0.000245649
0.974616 -0.00831902 0.00024995
0.967039 -0.0155947 0.000254252
0.94836 -0.0396627 0.000258389
0.919296 -0.0795982 0.000262201
0.880964 -0.133866 0.000265542
0.834838 -0.200382 0.000268285
0.78269 -0.276589 0.000270323
0.726523 -0.359558 0.000271578
0.668497 -0.446102 0.000272002
0.610841 -0.532895 0.000271578
0.55577 -0.616601 0.000270324
0.505402 -0.694003 0.000268286
0.461671 -0.762128 0.000265544
0.426258 -0.818357 0.000262203
0.400525 -0.86053 0.000258391
0.385459 -0.887025 0.000254255
0.38164 -0.896825 0.000249953
0.389214 -0.889553 0.000245651
0.407891 -0.865489 0.000241515
0.436953 -0.825556 0.000237703
0.475283 -0.771291 0.000234361
0.521408 -0.704778 0.000231618
0.573555 -0.628573 0.00022958
0.629721 -0.545605 0.000228325
0.687747 -0.459061 0.000227901
0.745403 -0.372268 0.000228324
0.800475 -0.288561 0.000229579
0.850844 -0.211157 0.000231616
0.894577 -0.14303 0.000234358
0.929991 -0.086798 0.000237699
0.955727 -0.0446222 0.000241511
0.970796 -0.0181233 0.000245647
0.974617 -0.00831959 0.000249948
0.967045 -0.0155877 0.00025425
0.948371 -0.0396485 0.000258387
0.919311 -0.0795772 0.000262199
0.880983 -0.13384 0.000265541
0.83486 -0.20035 0.000268284
0.782714 -0.276553 0.000270322
0.726548 -0.359521 0.000271577
0.668523 -0.446064 0.000272002
0.610866 -0.532857 0.000271579
0.555794 -0.616565 0.000270324
0.505423 -0.693971 0.000268287
0.461689 -0.7621 0.000265546
0.426272 -0.818335 0.000262205
0.400534 -0.860514 0.000258393
0.385463 -0.887017 0.000254257
0.381639 -0.896824 0.000249955
0.389208 -0.88956 0.000245653
0.407881 -0.865503 0.000241517
0.436938 -0.825577 0.000237704
0.475264 -0.771318 0.000234362
0.521386 -0.70481 0.000231619
0.573531 -0.628608 0.000229581
0.629695 -0.545642 0.000228326
0.687721 -0.4591 0.000227901
0.745378 -0.372306 0.000228324
0.800451 -0.288597 0.000229578
0.850823 -0.211189 0.000231615
0.894559 -0.143058 0.000234356
0.929978 -0.0868199 0.000237697
0.955718 -0.0446375 0.000241509
0.970791 -0.0181314 0.000245645
0.974618 -0.00832015 0.000249947
0.967051 -0.0155808 0.000254248
0.948381 -0.0396343 0.000258385
0.919326 -0.0795563 0.000262198
0.881002 -0.133813 0.00026554
0.834882 -0.200319 0.000268283
0.782738 -0.276518 0.000270321
0.726574 -0.359483 0.000271577
0.668548 -0.446025 0.000272002
0.610891 -0.532819 0.000271579
0.555817 -0.616529 0.000270325
0.505444 -0.693939 0.000268289
0.461706 -0.762073 0.000265547
0.426286 -0.818313 0.000262206
0.400543 -0.860499 0.000258395
0.385467 -0.887009 0.000254259
0.381638 -0.896824 0.000249957
0.389203 -0.889567 0.000245655
0.40787 -0.865517 0.000241518
0.436923 -0.825598 0.000237706
0.475245 -0.771345 0.000234364
0.521364 -0.704841 0.000231621
0.573507 -0.628644 0.000229582
0.62967 -0.54568 0.000228326
0.687695 -0.459138 0.000227901
0.745353 -0.372344 0.000228324
0.800428 -0.288633 0.000229577
0.850802 -0.211222 0.000231614
0.894541 -0.143085 0.000234355
0.929964 -0.0868418 0.000237695
0.955709 -0.0446528 0.000241507
0.970787 -0.0181395 0.000245643
0.974619 -0.00832072 0.000249945
0.967057 -0.0155738 0.000254247
0.948392 -0.03962 0.000258383
0.919341 -0.0795354 0.000262196
0.881021 -0.133786 0.000265538
0.834904 -0.200287 0.000268282
0.782762 -0.276483 0.00027032
0.726599 -0.359445 0.000271577
0.668574 -0.445987 0.000272002
0.610916 -0.532781 0.000271579
0.555841 -0.616493 0.000270326
0.505465 -0.693906 0.00026829
0.461724 -0.762045 0.000265548
0.426299 -0.818291 0.000262208
0.400552 -0.860484 0.000258397
0.385471 -0.887001 0.000254261
0.381637 -0.896823 0.000249959
0.389197 -0.889574 0.000245657
0.407859 -0.865531 0.00024152
0.436908 -0.825619 0.000237707
0.475226 -0.771372 0.000234365
0.521342 -0.704873 0.000231622
0.573483 -0.628679 0.000229583
0.629645 -0.545718 0.000228326
0.68767 -0.459177 0.000227901
0.745328 -0.372382 0.000228323
0.800404 -0.288669 0.000229576
0.850781 -0.211254 0.000231613
0.894524 -0.143113 0.000234354
0.92995 -0.0868637 0.000237694
0.9557 -0.0446681 0.000241505
0.970783 -0.0181476 0.000245641
0.97462 -0.00832129 0.000249943
0.967063 -0.0155669 0.000254245
0.948402 -0.0396058 0.000258382
0.919356 -0.0795144 0.000262195
0.881039 -0.133759 0.000265537
0.834925 -0.200255 0.000268281
0.782786 -0.276447 0.00027032
0.726625 -0.359408 0.000271576
0.6686 -0.445948 0.000272002
0.610941 -0.532743 0.00027158
0.555864 -0.616458 0.000270327
0.505486 -0.693874 0.000268291
0.461742 -0.762017 0.00026555
0.426313 -0.81827 0.00026221
0.400561 -0.860468 0.000258398
0.385476 -0.886993 0.000254262
0.381636 -0.896823 0.000249961
0.389191 -0.889581 0.000245659
0.407849 -0.865545 0.000241522
0.38937 -0.889648 0.000152858
0.396804 -0.882509 0.000148639
0.415126 -0.8589 0.000144582
0.443634 -0.819728 0.000140843
0.481231 -0.766499 0.000137566
0.526473 -0.701259 0.000134876
0.577621 -0.626514 0.000132877
0.632709 -0.545138 0.000131647
0.689621 -0.460256 0.000131231
0.746169 -0.375131 0.000131647
0.800181 -0.293034 0.000132877
0.84958 -0.21712 0.000134876
0.892469 -0.150306 0.000137565
0.9272 -0.0951602 0.000140842
0.952437 -0.0538011 0.000144581
0.967211 -0.0278183 0.000148638
0.970954 -0.0182102 0.000152857
0.963523 -0.0253462 0.000157076
0.945202 -0.0489518 0.000161133
0.916697 -0.0881201 0.000164872
0.879101 -0.141346 0.000168149
0.833861 -0.206584 0.000170839
0.782715 -0.281327 0.000172838
0.727627 -0.362702 0.000174069
0.670715 -0.447584 0.000174485
0.614167 -0.532709 0.000174069
0.560154 -0.614807 0.000172839
0.510753 -0.690723 0.000170841
0.467863 -0.757539 0.000168151
0.43313 -0.812688 0.000164874
0.407891 -0.85405 0.000161136
0.393115 -0.880036 0.000157079
0.389369 -0.889648 0.00015286
0.396798 -0.882516 0.000148641
0.415116 -0.858914 0.000144583
0.44362 -0.819749 0.000140844
0.481213 -0.766526 0.000137567
0.526452 -0.70129 0.000134877
0.577597 -0.626549 0.000132878
0.632684 -0.545175 0.000131647
0.689596 -0.460294 0.000131231
0.746145 -0.375168 0.000131646
0.800158 -0.293069 0.000132876
0.84956 -0.217152 0.000134874
0.892452 -0.150333 0.000137564
0.927187 -0.0951816 0.00014084
0.952428 -0.0538161 0.000144579
0.967207 -0.0278262 0.000148636
0.970955 -0.0182108 0.000152855
0.963529 -0.0253393 0.000157074
0.945213 -0.0489379 0.000161131
0.916711 -0.0880996 0.00016487
0.87912 -0.14132 0.000168148
0.833883 -0.206553 0.000170838
0.782738 -0.281292 0.000172837
0.727652 -0.362665 0.000174068
0.670741 -0.447546 0.000174485
0.614191 -0.532672 0.00017407
0.560177 -0.614772 0.00017284
0.510774 -0.690691 0.000170842
0.46788 -0.757512 0.000168153
0.433144 -0.812666 0.000164876
0.4079 -0.854035 0.000161137
0.393119 -0.880028 0.000157081
0.389368 -0.889647 0.000152862
0.396792 -0.882523 0.000148642
0.415106 -0.858928 0.000144585
0.443605 -0.819769 0.000140846
0.481195 -0.766552 0.000137568
0.52643 -0.701321 0.000134878
0.577574 -0.626584 0.000132879
0.632659 -0.545212 0.000131647
0.68957 -0.460331 0.000131231
0.74612 -0.375205 0.000131646
0.800135 -0.293104 0.000132876
0.849539 -0.217183 0.000134873
0.892435 -0.15036 0.000137562
0.927173 -0.0952031 0.000140839
0.952419 -0.0538311 0.000144577
0.967203 -0.0278341 0.000148634
0.970956 -0.0182113 0.000152853
0.963534 -0.0253325 0.000157072
0.945223 -0.0489239 0.00016113
0.916726 -0.0880791 0.000164869
0.879138 -0.141293 0.000168147
0.833904 -0.206521 0.000170837
0.782762 -0.281257 0.000172836
0.727677 -0.362628 0.000174068
0.670766 -0.447508 0.000174485
0.614216 -0.532635 0.00017407
0.5602 -0.614737 0.00017284
0.510795 -0.690659 0.000170843
0.467897 -0.757484 0.000168154
0.433157 -0.812645 0.000164878
0.407909 -0.85402 0.000161139
0.393123 -0.88002 0.000157082
0.389367 -0.889647 0.000152863
0.396786 -0.882529 0.000148644
0.415095 -0.858941 0.000144587
0.44359 -0.81979 0.000140847
0.481176 -0.766578 0.00013757
0.526409 -0.701353 0.000134879
0.57755 -0.626619 0.00013288
0.632634 -0.545248 0.000131648
0.689545 -0.460369 0.000131231
0.746095 -0.375242 0.000131645
0.800112 -0.293139 0.000132875
0.849519 -0.217215 0.000134872
0.892418 -0.150388 0.000137561
0.92716 -0.0952246 0.000140837
0.95241 -0.053846 0.000144576
0.967199 -0.0278421 0.000148632
0.970957 -0.0182119 0.000152851
0.96354 -0.0253257 0.00015707
0.945234 -0.04891 0.000161128
0.916741 -0.0880585 0.000164867
0.879157 -0.141267 0.000168145
0.833925 -0.20649 0.000170836
0.782785 -0.281222 0.000172836
0.727702 -0.362591 0.000174068
0.670791 -0.44747 0.000174485
0.614241 -0.532598 0.00017407
0.560223 -0.614702 0.000172841
0.510815 -0.690627 0.000170844
0.467915 -0.757457 0.000168155
0.43317 -0.812623 0.000164879
0.407918 -0.854005 0.000161141
0.393127 -0.880012 0.000157084
0.389366 -0.889646 0.000152865
0.396781 -0.882536 0.000148646
0.415085 -0.858955 0.000144589
0.443575 -0.81981 0.000140849
0.481158 -0.766605 0.000137571
0.526387 -0.701384 0.00013488
0.577526 -0.626653 0.00013288
0.632609 -0.545285 0.000131648
0.68952 -0.460407 0.000131231
0.746071 -0.375279 0.000131645
0.800089 -0.293174 0.000132874
0.849498 -0.217247 0.000134871
0.8924 -0.150415 0.00013756
0.927147 -0.0952461 0.000140836
0.952401 -0.053861 0.000144574
0.967195 -0.02785 0.00014863
0.970958 -0.0182125 0.000152849
0.963546 -0.0253188 0.000157069
0.945244 -0.048896 0.000161126
0.916755 -0.088038 0.000164866
0.879175 -0.141241 0.000168144
0.833947 -0.206459 0.000170835
0.782809 -0.281188 0.000172835
0.727727 -0.362554 0.000174067
0.670816 -0.447433 0.000174485
0.614265 -0.53256 0.000174071
0.560246 -0.614666 0.000172842
0.510836 -0.690596 0.000170845
0.467932 -0.75743 0.000168157
0.433184 -0.812602 0.000164881
0.407927 -0.85399 0.000161143
0.393131 -0.880004 0.000157086
0.408195 -0.865675 5.9495e-05
0.415198 -0.85895 5.55207e-05
0.432458 -0.83671 5.16991e-05
0.459312 -0.799811 4.81771e-05
0.494728 -0.749671 4.509e-05
0.537345 -0.688215 4.25564e-05
0.585525 -0.617807 4.06738e-05
0.637417 -0.541151 3.95145e-05
0.691027 -0.461194 3.9123e-05
0.744295 -0.381007 3.95143e-05
0.795173 -0.303673 4.06735e-05
0.841707 -0.232163 4.25559e-05
0.882108 -0.169226 4.50893e-05
0.914823 -0.117279 4.81763e-05
0.938596 -0.0783194 5.16983e-05
0.952513 -0.0538439 5.55198e-05
0.956039 -0.0447933 5.94941e-05
0.949039 -0.0515152 6.34685e-05
0.931781 -0.0737514 6.72901e-05
0.90493 -0.110647 7.08122e-05
0.869515 -0.160785 7.38994e-05
0.8269 -0.222238 7.64331e-05
0.77872 -0.292645 7.83159e-05
0.726829 -0.3693 7.94754e-05
0.673219 -0.449257 7.98671e-05
0.619951 -0.529444 7.94759e-05
0.569072 -0.606779 7.83169e-05
0.522537 -0.67829 7.64346e-05
0.482135 -0.74123 7.39013e-05
0.449417 -0.793179 7.08144e-05
0.425642 -0.832142 6.72926e-05
0.411723 -0.856621 6.34711e-05
0.408194 -0.865675 5.94968e-05
0.415192 -0.858956 5.55224e-05
0.432448 -0.836724 5.17007e-05
0.459298 -0.799831 4.81785e-05
0.49471 -0.749696 4.50912e-05
0.537325 -0.688245 4.25574e-05
0.585503 -0.61784 4.06745e-05
0.637394 -0.541186 3.95148e-05
0.691004 -0.461229 3.9123e-05
0.744272 -0.381042 3.9514e-05
0.795152 -0.303706 4.06728e-05
0.841688 -0.232193 4.2555e-05
0.882092 -0.169251 4.50881e-05
0.914811 -0.117299 4.81748e-05
0.938588 -0.0783335 5.16966e-05
0.95251 -0.0538514 5.55181e-05
0.95604 -0.0447938 5.94924e-05
0.949045 -0.0515088 6.34667e-05
0.931791 -0.0737383 6.72885e-05
0.904943 -0.110628 7.08108e-05
0.869533 -0.16076 7.38982e-05
0.82692 -0.222209 7.64321e-05
0.778743 -0.292612 7.83152e-05
0.726852 -0.369265 7.9475e-05
0.673243 -0.449221 7.98671e-05
0.619974 -0.529409 7.94762e-05
0.569094 -0.606746 7.83176e-05
0.522556 -0.67826 7.64356e-05
0.482151 -0.741204 7.39026e-05
0.44943 -0.793159 7.08159e-05
0.42565 -0.832128 6.72942e-05
0.411727 -0.856613 6.34728e-05
0.408194 -0.865674 5.94986e-05
0.415187 -0.858963 5.55241e-05
0.432438 -0.836737 5.17023e-05
0.459284 -0.79985 4.818e-05
0.494693 -0.74972 4.50925e-05
0.537304 -0.688274 4.25584e-05
0.585481 -0.617872 4.06752e-05
0.63737 -0.541221 3.95152e-05
0.69098 -0.461265 3.9123e-05
0.744249 -0.381077 3.95136e-05
0.79513 -0.303739 4.06721e-05
0.841668 -0.232223 4.2554e-05
0.882075 -0.169277 4.50868e-05
0.914798 -0.117319 4.81734e-05
0.93858 -0.0783476 5.1695e-05
0.952506 -0.0538589 5.55163e-05
0.956041 -0.0447943 5.94906e-05
0.94905 -0.0515023 6.3465e-05
0.931801 -0.0737251 6.72869e-05
0.904957 -0.110609 7.08093e-05
0.86955 -0.160736 7.38969e-05
0.82694 -0.22218 7.64311e-05
0.778765 -0.29258 7.83145e-05
0.726876 -0.36923 7.94747e-05
0.673266 -0.449186 7.98671e-05
0.619997 -0.529374 7.94766e-05
0.569115 -0.606713 7.83182e-05
0.522576 -0.67823 7.64365e-05
0.482167 -0.741179 7.39038e-05
0.449442 -0.793139 7.08174e-05
0.425659 -0.832114 6.72959e-05
0.411731 -0.856606 6.34746e-05
0.408193 -0.865674 5.95003e-05
0.415182 -0.858969 5.55259e-05
0.432428 -0.83675 5.1704e-05
0.45927 -0.799869 4.81815e-05
0.494676 -0.749745 4.50937e-05
0.537284 -0.688303 4.25594e-05
0.585458 -0.617905 4.06759e-05
0.637347 -0.541256 3.95155e-05
0.690956 -0.461301 3.9123e-05
0.744226 -0.381112 3.95133e-05
0.795108 -0.303772 4.06715e-05
0.841649 -0.232253 4.2553e-05
0.882059 -0.169302 4.50856e-05
0.914786 -0.11734 4.81719e-05
0.938571 -0.0783617 5.16934e-05
0.952502 -0.0538663 5.55146e-05
0.956042 -0.0447949 5.94888e-05
0.949055 -0.0514959 6.34633e-05
0.931811 -0.073712 6.72852e-05
0.904971 -0.110589 7.08078e-05
0.869567 -0.160711 7.38957e-05
0.82696 -0.22215 7.64302e-05
0.778787 -0.292547 7.83138e-05
0.726899 -0.369195 7.94743e-05
0.67329 -0.44915 7.98671e-05
0.62002 -0.529339 7.94769e-05
0.569137 -0.606679 7.83189e-05
0.522595 -0.6782 7.64375e-05
0.482183 -0.741153 7.39051e-05
0.449455 -0.793119 7.08189e-05
0.425667 -0.8321 6.72975e-05
0.411734 -0.856598 6.34763e-05
0.408192 -0.865673 5.95021e-05
0.415176 -0.858976 5.55276e-05
0.432419 -0.836763 5.17056e-05
0.459256 -0.799889 4.81829e-05
0.494658 -0.74977 4.5095e-05
0.537264 -0.688333 4.25604e-05
0.585436 -0.617938 4.06765e-05
0.637324 -0.54129 3.95159e-05
0.690932 -0.461336 3.9123e-05
0.744202 -0.381147 3.95129e-05
0.795087 -0.303806 4.06708e-05
0.84163 -0.232283 4.2552e-05
0.882043 -0.169328 4.50843e-05
0.914773 -0.11736 4.81704e-05
0.938563 -0.0783758 5.16917e-05
0.952498 -0.0538738 5.55129e-05
0.956043 -0.0447954 5.94871e-05
0.949061 -0.0514895 6.34615e-05
0.931821 -0.0736988 6.72836e-05
0.904985 -0.11057 7.08064e-05
0.869585 -0.160686 7.38944e-05
0.82698 -0.222121 7.64292e-05
0.778809 -0.292514 7.83132e-05
0.437394 -0.825827 -2.65493e-05
0.443696 -0.819775 -3.01261e-05
0.45923 -0.799759 -3.35655e-05
0.483398 -0.766551 -3.67353e-05
0.515272 -0.721425 -3.95136e-05
0.553626 -0.666116 -4.17937e-05
0.596988 -0.60275 -4.3488e-05
0.64369 -0.533761 -4.45314e-05
0.691938 -0.4618 -4.48838e-05
0.739878 -0.389634 -4.45316e-05
0.785668 -0.320034 -4.34883e-05
0.827548 -0.255677 -4.17942e-05
0.863908 -0.199034 -3.95141e-05
0.893351 -0.152283 -3.67359e-05
0.914747 -0.11722 -3.35662e-05
0.927272 -0.0951921 -3.01269e-05
0.930445 -0.0870466 -2.65501e-05
0.924145 -0.0930963 -2.29732e-05
0.908613 -0.113108 -1.95338e-05
0.884447 -0.146314 -1.63639e-05
0.852575 -0.191438 -1.35855e-05
0.814221 -0.246744 -1.13053e-05
0.770861 -0.310109 -9.6108e-06
0.724159 -0.379097 -8.56727e-06
0.675911 -0.451057 -8.21475e-06
0.627971 -0.523224 -8.5668e-06
0.58218 -0.592825 -9.60989e-06
0.5403 -0.657184 -1.13039e-05
0.503938 -0.713828 -1.35838e-05
0.474493 -0.760582 -1.6362e-05
0.453096 -0.795648 -1.95316e-05
0.440569 -0.817678 -2.29709e-05
0.437393 -0.825827 -2.65477e-05
0.443691 -0.81978 -3.01245e-05
0.459221 -0.799771 -3.3564e-05
0.483385 -0.766568 -3.67339e-05
0.515256 -0.721447 -3.95125e-05
0.553608 -0.666143 -4.17928e-05
0.596968 -0.602779 -4.34874e-05
0.643669 -0.533792 -4.45311e-05
0.691917 -0.461832 -4.48838e-05
0.739858 -0.389665 -4.45319e-05
0.785648 -0.320064 -4.34889e-05
0.82753 -0.255704 -4.1795e-05
0.863893 -0.199057 -3.95153e-05
0.89334 -0.152301 -3.67372e-05
0.914739 -0.117232 -3.35677e-05
0.927268 -0.0951988 -3.01284e-05
0.930446 -0.0870471 -2.65517e-05
0.92415 -0.0930905 -2.29748e-05
0.908622 -0.113097 -1.95352e-05
0.884459 -0.146297 -1.63653e-05
0.85259 -0.191415 -1.35866e-05
0.814239 -0.246718 -1.13061e-05
0.770881 -0.31008 -9.61141e-06
0.72418 -0.379066 -8.56758e-06
0.675932 -0.451025 -8.21475e-06
0.627991 -0.523193 -8.56649e-06
0.5822 -0.592795 -9.60928e-06
0.540317 -0.657157 -1.1303e-05
0.503953 -0.713805 -1.35827e-05
0.474504 -0.760564 -1.63606e-05
0.453103 -0.795635 -1.95301e-05
0.440572 -0.817672 -2.29693e-05
0.437392 -0.825826 -2.65461e-05
0.443686 -0.819786 -3.0123e-05
0.459212 -0.799783 -3.35625e-05
0.483373 -0.766586 -3.67326e-05
0.51524 -0.72147 -3.95113e-05
0.55359 -0.666169 -4.1792e-05
0.596948 -0.602809 -4.34868e-05
0.643648 -0.533823 -4.45308e-05
0.691896 -0.461864 -4.48838e-05
0.739837 -0.389697 -4.45322e-05
0.785629 -0.320094 -4.34896e-05
0.827513 -0.25573 -4.17959e-05
0.863878 -0.19908 -3.95164e-05
0.893329 -0.152319 -3.67386e-05
0.914731 -0.117245 -3.35692e-05
0.927265 -0.0952055 -3.013e-05
0.930446 -0.0870476 -2.65532e-05
0.924155 -0.0930847 -2.29763e-05
0.908631 -0.113085 -1.95367e-05
0.884472 -0.146279 -1.63666e-05
0.852606 -0.191393 -1.35878e-05
0.814258 -0.246692 -1.1307e-05
0.770901 -0.31005 -9.61202e-06
0.724201 -0.379035 -8.56789e-06
0.675954 -0.450993 -8.21475e-06
0.628012 -0.523161 -8.56618e-06
0.582219 -0.592765 -9.60867e-06
0.540334 -0.65713 -1.13022e-05
0.503967 -0.713782 -1.35816e-05
0.474516 -0.760546 -1.63593e-05
0.453111 -0.795623 -1.95286e-05
0.440576 -0.817665 -2.29677e-05
0.437392 -0.825826 -2.65445e-05
0.443682 -0.819792 -3.01214e-05
0.459203 -0.799795 -3.35611e-05
0.483361 -0.766603 -3.67313e-05
0.515225 -0.721492 -3.95102e-05
0.553572 -0.666195 -4.17911e-05
0.596928 -0.602838 -4.34862e-05
0.643627 -0.533855 -4.45305e-05
0.691874 -0.461896 -4.48838e-05
0.739816 -0.389728 -4.45325e-05
0.78561 -0.320124 -4.34902e-05
0.827495 -0.255757 -4.17968e-05
0.863864 -0.199103 -3.95175e-05
0.893317 -0.152337 -3.67399e-05
0.914724 -0.117258 -3.35706e-05
0.927261 -0.0952122 -3.01316e-05
0.930447 -0.087048 -2.65548e-05
0.924159 -0.0930789 -2.29779e-05
0.90864 -0.113073 -1.95382e-05
0.884484 -0.146262 -1.63679e-05
0.852621 -0.191371 -1.35889e-05
0.814276 -0.246665 -1.13079e-05
0.770921 -0.310021 -9.61263e-06
0.724222 -0.379003 -8.5682e-06
0.675975 -0.450961 -8.21475e-06
0.628033 -0.52313 -8.56587e-06
0.582239 -0.592735 -9.60806e-06
0.540352 -0.657103 -1.13013e-05
0.503982 -0.713759 -1.35804e-05
0.474527 -0.760527 -1.6358e-05
0.453118 -0.79561 -1.95272e-05
0.440579 -0.817658 -2.29662e-05
0.437391 -0.825826 -2.65429e-05
0.443677 -0.819798 -3.01199e-05
0.459194 -0.799807 -3.35596e-05
0.483348 -0.76662 -3.673e-05
0.515209 -0.721514 -3.95091e-05
0.553554 -0.666222 -4.17902e-05
0.596908 -0.602868 -4.34856e-05
0.643606 -0.533886 -4.45302e-05
0.475844 -0.771636 -0.000101968
0.481203 -0.766488 -0.00010501
0.494414 -0.749467 -0.000107935
0.514967 -0.721225 -0.000110631
0.542074 -0.682848 -0.000112994
0.574692 -0.635811 -0.000114933
0.611569 -0.581922 -0.000116374
0.651286 -0.52325 -0.000117261
0.692319 -0.462052 -0.000117561
0.733089 -0.400679 -0.000117261
0.77203 -0.341489 -0.000116374
0.807646 -0.286756 -0.000114933
0.838568 -0.238585 -0.000112994
0.863608 -0.198826 -0.000110632
0.881804 -0.169007 -0.000107936
0.892456 -0.150274 -0.000105011
0.895154 -0.143347 -0.000101969
0.889796 -0.148491 -9.89273e-05
0.876588 -0.165511 -9.60022e-05
0.856036 -0.19375 -9.33065e-05
0.82893 -0.232125 -9.09436e-05
0.796313 -0.27916 -8.90044e-05
0.759437 -0.333048 -8.75633e-05
0.71972 -0.391718 -8.66759e-05
0.678688 -0.452916 -8.63761e-05
0.637918 -0.51429 -8.66755e-05
0.598976 -0.573481 -8.75626e-05
0.563359 -0.628214 -8.90032e-05
0.532436 -0.676387 -9.09421e-05
0.507394 -0.716149 -9.33048e-05
0.489197 -0.74597 -9.60004e-05
0.478544 -0.764706 -9.89253e-05
0.475843 -0.771635 -0.000101967
0.481199 -0.766493 -0.000105009
0.494406 -0.749477 -0.000107934
0.514957 -0.721239 -0.00011063
0.542061 -0.682867 -0.000112993
0.574677 -0.635833 -0.000114932
0.611552 -0.581947 -0.000116373
0.651268 -0.523277 -0.000117261
0.6923 -0.46208 -0.000117561
0.733071 -0.400706 -0.000117262
0.772014 -0.341514 -0.000116375
0.807631 -0.286779 -0.000114934
0.838556 -0.238605 -0.000112995
0.863599 -0.198841 -0.000110633
0.881797 -0.169018 -0.000107937
0.892453 -0.150279 -0.000105012
0.895155 -0.143347 -0.000101971
0.889801 -0.148486 -9.89286e-05
0.876595 -0.165501 -9.60035e-05
0.856046 -0.193735 -9.33076e-05
0.828944 -0.232106 -9.09445e-05
0.796328 -0.279138 -8.90051e-05
0.759454 -0.333023 -8.75638e-05
0.719738 -0.391692 -8.66761e-05
0.678706 -0.452889 -8.63761e-05
0.637935 -0.514263 -8.66752e-05
0.598992 -0.573455 -8.7562e-05
0.563374 -0.628191 -8.90025e-05
0.532448 -0.676368 -9.09412e-05
0.507404 -0.716133 -9.33037e-05
0.489204 -0.745959 -9.59991e-05
0.478547 -0.7647 -9.89239e-05
0.475842 -0.771635 -0.000101966
0.481195 -0.766498 -0.000105008
0.494399 -0.749487 -0.000107933
0.514946 -0.721254 -0.000110629
0.542048 -0.682886 -0.000112992
0.574662 -0.635856 -0.000114931
0.611535 -0.581972 -0.000116373
0.65125 -0.523304 -0.000117261
0.692282 -0.462107 -0.000117561
0.733053 -0.400733 -0.000117262
0.771997 -0.341539 -0.000116375
0.807617 -0.286802 -0.000114935
0.838543 -0.238624 -0.000112996
0.863589 -0.198857 -0.000110634
0.881791 -0.169028 -0.000107939
0.89245 -0.150285 -0.000105014
0.895156 -0.143347 -0.000101972
0.889805 -0.148482 -9.89299e-05
0.876603 -0.16549 -9.60047e-05
0.856057 -0.193721 -9.33087e-05
0.828957 -0.232087 -9.09455e-05
0.796344 -0.279115 -8.90059e-05
0.759471 -0.332998 -8.75644e-05
0.719756 -0.391665 -8.66764e-05
0.678725 -0.452862 -8.63761e-05
0.637953 -0.514236 -8.66749e-05
0.599009 -0.57343 -8.75615e-05
0.563388 -0.628169 -8.90017e-05
0.53246 -0.676348 -9.09402e-05
0.507413 -0.716118 -9.33025e-05
0.48921 -0.745948 -9.59979e-05
0.47855 -0.764694 -9.89226e-05
0.475842 -0.771635 -0.000101964
0.481191 -0.766503 -0.000105006
0.494391 -0.749497 -0.000107932
0.514935 -0.721269 -0.000110628
0.542034 -0.682905 -0.000112991
0.574646 -0.635878 -0.000114931
0.611518 -0.581997 -0.000116372
0.651233 -0.52333 -0.00011726
0.692264 -0.462134 -0.000117561
0.733036 -0.400759 -0.000117262
0.77198 -0.341565 -0.000116376
0.807602 -0.286825 -0.000114936
0.838531 -0.238644 -0.000112997
0.863579 -0.198872 -0.000110635
0.881785 -0.169039 -0.00010794
0.892447 -0.150291 -0.000105015
0.895156 -0.143348 -0.000101973
0.889809 -0.148477 -9.89312e-05
0.87661 -0.16548 -9.6006e-05
0.856067 -0.193706 -9.33099e-05
0.522067 -0.705183 -0.000163864
0.526278 -0.701139 -0.000166254
0.536658 -0.687765 -0.000168553
0.552807 -0.665575 -0.000170671
0.574105 -0.635421 -0.000172527
0.599733 -0.598464 -0.000174051
0.628708 -0.556123 -0.000175183
0.659914 -0.510024 -0.00017588
0.692154 -0.46194 -0.000176116
0.724187 -0.413718 -0.00017588
0.754784 -0.367212 -0.000175183
0.782768 -0.324208 -0.000174051
0.807064 -0.286359 -0.000172528
0.826738 -0.25512 -0.000170671
0.841034 -0.231691 -0.000168553
0.849403 -0.216972 -0.000166255
0.851524 -0.211529 -0.000163865
0.847314 -0.215572 -0.000161475
0.836936 -0.228944 -0.000159177
0.820788 -0.251132 -0.000157059
0.799491 -0.281284 -0.000155202
0.773863 -0.31824 -0.000153678
0.744889 -0.36058 -0.000152546
0.713683 -0.406678 -0.000151849
0.681444 -0.454762 -0.000151613
0.64941 -0.502984 -0.000151849
0.618813 -0.549491 -0.000152546
0.590828 -0.592495 -0.000153677
0.566532 -0.630345 -0.000155201
0.546856 -0.661586 -0.000157057
0.532559 -0.685017 -0.000159175
0.524188 -0.699738 -0.000161473
0.522066 -0.705183 -0.000163863
0.526275 -0.701143 -0.000166253
0.536652 -0.687772 -0.000168552
0.552798 -0.665586 -0.00017067
0.574094 -0.635436 -0.000172526
0.599721 -0.598482 -0.00017405
0.628694 -0.556142 -0.000175183
0.6599 -0.510045 -0.00017588
0.692139 -0.461961 -0.000176116
0.724173 -0.413739 -0.00017588
0.754771 -0.367232 -0.000175184
0.782756 -0.324226 -0.000174052
0.807054 -0.286375 -0.000172528
0.82673 -0.255132 -0.000170672
0.841029 -0.231699 -0.000168554
0.849401 -0.216977 -0.000166256
0.851524 -0.21153 -0.000163866
0.847317 -0.215568 -0.000161476
0.836942 -0.228936 -0.000159178
0.820796 -0.25112 -0.000157059
0.799501 -0.281269 -0.000155203
0.773875 -0.318222 -0.000153679
0.744903 -0.36056 -0.000152547
0.713697 -0.406657 -0.000151849
0.681458 -0.45474 -0.000151613
0.649424 -0.502963 -0.000151848
0.618826 -0.549471 -0.000152545
0.59084 -0.592477 -0.000153677
0.566541 -0.63033 -0.0001552
0.546864 -0.661574 -0.000157056
0.532564 -0.685009 -0.000159174
0.524191 -0.699734 -0.000161472
0.522066 -0.705183 -0.000163862
0.526271 -0.701146 -0.000166252
0.536646 -0.68778 -0.000168551
0.55279 -0.665598 -0.000170669
0.574084 -0.635451 -0.000172526
0.599709 -0.598499 -0.00017405
0.628681 -0.556162 -0.000175182
0.659886 -0.510066 -0.00017588
0.692125 -0.461983 -0.000176116
0.724159 -0.41376 -0.000175881
0.754758 -0.367252 -0.000175184
0.782744 -0.324244 -0.000174052
0.807044 -0.28639 -0.000172529
0.826723 -0.255144 -0.000170673
0.841024 -0.231708 -0.000168555
0.849399 -0.216981 -0.000166257
0.851525 -0.21153 -0.000163867
0.847321 -0.215564 -0.000161477
0.836948 -0.228928 -0.000159179
0.820804 -0.251109 -0.00015706
0.799512 -0.281254 -0.000155204
0.773887 -0.318204 -0.00015368
0.744916 -0.360541 -0.000152547
0.713712 -0.406636 -0.000151849
0.681473 -0.454719 -0.000151613
0.649438 -0.502941 -0.000151848
0.618839 -0.549451 -0.000152545
0.574287 -0.629023 -0.000209859
0.577188 -0.626237 -0.000211505
0.584338 -0.617024 -0.000213088
0.595462 -0.601739 -0.000214547
0.610133 -0.580969 -0.000215826
0.627787 -0.555511 -0.000216875
0.647746 -0.526344 -0.000217655
0.669242 -0.49459 -0.000218135
0.69145 -0.461468 -0.000218298
0.713515 -0.428251 -0.000218135
0.734592 -0.396215 -0.000217655
0.753868 -0.366593 -0.000216875
0.770604 -0.340521 -0.000215826
0.784156 -0.319002 -0.000214547
0.794004 -0.302863 -0.000213088
0.799769 -0.292724 -0.000211505
0.80123 -0.288975 -0.000209859
0.79833 -0.29176 -0.000208213
0.791181 -0.300971 -0.000206629
0.780058 -0.316255 -0.00020517
0.765388 -0.337025 -0.000203892
0.747734 -0.362481 -0.000202842
0.727776 -0.391647 -0.000202062
0.70628 -0.423401 -0.000201582
0.684072 -0.456523 -0.000201419
0.662006 -0.48974 -0.000201581
0.64093 -0.521776 -0.000202062
0.621653 -0.551399 -0.000202841
0.604916 -0.577472 -0.000203891
0.591363 -0.598992 -0.000205169
0.581514 -0.615132 -0.000206628
0.575748 -0.625272 -0.000208211
0.574287 -0.629023 -0.000209858
0.577186 -0.62624 -0.000211504
0.584334 -0.61703 -0.000213087
0.595456 -0.601747 -0.000214546
0.610126 -0.580979 -0.000215825
0.627779 -0.555523 -0.000216875
0.647736 -0.526358 -0.000217655
0.669232 -0.494604 -0.000218135
0.69144 -0.461483 -0.000218298
0.713506 -0.428265 -0.000218136
0.734583 -0.396229 -0.000217656
0.75386 -0.366605 -0.000216876
0.770597 -0.340532 -0.000215827
0.784151 -0.319011 -0.000214548
0.794001 -0.302869 -0.000213089
0.799768 -0.292728 -0.000211506
0.80123 -0.288975 -0.00020986
0.798332 -0.291757 -0.000208213
0.791185 -0.300966 -0.00020663
0.780064 -0.316247 -0.000205171
0.765395 -0.337014 -0.000203892
0.747743 -0.362469 -0.000202842
0.727785 -0.391634 -0.000202062
0.70629 -0.423387 -0.000201582
0.684082 -0.456508 -0.000201419
0.662016 -0.489726 -0.000201581
0.640939 -0.521762 -0.000202061
0.621661 -0.551387 -0.000202841
0.604923 -0.577461 -0.00020389
0.591368 -0.598983 -0.000205169
0.581518 -0.615126 -0.000206628
0.630498 -0.546082 -0.000238183
0.631977 -0.544662 -0.000239023
0.635622 -0.539965 -0.00023983
0.641294 -0.532171 -0.000240574
0.648774 -0.521582 -0.000241226
0.657775 -0.508602 -0.000241761
0.667951 -0.493731 -0.000242158
0.678911 -0.477541 -0.000242403
0.690234 -0.460654 -0.000242486
0.701484 -0.443718 -0.000242403
0.71223 -0.427385 -0.000242158
0.722058 -0.412281 -0.000241761
0.730591 -0.398989 -0.000241226
0.7375 -0.388017 -0.000240574
0.742521 -0.379789 -0.00023983
0.745461 -0.374619 -0.000239023
0.746205 -0.372708 -0.000238183
0.744727 -0.374128 -0.000237344
0.741082 -0.378824 -0.000236537
0.735411 -0.386617 -0.000235793
0.727931 -0.397206 -0.000235141
0.718931 -0.410185 -0.000234606
0.708755 -0.425055 -0.000234208
0.697795 -0.441245 -0.000233963
0.686472 -0.458133 -0.000233881
0.675222 -0.475068 -0.000233963
0.664476 -0.491402 -0.000234208
0.654648 -0.506506 -0.000234606
0.646114 -0.519799 -0.000235141
0.639204 -0.530771 -0.000235793
0.634183 -0.539 -0.000236536
0.631243 -0.54417 -0.000237343
0.688539 -0.459548 -0.00024775
