-0.977486 0.012979 -3.9252e-08
-0.977312 0.0287318 -3.87091e-08
-0.977391 0.0284301 -3.94729e-08
-0.977475 0.0275347 -4.02073e-08
-0.977561 0.02608 -4.08841e-08
-0.977645 0.0241218 -4.14774e-08
-0.977724 0.0217354 -4.19643e-08
-0.977796 0.0190126 -4.2326e-08
-0.977857 0.0160579 -4.25488e-08
-0.977905 0.0129849 -4.26241e-08
-0.977939 0.00991169 -4.25489e-08
-0.977956 0.00695639 -4.23261e-08
-0.977957 0.00423254 -4.19644e-08
-0.977941 0.00184481 -4.14775e-08
-0.977909 -0.000115021 -4.08843e-08
-0.977862 -0.00157166 -4.02075e-08
-0.977801 -0.00246912 -3.94731e-08
-0.97773 -0.00277291 -3.87093e-08
-0.977652 -0.00247137 -3.79455e-08
-0.977568 -0.00157608 -3.72111e-08
-0.977482 -0.000121446 -3.65343e-08
-0.977398 0.00183664 -3.5941e-08
-0.977318 0.00422292 -3.54541e-08
-0.977247 0.0069457 -3.50923e-08
-0.977185 0.00990035 -3.48695e-08
-0.977137 0.0129733 -3.47942e-08
-0.977104 0.0160465 -3.48694e-08
-0.977086 0.0190019 -3.50921e-08
-0.977086 0.0217258 -3.54538e-08
-0.977102 0.0241136 -3.59406e-08
-0.977134 0.0260735 -3.65339e-08
-0.977181 0.0275303 -3.72107e-08
-0.977241 0.0284279 -3.7945e-08
-0.977215 0.0438802 -3.71014e-08
-0.977369 0.0432885 -3.85995e-08
-0.977534 0.041532 -4.00401e-08
-0.977702 0.0386784 -4.13678e-08
-0.977867 0.0348373 -4.25315e-08
-0.978023 0.0301563 -4.34865e-08
-0.978164 0.0248152 -4.41962e-08
-0.978284 0.0190194 -4.46332e-08
-0.978378 0.0129915 -4.47808e-08
-0.978444 0.0069632 -4.46333e-08
-0.978478 0.00116616 -4.41963e-08
-0.978479 -0.00417687 -4.34867e-08
-0.978448 -0.00886056 -4.25317e-08
-0.978385 -0.0127049 -4.13681e-08
-0.978292 -0.0155622 -4.00404e-08
-0.978174 -0.0173226 -3.85999e-08
-0.978035 -0.0179186 -3.71017e-08
-0.97788 -0.0173271 -3.56035e-08
-0.977716 -0.0155709 -3.41629e-08
-0.977547 -0.0127175 -3.28352e-08
-0.977382 -0.0088766 -3.16715e-08
-0.977226 -0.00419574 -3.07164e-08
-0.977086 0.00114519 -3.00067e-08
-0.976966 0.00694095 -2.95696e-08
-0.976871 0.0129688 -2.94219e-08
-0.976806 0.0189971 -2.95694e-08
-0.976772 0.0247942 -3.00063e-08
-0.97677 0.0301374 -3.07159e-08
-0.976802 0.0348213 -3.16708e-08
-0.976865 0.0386658 -3.28344e-08
-0.976957 0.0415233 -3.4162e-08
-0.977075 0.043284 -3.56026e-08
-0.977214 0.0438802 -3.71007e-08
-0.977369 0.043289 -3.85989e-08
-0.977534 0.041533 -4.00395e-08
-0.977702 0.0386799 -4.13672e-08
-0.977867 0.0348392 -4.2531e-08
-0.978023 0.0301585 -4.34862e-08
-0.978164 0.0248177 -4.41959e-08
-0.978284 0.019022 -4.46331e-08
-0.978378 0.0129942 -4.47808e-08
-0.978444 0.00696583 -4.46334e-08
-0.978478 0.00116863 -4.41966e-08
-0.978479 -0.00417464 -4.34871e-08
-0.978448 -0.00885866 -4.25322e-08
-0.978385 -0.0127034 -4.13686e-08
-0.978292 -0.0155612 -4.00411e-08
-0.978174 -0.0173221 -3.86005e-08
-0.978035 -0.0179186 -3.71024e-08
-0.97788 -0.0173276 -3.56042e-08
-0.977716 -0.0155719 -3.41635e-08
-0.977548 -0.012719 -3.28358e-08
-0.977382 -0.0088785 -3.1672e-08
-0.977226 -0.00419797 -3.07168e-08
-0.977086 0.00114272 -3.00069e-08
-0.976966 0.00693832 -2.95697e-08
-0.976871 0.0129661 -2.94219e-08
-0.976806 0.0189945 -2.95693e-08
-0.976772 0.0247918 -3.0006e-08
-0.97677 0.0301352 -3.07155e-08
-0.976802 0.0348194 -3.16703e-08
-0.976865 0.0386643 -3.28339e-08
-0.976957 0.0415223 -3.41614e-08
-0.977197 0.057842 -3.44905e-08
-0.977422 0.056983 -3.66655e-08
-0.977661 0.054433 -3.87569e-08
-0.977905 0.0502902 -4.06844e-08
-0.978145 0.0447138 -4.23738e-08
-0.978371 0.037918 -4.37603e-08
-0.978575 0.0301639 -4.47906e-08
-0.978749 0.0217497 -4.54251e-08
-0.978887 0.0129986 -4.56393e-08
-0.978982 0.00424682 -4.54252e-08
-0.979031 -0.0041692 -4.47908e-08
-0.979033 -0.0119261 -4.37606e-08
-0.978988 -0.0187257 -4.23742e-08
-0.978896 -0.0243069 -4.06848e-08
-0.978762 -0.028455 -3.87574e-08
-0.978591 -0.0310108 -3.6666e-08
-0.978389 -0.0318759 -3.4491e-08
-0.978164 -0.0310172 -3.2316e-08
-0.977925 -0.0284676 -3.02245e-08
-0.977681 -0.0243252 -2.8297e-08
-0.977441 -0.018749 -2.66075e-08
-0.977214 -0.0119535 -2.5221e-08
-0.97701 -0.00419963 -2.41906e-08
-0.976836 0.00421451 -2.35561e-08
-0.976699 0.0129656 -2.33417e-08
-0.976604 0.0217174 -2.35558e-08
-0.976554 0.0301335 -2.41901e-08
-0.976553 0.0378906 -2.52202e-08
-0.976598 0.0446905 -2.66065e-08
-0.97669 0.0502719 -2.82958e-08
-0.976824 0.0544204 -3.02232e-08
-0.976995 0.0569765 -3.23146e-08
-0.977197 0.057842 -3.44895e-08
-0.977422 0.0569837 -3.66646e-08
-0.977661 0.0544345 -3.8756e-08
-0.977905 0.0502924 -4.06836e-08
-0.978145 0.0447165 -4.23731e-08
-0.978371 0.0379212 -4.37598e-08
-0.978575 0.0301675 -4.47902e-08
-0.978749 0.0217535 -4.54249e-08
-0.978887 0.0130024 -4.56393e-08
-0.978982 0.00425063 -4.54254e-08
-0.979031 -0.0041656 -4.47912e-08
-0.979033 -0.0119228 -4.37611e-08
-0.978988 -0.018723 -4.23749e-08
-0.978896 -0.0243047 -4.06856e-08
-0.978762 -0.0284536 -3.87583e-08
-0.978591 -0.03101 -3.66669e-08
-0.978389 -0.0318759 -3.4492e-08
-0.978164 -0.031018 -3.23169e-08
-0.977925 -0.0284691 -3.02254e-08
-0.977681 -0.0243274 -2.82978e-08
-0.977441 -0.0187518 -2.66082e-08
-0.977215 -0.0119567 -2.52215e-08
-0.977011 -0.00420323 -2.4191e-08
-0.976837 0.00421069 -2.35562e-08
-0.976699 0.0129617 -2.33417e-08
-0.976604 0.0217136 -2.35556e-08
-0.976555 0.0301299 -2.41897e-08
-0.976553 0.0378873 -2.52196e-08
-0.976598 0.0446877 -2.66058e-08
-0.97669 0.0502698 -2.8295e-08
-0.976824 0.0544189 -3.02223e-08
-0.976995 0.0569758 -3.23136e-08
-0.977197 0.057842 -3.44886e-08
-0.977422 0.0569845 -3.66636e-08
-0.977661 0.054436 -3.87551e-08
-0.977905 0.0502945 -4.06828e-08
-0.978145 0.0447193 -4.23725e-08
-0.978371 0.0379244 -4.37593e-08
-0.978575 0.0301711 -4.47899e-08
-0.978749 0.0217573 -4.54247e-08
-0.978887 0.0130063 -4.56393e-08
-0.978982 0.00425445 -4.54255e-08
-0.979031 -0.004162 -4.47915e-08
-0.979033 -0.0119196 -4.37617e-08
-0.978988 -0.0187202 -4.23755e-08
-0.978896 -0.0243026 -4.06864e-08
-0.978762 -0.0284521 -3.87592e-08
-0.978591 -0.0310093 -3.66679e-08
-0.978389 -0.0318759 -3.44929e-08
-0.978164 -0.0310187 -3.23179e-08
-0.977925 -0.0284706 -3.02263e-08
-0.977681 -0.0243295 -2.82987e-08
-0.977441 -0.0187545 -2.66089e-08
-0.977215 -0.0119599 -2.5222e-08
-0.977011 -0.00420682 -2.41913e-08
-0.976837 0.00420688 -2.35564e-08
-0.976699 0.0129578 -2.33417e-08
-0.976604 0.0217097 -2.35554e-08
-0.976555 0.0301263 -2.41893e-08
-0.977261 0.0700808 -3.09769e-08
-0.977547 0.0689874 -3.37451e-08
-0.977851 0.0657419 -3.6407e-08
-0.978162 0.0604691 -3.88602e-08
-0.978467 0.0533716 -4.10105e-08
-0.978755 0.0447222 -4.27751e-08
-0.979015 0.0348532 -4.40864e-08
-0.979237 0.0241439 -4.48939e-08
-0.979411 0.0130058 -4.51667e-08
-0.979532 0.00186692 -4.48941e-08
-0.979595 -0.00884465 -4.40867e-08
-0.979598 -0.0187173 -4.27755e-08
-0.97954 -0.0273716 -4.10109e-08
-0.979423 -0.0344751 -3.88607e-08
-0.979252 -0.0397547 -3.64076e-08
-0.979034 -0.0430076 -3.37457e-08
-0.978777 -0.0441087 -3.09775e-08
-0.978491 -0.0430157 -2.82092e-08
-0.978187 -0.0397707 -2.55473e-08
-0.977876 -0.0344984 -2.30941e-08
-0.977571 -0.0274013 -2.09437e-08
-0.977283 -0.0187522 -1.9179e-08
-0.977023 -0.00888338 -1.78676e-08
-0.976802 0.0018258 -1.70599e-08
-0.976627 0.0129639 -1.67871e-08
-0.976506 0.0241028 -1.70596e-08
-0.976443 0.0348145 -1.78669e-08
-0.97644 0.0446874 -1.91779e-08
-0.976499 0.053342 -2.09424e-08
-0.976615 0.0604458 -2.30925e-08
-0.976786 0.0657259 -2.55456e-08
-0.977004 0.0689792 -2.82074e-08
-0.977261 0.0700808 -3.09756e-08
-0.977547 0.0689883 -3.37439e-08
-0.977851 0.0657438 -3.64059e-08
-0.978162 0.0604719 -3.88592e-08
-0.978467 0.0533752 -4.10096e-08
-0.978755 0.0447263 -4.27745e-08
-0.979015 0.0348578 -4.4086e-08
-0.979237 0.0241487 -4.48937e-08
-0.979411 0.0130107 -4.51667e-08
-0.979532 0.00187178 -4.48943e-08
-0.979595 -0.00884007 -4.40871e-08
-0.979598 -0.0187132 -4.27762e-08
-0.97954 -0.0273681 -4.10118e-08
-0.979423 -0.0344723 -3.88617e-08
-0.979252 -0.0397528 -3.64087e-08
-0.979034 -0.0430066 -3.37469e-08
-0.978777 -0.0441087 -3.09787e-08
-0.978491 -0.0430167 -2.82104e-08
-0.978187 -0.0397726 -2.55485e-08
-0.977876 -0.0345011 -2.30951e-08
-0.977571 -0.0274048 -2.09446e-08
-0.977283 -0.0187563 -1.91797e-08
-0.977023 -0.00888796 -1.7868e-08
-0.976802 0.00182094 -1.70602e-08
-0.976627 0.0129589 -1.67871e-08
-0.976506 0.0240979 -1.70593e-08
-0.976443 0.0348099 -1.78664e-08
-0.97644 0.0446832 -1.91773e-08
-0.976499 0.0533385 -2.09416e-08
-0.976615 0.0604431 -2.30915e-08
-0.976786 0.065724 -2.55445e-08
-0.977004 0.0689782 -2.82062e-08
-0.977261 0.0700808 -3.09744e-08
-0.977547 0.0689893 -3.37427e-08
-0.977851 0.0657457 -3.64047e-08
-0.978162 0.0604746 -3.88582e-08
-0.978467 0.0533787 -4.10087e-08
-0.978755 0.0447304 -4.27738e-08
-0.979015 0.0348624 -4.40855e-08
-0.979236 0.0241536 -4.48935e-08
-0.979411 0.0130157 -4.51667e-08
-0.979532 0.00187664 -4.48945e-08
-0.979595 -0.00883549 -4.40876e-08
-0.979598 -0.0187091 -4.27768e-08
-0.97954 -0.0273646 -4.10126e-08
-0.979423 -0.0344696 -3.88628e-08
-0.979253 -0.0397509 -3.64098e-08
-0.979035 -0.0430056 -3.37481e-08
-0.978778 -0.0441087 -3.098e-08
-0.978491 -0.0430177 -2.82117e-08
-0.978187 -0.0397745 -2.55496e-08
-0.977876 -0.0345039 -2.30961e-08
-0.977571 -0.0274083 -2.09455e-08
-0.977283 -0.0187604 -1.91803e-08
-0.977023 -0.00889253 -1.78685e-08
-0.976802 0.00181609 -1.70604e-08
-0.976627 0.0129539 -1.67871e-08
-0.976506 0.024093 -1.70591e-08
-0.976443 0.0348053 -1.78659e-08
-0.97644 0.0446791 -1.91766e-08
-0.976499 0.053335 -2.09407e-08
-0.976615 0.0604403 -2.30905e-08
-0.976786 0.0657221 -2.55433e-08
-0.977004 0.0689773 -2.8205e-08
-0.977261 0.0700808 -3.09732e-08
-0.977547 0.0689903 -3.37415e-08
-0.977851 0.0657476 -3.64036e-08
-0.978162 0.0604774 -3.88571e-08
-0.978467 0.0533822 -4.10078e-08
-0.978755 0.0447346 -4.27731e-08
-0.979015 0.0348669 -4.4085e-08
-0.979236 0.0241585 -4.48932e-08
-0.979411 0.0130206 -4.51667e-08
-0.979532 0.0018815 -4.48948e-08
-0.979595 -0.00883091 -4.40881e-08
-0.979598 -0.0187049 -4.27775e-08
-0.97954 -0.0273611 -4.10135e-08
-0.979423 -0.0344668 -3.88638e-08
-0.979253 -0.039749 -3.6411e-08
-0.979035 -0.0430047 -3.37494e-08
-0.978778 -0.0441087 -3.09812e-08
-0.978492 -0.0430186 -2.82129e-08
-0.978187 -0.0397764 -2.55507e-08
-0.977877 -0.0345066 -2.30971e-08
-0.977403 0.0801262 -2.66955e-08
-0.97774 0.0788404 -2.99506e-08
-0.978098 0.0750242 -3.30807e-08
-0.978463 0.068824 -3.59653e-08
-0.978822 0.0604782 -3.84938e-08
-0.979161 0.0503076 -4.05688e-08
-0.979466 0.0387028 -4.21107e-08
-0.979726 0.02611 -4.30603e-08
-0.979932 0.0130129 -4.33809e-08
-0.980074 -8.5027e-05 -4.30604e-08
-0.980148 -0.0126805 -4.2111e-08
-0.980151 -0.0242896 -4.05692e-08
-0.980083 -0.034466 -3.84943e-08
-0.979945 -0.0428188 -3.59659e-08
-0.979745 -0.049027 -3.30813e-08
-0.979489 -0.0528519 -2.99513e-08
-0.979186 -0.0541467 -2.66962e-08
-0.97885 -0.0528616 -2.34411e-08
-0.978492 -0.0490458 -2.0311e-08
-0.978127 -0.0428462 -1.74263e-08
-0.977768 -0.0345009 -1.48978e-08
-0.977429 -0.0243305 -1.28226e-08
-0.977124 -0.0127261 -1.12805e-08
-0.976863 -0.000133376 -1.03309e-08
-0.976658 0.0129636 -1.00101e-08
-0.976515 0.0260616 -1.03304e-08
-0.976441 0.0386573 -1.12797e-08
-0.976438 0.0502666 -1.28214e-08
-0.976507 0.0604434 -1.48962e-08
-0.976644 0.0687966 -1.74245e-08
-0.976845 0.0750053 -2.0309e-08
-0.977101 0.0788308 -2.3439e-08
-0.977403 0.0801262 -2.66941e-08
-0.97774 0.0788416 -2.99492e-08
-0.978098 0.0750264 -3.30793e-08
-0.978463 0.0688272 -3.59641e-08
-0.978822 0.0604824 -3.84927e-08
-0.97916 0.0503124 -4.0568e-08
-0.979466 0.0387082 -4.21102e-08
-0.979726 0.0261157 -4.306e-08
-0.979932 0.0130187 -4.33809e-08
-0.980074 -7.93126e-05 -4.30607e-08
-0.980148 -0.0126751 -4.21116e-08
-0.980151 -0.0242847 -4.057e-08
-0.980083 -0.0344619 -3.84953e-08
-0.979946 -0.0428156 -3.59671e-08
-0.979745 -0.0490247 -3.30827e-08
-0.979489 -0.0528508 -2.99528e-08
-0.979186 -0.0541467 -2.66977e-08
-0.97885 -0.0528627 -2.34425e-08
-0.978492 -0.0490481 -2.03123e-08
-0.978127 -0.0428494 -1.74275e-08
-0.977768 -0.034505 -1.48988e-08
-0.977429 -0.0243354 -1.28234e-08
-0.977124 -0.0127314 -1.12811e-08
-0.976863 -0.000139089 -1.03312e-08
-0.976658 0.0129578 -1.00101e-08
-0.976516 0.0260559 -1.03302e-08
-0.976441 0.0386519 -1.12792e-08
-0.976438 0.0502617 -1.28206e-08
-0.976507 0.0604393 -1.48952e-08
-0.976644 0.0687934 -1.74233e-08
-0.976845 0.0750031 -2.03077e-08
-0.977101 0.0788297 -2.34375e-08
-0.977403 0.0801262 -2.66926e-08
-0.97774 0.0788427 -2.99478e-08
-0.978097 0.0750286 -3.3078e-08
-0.978463 0.0688305 -3.59629e-08
-0.978822 0.0604865 -3.84917e-08
-0.97916 0.0503172 -4.05672e-08
-0.979466 0.0387136 -4.21096e-08
-0.979726 0.0261214 -4.30597e-08
-0.979932 0.0130246 -4.33809e-08
-0.980074 -7.35982e-05 -4.3061e-08
-0.980148 -0.0126698 -4.21121e-08
-0.980151 -0.0242799 -4.05708e-08
-0.980083 -0.0344578 -3.84963e-08
-0.979946 -0.0428123 -3.59683e-08
-0.979745 -0.0490225 -3.3084e-08
-0.979489 -0.0528497 -2.99542e-08
-0.979187 -0.0541467 -2.66991e-08
-0.97885 -0.0528638 -2.34439e-08
-0.978492 -0.0490503 -2.03137e-08
-0.978127 -0.0428527 -1.74287e-08
-0.977768 -0.0345091 -1.48998e-08
-0.977429 -0.0243402 -1.28242e-08
-0.977124 -0.0127368 -1.12817e-08
-0.976864 -0.000144803 -1.03314e-08
-0.976658 0.012952 -1.00101e-08
-0.976516 0.0260502 -1.03299e-08
-0.976441 0.0386465 -1.12786e-08
-0.976438 0.0502569 -1.28198e-08
-0.976507 0.0604351 -1.48942e-08
-0.976644 0.0687901 -1.74221e-08
-0.976845 0.0750008 -2.03063e-08
-0.977101 0.0788285 -2.34361e-08
-0.977403 0.0801262 -2.66912e-08
-0.977739 0.0788438 -2.99464e-08
-0.978097 0.0750308 -3.30766e-08
-0.978463 0.0688337 -3.59617e-08
-0.978822 0.0604906 -3.84907e-08
-0.97916 0.0503221 -4.05664e-08
-0.979466 0.038719 -4.21091e-08
-0.979726 0.0261271 -4.30594e-08
-0.979932 0.0130304 -4.33809e-08
-0.980074 -6.78836e-05 -4.30613e-08
-0.980148 -0.0126644 -4.21127e-08
-0.980151 -0.024275 -4.05716e-08
-0.980083 -0.0344536 -3.84973e-08
-0.979946 -0.0428091 -3.59695e-08
-0.979745 -0.0490203 -3.30853e-08
-0.979489 -0.0528485 -2.99556e-08
-0.979187 -0.0541467 -2.67006e-08
-0.97885 -0.052865 -2.34453e-08
-0.978493 -0.0490525 -2.0315e-08
-0.978127 -0.0428559 -1.74299e-08
-0.977768 -0.0345132 -1.49008e-08
-0.97743 -0.0243451 -1.2825e-08
-0.977124 -0.0127422 -1.12822e-08
-0.976864 -0.000150516 -1.03317e-08
-0.976658 0.0129461 -1.00101e-08
-0.976516 0.0260445 -1.03296e-08
-0.976441 0.0386411 -1.12781e-08
-0.976438 0.050252 -1.2819e-08
-0.976507 0.060431 -1.48931e-08
-0.976644 0.0687869 -1.74209e-08
-0.976844 0.0749986 -2.0305e-08
-0.977101 0.0788274 -2.34347e-08
-0.977403 0.0801261 -2.66897e-08
-0.977739 0.078845 -2.99449e-08
-0.978097 0.0750331 -3.30753e-08
-0.978462 0.0688369 -3.59605e-08
-0.978821 0.0604947 -3.84897e-08
-0.97916 0.0503269 -4.05656e-08
-0.979466 0.0387243 -4.21085e-08
-0.979726 0.0261328 -4.30591e-08
-0.977619 0.0875921 -2.18109e-08
-0.977993 0.0861635 -2.54278e-08
-0.97839 0.081923 -2.89057e-08
-0.978796 0.0750338 -3.2111e-08
-0.979195 0.0657604 -3.49204e-08
-0.979571 0.0544593 -3.72261e-08
-0.979911 0.0415648 -3.89394e-08
-0.9802 0.0275724 -3.99945e-08
-0.980428 0.0130197 -4.03508e-08
-0.980586 -0.00153402 -3.99946e-08
-0.980669 -0.0155294 -3.89397e-08
-0.980672 -0.0284287 -3.72266e-08
-0.980596 -0.0397362 -3.4921e-08
-0.980443 -0.0490174 -3.21117e-08
-0.980221 -0.0559155 -2.89065e-08
-0.979936 -0.0601656 -2.54286e-08
-0.9796 -0.0616043 -2.18117e-08
-0.979226 -0.0601763 -1.81948e-08
-0.978828 -0.0559365 -1.47168e-08
-0.978423 -0.0490478 -1.15115e-08
-0.978024 -0.0397749 -8.70191e-09
-0.977647 -0.0284743 -6.39611e-09
-0.977308 -0.01558 -4.68268e-09
-0.977019 -0.00158774 -3.62746e-09
-0.976791 0.0129649 -3.27099e-09
-0.976632 0.0275186 -3.62699e-09
-0.97655 0.0415142 -4.68176e-09
-0.976547 0.0544138 -6.39477e-09
-0.976623 0.0657217 -8.70021e-09
-0.976775 0.0750033 -1.15095e-08
-0.976998 0.0819021 -1.47146e-08
-0.977283 0.0861528 -1.81924e-08
-0.977619 0.0875921 -2.18093e-08
-0.977993 0.0861647 -2.54262e-08
-0.97839 0.0819255 -2.89042e-08
-0.978796 0.0750374 -3.21097e-08
-0.979195 0.065765 -3.49193e-08
-0.979571 0.0544647 -3.72252e-08
-0.979911 0.0415708 -3.89388e-08
-0.9802 0.0275787 -3.99942e-08
-0.980428 0.0130261 -4.03508e-08
-0.980586 -0.00152767 -3.9995e-08
-0.980669 -0.0155234 -3.89403e-08
-0.980672 -0.0284233 -3.72275e-08
-0.980596 -0.0397316 -3.49222e-08
-0.980444 -0.0490138 -3.2113e-08
-0.980221 -0.055913 -2.89079e-08
-0.979936 -0.0601643 -2.54302e-08
-0.9796 -0.0616043 -2.18133e-08
-0.979226 -0.0601776 -1.81964e-08
-0.978829 -0.055939 -1.47183e-08
-0.978423 -0.0490514 -1.15128e-08
-0.978024 -0.0397795 -8.70305e-09
-0.977648 -0.0284796 -6.39701e-09
-0.977308 -0.015586 -4.6833e-09
-0.977019 -0.00159409 -3.62777e-09
-0.976791 0.0129584 -3.27099e-09
-0.976632 0.0275123 -3.62667e-09
-0.97655 0.0415082 -4.68114e-09
-0.976547 0.0544084 -6.39388e-09
-0.976623 0.0657171 -8.69907e-09
-0.976775 0.0749997 -1.15081e-08
-0.976998 0.0818996 -1.47131e-08
-0.977283 0.0861515 -1.81908e-08
-0.977619 0.0875921 -2.18077e-08
-0.977992 0.086166 -2.54246e-08
-0.97839 0.081928 -2.89027e-08
-0.978796 0.075041 -3.21083e-08
-0.979195 0.0657696 -3.49182e-08
-0.979571 0.0544701 -3.72243e-08
-0.97991 0.0415768 -3.89382e-08
-0.9802 0.0275851 -3.99939e-08
-0.980428 0.0130326 -4.03508e-08
-0.980586 -0.00152132 -3.99953e-08
-0.980669 -0.0155175 -3.8941e-08
-0.980672 -0.0284179 -3.72284e-08
-0.980596 -0.039727 -3.49233e-08
-0.980444 -0.0490102 -3.21143e-08
-0.980221 -0.0559106 -2.89094e-08
-0.979936 -0.0601631 -2.54317e-08
-0.9796 -0.0616043 -2.18149e-08
-0.979226 -0.0601788 -1.81979e-08
-0.978829 -0.0559414 -1.47198e-08
-0.978423 -0.049055 -1.15141e-08
-0.978024 -0.0397841 -8.70419e-09
-0.977648 -0.028485 -6.3979e-09
-0.977308 -0.015592 -4.68391e-09
-0.977019 -0.00160044 -3.62808e-09
-0.976791 0.0129519 -3.27099e-09
-0.976632 0.0275059 -3.62636e-09
-0.97655 0.0415022 -4.68053e-09
-0.976547 0.054403 -6.39299e-09
-0.976623 0.0657125 -8.69793e-09
-0.976775 0.0749961 -1.15068e-08
-0.976998 0.0818971 -1.47116e-08
-0.977283 0.0861502 -1.81893e-08
-0.977618 0.0875921 -2.18061e-08
-0.977992 0.0861672 -2.54231e-08
-0.97839 0.0819305 -2.89013e-08
-0.978796 0.0750446 -3.2107e-08
-0.979195 0.0657742 -3.4917e-08
-0.979571 0.0544755 -3.72234e-08
-0.97991 0.0415828 -3.89376e-08
-0.9802 0.0275914 -3.99936e-08
-0.980428 0.0130391 -4.03508e-08
-0.980586 -0.00151497 -3.99956e-08
-0.980669 -0.0155115 -3.89416e-08
-0.980672 -0.0284126 -3.72293e-08
-0.980596 -0.0397225 -3.49244e-08
-0.980444 -0.0490066 -3.21157e-08
-0.980221 -0.0559081 -2.89109e-08
-0.979936 -0.0601618 -2.54333e-08
-0.9796 -0.0616043 -2.18165e-08
-0.979227 -0.0601801 -1.81995e-08
-0.978829 -0.0559439 -1.47213e-08
-0.978423 -0.0490586 -1.15155e-08
-0.978024 -0.0397887 -8.70533e-09
-0.977648 -0.0284904 -6.3988e-09
-0.977308 -0.015598 -4.68453e-09
-0.977019 -0.00160679 -3.6284e-09
-0.976791 0.0129455 -3.27099e-09
-0.976632 0.0274996 -3.62604e-09
-0.97655 0.0414963 -4.67991e-09
-0.976547 0.0543977 -6.39209e-09
-0.976623 0.065708 -8.6968e-09
-0.976775 0.0749925 -1.15055e-08
-0.976998 0.0818946 -1.47101e-08
-0.977282 0.086149 -1.81877e-08
-0.977618 0.0875921 -2.18045e-08
-0.977992 0.0861685 -2.54215e-08
-0.97839 0.0819329 -2.88998e-08
-0.978796 0.0750482 -3.21056e-08
-0.979194 0.0657787 -3.49159e-08
-0.979571 0.0544809 -3.72225e-08
-0.97991 0.0415887 -3.8937e-08
-0.9802 0.0275977 -3.99932e-08
-0.980428 0.0130456 -4.03508e-08
-0.980586 -0.00150862 -3.99959e-08
-0.980669 -0.0155055 -3.89422e-08
-0.980672 -0.0284072 -3.72301e-08
-0.980596 -0.0397179 -3.49256e-08
-0.980444 -0.049003 -3.2117e-08
-0.980221 -0.0559056 -2.89124e-08
-0.979936 -0.0601605 -2.54349e-08
-0.979601 -0.0616043 -2.18181e-08
-0.979227 -0.0601813 -1.82011e-08
-0.978829 -0.0559464 -1.47228e-08
-0.978423 -0.0490622 -1.15168e-08
-0.978024 -0.0397932 -8.70647e-09
-0.977648 -0.0284958 -6.39969e-09
-0.977309 -0.0156039 -4.68514e-09
-0.977899 0.0921917 -1.65108e-08
-0.978296 0.090675 -2.03505e-08
-0.978718 0.0861734 -2.40426e-08
-0.979149 0.0788598 -2.74453e-08
-0.979572 0.0690152 -3.04278e-08
-0.979972 0.057018 -3.28755e-08
-0.980332 0.0433292 -3.46944e-08
-0.980639 0.0284749 -3.58144e-08
-0.980881 0.0130258 -3.61927e-08
-0.98105 -0.00242437 -3.58146e-08
-0.981137 -0.0172818 -3.46947e-08
-0.98114 -0.0309757 -3.2876e-08
-0.98106 -0.0429797 -3.04284e-08
-0.980898 -0.0528326 -2.7446e-08
-0.980661 -0.0601556 -2.40434e-08
-0.980359 -0.0646675 -2.03513e-08
-0.980002 -0.0661948 -1.65116e-08
-0.979605 -0.0646789 -1.26719e-08
-0.979183 -0.0601779 -8.97972e-09
-0.978752 -0.0528649 -5.57693e-09
-0.978329 -0.0430208 -2.59432e-09
-0.977929 -0.0310241 -1.46486e-10
-0.977569 -0.0173356 1.67249e-09
-0.977262 -0.0024814 2.79272e-09
-0.97702 0.0129676 3.17114e-09
-0.976852 0.0284178 2.79322e-09
-0.976764 0.0432755 1.67347e-09
-0.976761 0.0569697 -1.45063e-10
-0.976842 0.0689741 -2.59251e-09
-0.977003 0.0788275 -5.57481e-09
-0.97724 0.0861512 -8.97736e-09
-0.977542 0.0906637 -1.26694e-08
-0.977899 0.0921917 -1.65091e-08
-0.978296 0.0906764 -2.03488e-08
-0.978718 0.0861761 -2.4041e-08
-0.979149 0.0788636 -2.74439e-08
-0.979572 0.0690201 -3.04266e-08
-0.979972 0.0570238 -3.28746e-08
-0.980332 0.0433356 -3.46937e-08
-0.980639 0.0284816 -3.58141e-08
-0.980881 0.0130327 -3.61927e-08
-0.981049 -0.00241763 -3.58149e-08
-0.981137 -0.0172755 -3.46954e-08
-0.98114 -0.03097 -3.2877e-08
-0.98106 -0.0429748 -3.04297e-08
-0.980898 -0.0528287 -2.74475e-08
-0.980661 -0.060153 -2.4045e-08
-0.980359 -0.0646662 -2.0353e-08
-0.980002 -0.0661948 -1.65133e-08
-0.979605 -0.0646802 -1.26736e-08
-0.979183 -0.0601805 -8.9813e-09
-0.978752 -0.0528687 -5.57835e-09
-0.978329 -0.0430257 -2.59552e-09
-0.97793 -0.0310298 -1.47435e-10
-0.977569 -0.0173419 1.67184e-09
-0.977262 -0.00248814 2.79238e-09
-0.97702 0.0129608 3.17114e-09
-0.976852 0.0284111 2.79355e-09
-0.976764 0.0432692 1.67413e-09
-0.976761 0.056964 -1.44114e-10
-0.976842 0.0689693 -2.5913e-09
-0.977003 0.0788237 -5.57339e-09
-0.97724 0.0861485 -8.97578e-09
-0.977542 0.0906624 -1.26677e-08
-0.977899 0.0921917 -1.65074e-08
-0.978296 0.0906777 -2.03471e-08
-0.978718 0.0861787 -2.40395e-08
-0.979149 0.0788674 -2.74425e-08
-0.979572 0.069025 -3.04254e-08
-0.979972 0.0570295 -3.28736e-08
-0.980332 0.0433419 -3.46931e-08
-0.980639 0.0284884 -3.58138e-08
-0.980881 0.0130395 -3.61927e-08
-0.981049 -0.00241089 -3.58153e-08
-0.981137 -0.0172691 -3.4696e-08
-0.98114 -0.0309643 -3.28779e-08
-0.98106 -0.04297 -3.04309e-08
-0.980898 -0.0528249 -2.74489e-08
-0.980661 -0.0601504 -2.40466e-08
-0.980359 -0.0646648 -2.03547e-08
-0.980003 -0.0661948 -1.6515e-08
-0.979606 -0.0646815 -1.26753e-08
-0.979184 -0.0601831 -8.98288e-09
-0.978753 -0.0528725 -5.57978e-09
-0.978329 -0.0430305 -2.59673e-09
-0.97793 -0.0310355 -1.48384e-10
-0.977569 -0.0173483 1.67118e-09
-0.977262 -0.00249488 2.79205e-09
-0.97702 0.0129539 3.17114e-09
-0.976852 0.0284044 2.79388e-09
-0.976764 0.0432628 1.67478e-09
-0.976761 0.0569583 -1.43166e-10
-0.976842 0.0689644 -2.59009e-09
-0.977003 0.0788199 -5.57197e-09
-0.97724 0.0861459 -8.9742e-09
-0.977542 0.090661 -1.26661e-08
-0.977899 0.0921917 -1.65057e-08
-0.978295 0.0906791 -2.03455e-08
-0.978717 0.0861813 -2.40379e-08
-0.979148 0.0788713 -2.74411e-08
-0.979572 0.0690298 -3.04242e-08
-0.979971 0.0570352 -3.28727e-08
-0.980332 0.0433483 -3.46924e-08
-0.980639 0.0284951 -3.58134e-08
-0.980881 0.0130464 -3.61927e-08
-0.981049 -0.00240415 -3.58156e-08
-0.981137 -0.0172628 -3.46967e-08
-0.98114 -0.0309586 -3.28789e-08
-0.98106 -0.0429651 -3.04321e-08
-0.980898 -0.0528211 -2.74503e-08
-0.980661 -0.0601477 -2.40481e-08
-0.980359 -0.0646635 -2.03563e-08
-0.980003 -0.0661948 -1.65168e-08
-0.979606 -0.0646829 -1.26769e-08
-0.979184 -0.0601858 -8.98446e-09
-0.978753 -0.0528763 -5.5812e-09
-0.978329 -0.0430354 -2.59794e-09
-0.97793 -0.0310412 -1.49333e-10
-0.97757 -0.0173546 1.67053e-09
-0.977262 -0.00250162 2.79172e-09
-0.97702 0.012947 3.17114e-09
-0.976852 0.0283976 2.79421e-09
-0.976764 0.0432565 1.67543e-09
-0.976761 0.0569525 -1.42217e-10
-0.976841 0.0689595 -2.58888e-09
-0.977003 0.078816 -5.57055e-09
-0.97724 0.0861433 -8.97262e-09
-0.977542 0.0906597 -1.26644e-08
-0.977898 0.0921917 -1.65039e-08
-0.978295 0.0906804 -2.03438e-08
-0.978717 0.0861839 -2.40363e-08
-0.979148 0.0788751 -2.74397e-08
-0.979572 0.0690347 -3.0423e-08
-0.979971 0.0570409 -3.28717e-08
-0.980332 0.0433546 -3.46918e-08
-0.980639 0.0285018 -3.58131e-08
-0.980881 0.0130533 -3.61927e-08
-0.981049 -0.00239741 -3.58159e-08
-0.981137 -0.0172564 -3.46973e-08
-0.98114 -0.0309528 -3.28798e-08
-0.98106 -0.0429603 -3.04333e-08
-0.980898 -0.0528173 -2.74517e-08
-0.980662 -0.0601451 -2.40497e-08
-0.980359 -0.0646621 -2.0358e-08
-0.980003 -0.0661948 -1.65185e-08
-0.979606 -0.0646842 -1.26786e-08
-0.979184 -0.0601884 -8.98604e-09
-0.978753 -0.0528801 -5.58262e-09
-0.97833 -0.0430403 -2.59915e-09
-0.97793 -0.0310469 -1.50283e-10
-0.97757 -0.017361 1.66988e-09
-0.977262 -0.00250836 2.79138e-09
-0.97702 0.0129401 3.17114e-09
-0.976852 0.0283909 2.79455e-09
-0.976764 0.0432501 1.67608e-09
-0.976761 0.0569468 -1.41269e-10
-0.976841 0.0689547 -2.58768e-09
-0.977003 0.0788122 -5.56913e-09
-0.97724 0.0861406 -8.97105e-09
-0.977542 0.0906583 -1.26627e-08
-0.978233 0.0937482 -1.09988e-08
-0.978638 0.0922018 -1.49138e-08
-0.979068 0.087612 -1.86783e-08
-0.979508 0.0801551 -2.21476e-08
-0.979939 0.0701176 -2.51886e-08
-0.980347 0.0578853 -2.76843e-08
-0.980714 0.0439283 -2.95387e-08
-0.981027 0.0287829 -3.06807e-08
-0.981274 0.013031 -3.10664e-08
-0.981446 -0.00272187 -3.06809e-08
-0.981535 -0.0178705 -2.95391e-08
-0.981538 -0.0318327 -2.76847e-08
-0.981456 -0.0440719 -2.51892e-08
-0.981291 -0.0541178 -2.21484e-08
-0.981049 -0.0615844 -1.86791e-08
-0.980741 -0.0661847 -1.49146e-08
-0.980378 -0.0677419 -1.09997e-08
-0.979973 -0.0661962 -7.08474e-09
-0.979543 -0.0616071 -3.3202e-09
-0.979103 -0.0541507 1.4927e-10
-0.978672 -0.0441138 3.19033e-09
-0.978264 -0.031882 5.68613e-09
-0.977897 -0.0179253 7.54075e-09
-0.977584 -0.00278002 8.68292e-09
-0.977337 0.0129717 9.06876e-09
-0.977165 0.0287247 8.68343e-09
-0.977076 0.0438735 7.54175e-09
-0.977073 0.057836 5.68758e-09
-0.977155 0.0700757 3.19218e-09
-0.97732 0.0801221 1.51442e-10
-0.977561 0.0875893 -3.31778e-09
-0.97787 0.0921903 -7.08218e-09
-0.978233 0.0937482 -1.09971e-08
-0.978638 0.0922032 -1.49121e-08
-0.979068 0.0876147 -1.86766e-08
-0.979508 0.080159 -2.21462e-08
-0.979939 0.0701226 -2.51874e-08
-0.980347 0.0578911 -2.76833e-08
-0.980714 0.0439348 -2.95381e-08
-0.981027 0.0287897 -3.06804e-08
-0.981274 0.013038 -3.10664e-08
-0.981445 -0.00271499 -3.06812e-08
-0.981535 -0.017864 -2.95397e-08
-0.981538 -0.0318268 -2.76857e-08
-0.981456 -0.0440669 -2.51904e-08
-0.981291 -0.0541139 -2.21498e-08
-0.98105 -0.0615817 -1.86807e-08
-0.980741 -0.0661833 -1.49163e-08
-0.980378 -0.0677419 -1.10014e-08
-0.979973 -0.0661976 -7.08645e-09
-0.979543 -0.0616097 -3.3218e-09
-0.979103 -0.0541546 1.47822e-10
-0.978672 -0.0441188 3.1891e-09
-0.978264 -0.0318878 5.68516e-09
-0.977897 -0.0179317 7.54008e-09
-0.977584 -0.00278689 8.68258e-09
-0.977337 0.0129647 9.06876e-09
-0.977165 0.0287178 8.68377e-09
-0.977076 0.043867 7.54242e-09
-0.977073 0.0578302 5.68855e-09
-0.977155 0.0700707 3.19341e-09
-0.97732 0.0801182 1.5289e-10
-0.977561 0.0875866 -3.31617e-09
-0.97787 0.0921889 -7.08047e-09
-0.978233 0.0937482 -1.09953e-08
-0.978638 0.0922046 -1.49103e-08
-0.979068 0.0876174 -1.8675e-08
-0.979507 0.0801629 -2.21447e-08
-0.979939 0.0701275 -2.51861e-08
-0.980346 0.057897 -2.76823e-08
-0.980714 0.0439412 -2.95374e-08
-0.981027 0.0287966 -3.06801e-08
-0.981274 0.013045 -3.10664e-08
-0.981445 -0.00270812 -3.06816e-08
-0.981535 -0.0178575 -2.95404e-08
-0.981538 -0.031821 -2.76867e-08
-0.981456 -0.044062 -2.51917e-08
-0.981291 -0.05411 -2.21513e-08
-0.98105 -0.061579 -1.86823e-08
-0.980741 -0.0661819 -1.4918e-08
-0.980378 -0.0677419 -1.10032e-08
-0.979973 -0.066199 -7.08815e-09
-0.979543 -0.0616124 -3.32341e-09
-0.979104 -0.0541585 1.46374e-10
-0.978672 -0.0441237 3.18787e-09
-0.978265 -0.0318936 5.68419e-09
-0.977897 -0.0179382 7.53942e-09
-0.977584 -0.00279376 8.68224e-09
-0.977337 0.0129577 9.06876e-09
-0.977166 0.028711 8.68411e-09
-0.977076 0.0438606 7.54308e-09
-0.977073 0.0578244 5.68951e-09
-0.977155 0.0700658 3.19464e-09
-0.97732 0.0801143 1.54337e-10
-0.977561 0.0875839 -3.31457e-09
-0.977869 0.0921875 -7.07876e-09
-0.978233 0.0937482 -1.09936e-08
-0.978637 0.0922059 -1.49086e-08
-0.979068 0.08762 -1.86734e-08
-0.979507 0.0801667 -2.21433e-08
-0.979939 0.0701325 -2.51849e-08
-0.980346 0.0579028 -2.76814e-08
-0.980714 0.0439477 -2.95367e-08
-0.981027 0.0288035 -3.06797e-08
-0.981274 0.0130521 -3.10664e-08
-0.981445 -0.00270125 -3.06819e-08
-0.981535 -0.0178511 -2.95411e-08
-0.981538 -0.0318152 -2.76876e-08
-0.981456 -0.044057 -2.51929e-08
-0.981291 -0.0541061 -2.21527e-08
-0.98105 -0.0615763 -1.86839e-08
-0.980742 -0.0661806 -1.49197e-08
-0.980378 -0.0677419 -1.10049e-08
-0.979974 -0.0662003 -7.08986e-09
-0.979543 -0.0616151 -3.32502e-09
-0.979104 -0.0541624 1.44926e-10
-0.978672 -0.0441287 3.18664e-09
-0.978265 -0.0318994 5.68323e-09
-0.977897 -0.0179447 7.53875e-09
-0.977584 -0.00280063 8.6819e-09
-0.977337 0.0129507 9.06876e-09
-0.977166 0.0287041 8.68445e-09
-0.977076 0.0438541 7.54375e-09
-0.977073 0.0578185 5.69048e-09
-0.977155 0.0700608 3.19587e-09
-0.97732 0.0801104 1.55785e-10
-0.977561 0.0875813 -3.31296e-09
-0.977869 0.0921861 -7.07705e-09
-0.978233 0.0937482 -1.09919e-08
-0.978637 0.0922073 -1.49069e-08
-0.979068 0.0876227 -1.86718e-08
-0.979507 0.0801706 -2.21418e-08
-0.979939 0.0701374 -2.51837e-08
-0.980346 0.0579086 -2.76804e-08
-0.980713 0.0439542 -2.95361e-08
-0.981027 0.0288103 -3.06794e-08
-0.981274 0.0130591 -3.10664e-08
-0.981445 -0.00269438 -3.06823e-08
-0.981535 -0.0178446 -2.95417e-08
-0.981538 -0.0318094 -2.76886e-08
-0.981456 -0.0440521 -2.51941e-08
-0.981291 -0.0541022 -2.21542e-08
-0.98105 -0.0615736 -1.86855e-08
-0.980742 -0.0661792 -1.49214e-08
-0.980378 -0.0677419 -1.10067e-08
-0.979974 -0.0662017 -7.09157e-09
-0.979543 -0.0616178 -3.32663e-09
-0.979104 -0.0541663 1.43478e-10
-0.978672 -0.0441336 3.18541e-09
-0.978265 -0.0319053 5.68226e-09
-0.977898 -0.0179511 7.53808e-09
-0.977584 -0.0028075 8.68156e-09
-0.977337 0.0129437 9.06876e-09
-0.977166 0.0286972 8.68479e-09
-0.977076 0.0438476 7.54441e-09
-0.977073 0.0578127 5.69145e-09
-0.977155 0.0700559 3.1971e-09
-0.97732 0.0801065 1.57233e-10
-0.977561 0.0875786 -3.31135e-09
-0.977869 0.0921848 -7.07535e-09
-0.978233 0.0937482 -1.09901e-08
-0.978637 0.0922086 -1.49052e-08
-0.979067 0.0876254 -1.86702e-08
-0.978609 0.0922018 -5.48684e-09
-0.979006 0.0906851 -9.32657e-09
-0.979428 0.0861835 -1.30188e-08
-0.979859 0.0788698 -1.64215e-08
-0.980282 0.0690252 -1.9404e-08
-0.980682 0.0570279 -2.18518e-08
-0.981042 0.0433389 -2.36706e-08
-0.981349 0.0284844 -2.47907e-08
-0.981591 0.0130352 -2.51689e-08
-0.981759 -0.00241508 -2.47908e-08
-0.981847 -0.0172727 -2.36709e-08
-0.98185 -0.0309667 -2.18522e-08
-0.981769 -0.0429708 -1.94046e-08
-0.981608 -0.0528237 -1.64222e-08
-0.981371 -0.0601468 -1.30195e-08
-0.981068 -0.0646588 -9.32741e-09
-0.980712 -0.0661861 -5.4877e-09
-0.980315 -0.0646701 -1.64795e-09
-0.979893 -0.0601691 2.04428e-09
-0.979462 -0.052856 5.4471e-09
-0.979039 -0.0430119 8.42974e-09
-0.978639 -0.031015 1.08776e-08
-0.978279 -0.0173264 1.26966e-08
-0.977972 -0.00247211 1.38168e-08
-0.97773 0.0129771 1.41952e-08
-0.977561 0.0284274 1.38173e-08
-0.977474 0.0432852 1.26976e-08
-0.977471 0.0569795 1.0879e-08
-0.977551 0.068984 8.43155e-09
-0.977713 0.0788375 5.44923e-09
-0.97795 0.0861612 2.04665e-09
-0.978252 0.0906738 -1.64544e-09
-0.978609 0.0922018 -5.48513e-09
-0.979006 0.0906865 -9.3249e-09
-0.979428 0.0861861 -1.30172e-08
-0.979859 0.0788736 -1.64201e-08
-0.980282 0.06903 -1.94028e-08
-0.980682 0.0570336 -2.18508e-08
-0.981042 0.0433453 -2.36699e-08
-0.981349 0.0284912 -2.47903e-08
-0.981591 0.0130421 -2.51689e-08
-0.981759 -0.00240834 -2.47912e-08
-0.981847 -0.0172663 -2.36716e-08
-0.98185 -0.0309609 -2.18532e-08
-0.981769 -0.0429659 -1.94058e-08
-0.981608 -0.0528199 -1.64236e-08
-0.981371 -0.0601442 -1.30211e-08
-0.981069 -0.0646574 -9.32909e-09
-0.980712 -0.0661861 -5.4894e-09
-0.980315 -0.0646714 -1.64962e-09
-0.979893 -0.0601717 2.0427e-09
-0.979462 -0.0528598 5.44568e-09
-0.979039 -0.0430167 8.42853e-09
-0.978639 -0.0310207 1.08766e-08
-0.978279 -0.0173328 1.26959e-08
-0.977972 -0.00247885 1.38165e-08
-0.97773 0.0129702 1.41952e-08
-0.977562 0.0284207 1.38177e-08
-0.977474 0.0432789 1.26982e-08
-0.977471 0.0569738 1.088e-08
-0.977551 0.0689792 8.43276e-09
-0.977713 0.0788337 5.45065e-09
-0.97795 0.0861586 2.04822e-09
-0.978252 0.0906724 -1.64376e-09
-0.978609 0.0922018 -5.48343e-09
-0.979005 0.0906878 -9.32322e-09
-0.979427 0.0861887 -1.30156e-08
-0.979858 0.0788774 -1.64187e-08
-0.980282 0.0690349 -1.94016e-08
-0.980681 0.0570393 -2.18499e-08
-0.981042 0.0433516 -2.36693e-08
-0.981349 0.0284979 -2.479e-08
-0.981591 0.013049 -2.51689e-08
-0.981759 -0.0024016 -2.47915e-08
-0.981847 -0.01726 -2.36722e-08
-0.98185 -0.0309552 -2.18541e-08
-0.981769 -0.042961 -1.9407e-08
-0.981608 -0.0528161 -1.6425e-08
-0.981371 -0.0601416 -1.30227e-08
-0.981069 -0.0646561 -9.33076e-09
-0.980712 -0.0661861 -5.49111e-09
-0.980315 -0.0646728 -1.6513e-09
-0.979893 -0.0601743 2.04112e-09
-0.979462 -0.0528636 5.44426e-09
-0.979039 -0.0430216 8.42732e-09
-0.97864 -0.0310264 1.08757e-08
-0.978279 -0.0173391 1.26953e-08
-0.977972 -0.00248559 1.38162e-08
-0.97773 0.0129633 1.41952e-08
-0.977562 0.0284139 1.3818e-08
-0.977474 0.0432725 1.26989e-08
-0.977471 0.0569681 1.08809e-08
-0.977551 0.0689743 8.43397e-09
-0.977713 0.0788299 5.45207e-09
-0.97795 0.086156 2.0498e-09
-0.978252 0.0906711 -1.64209e-09
-0.978608 0.0922018 -5.48172e-09
-0.979005 0.0906892 -9.32155e-09
-0.979427 0.0861914 -1.3014e-08
-0.979858 0.0788812 -1.64172e-08
-0.980282 0.0690397 -1.94004e-08
-0.980681 0.057045 -2.18489e-08
-0.981041 0.043358 -2.36686e-08
-0.981349 0.0285047 -2.47897e-08
-0.981591 0.0130558 -2.51689e-08
-0.981759 -0.00239486 -2.47918e-08
-0.981847 -0.0172536 -2.36729e-08
-0.98185 -0.0309495 -2.18551e-08
-0.981769 -0.0429562 -1.94083e-08
-0.981608 -0.0528122 -1.64265e-08
-0.981371 -0.0601389 -1.30243e-08
-0.981069 -0.0646547 -9.33244e-09
-0.980712 -0.0661861 -5.49282e-09
-0.980316 -0.0646741 -1.65297e-09
-0.979894 -0.060177 2.03954e-09
-0.979463 -0.0528675 5.44283e-09
-0.979039 -0.0430265 8.42612e-09
-0.97864 -0.0310321 1.08747e-08
-0.978279 -0.0173455 1.26946e-08
-0.977972 -0.00249233 1.38158e-08
-0.97773 0.0129564 1.41952e-08
-0.977562 0.0284072 1.38183e-08
-0.977474 0.0432662 1.26995e-08
-0.977471 0.0569624 1.08819e-08
-0.977551 0.0689694 8.43517e-09
-0.977713 0.078826 5.45349e-09
-0.977949 0.0861533 2.05138e-09
-0.978252 0.0906698 -1.64041e-09
-0.978608 0.0922018 -5.48001e-09
-0.979005 0.0906905 -9.31987e-09
-0.979427 0.086194 -1.30124e-08
-0.979858 0.0788851 -1.64158e-08
-0.980281 0.0690446 -1.93992e-08
-0.980681 0.0570507 -2.1848e-08
-0.981041 0.0433643 -2.3668e-08
-0.981349 0.0285114 -2.47893e-08
-0.981591 0.0130627 -2.51689e-08
-0.981759 -0.00238811 -2.47922e-08
-0.981847 -0.0172473 -2.36735e-08
-0.98185 -0.0309438 -2.1856e-08
-0.98177 -0.0429513 -1.94095e-08
-0.981608 -0.0528084 -1.64279e-08
-0.981371 -0.0601363 -1.30259e-08
-0.981069 -0.0646534 -9.33411e-09
-0.980713 -0.0661861 -5.49453e-09
-0.980316 -0.0646755 -1.65465e-09
-0.979894 -0.0601796 2.03797e-09
-0.979463 -0.0528713 5.44141e-09
-0.979039 -0.0430313 8.42491e-09
-0.97864 -0.0310379 1.08738e-08
-0.97828 -0.0173518 1.2694e-08
-0.977972 -0.00249907 1.38155e-08
-0.97773 0.0129496 1.41952e-08
-0.977562 0.0284004 1.38186e-08
-0.977474 0.0432598 1.27002e-08
-0.977471 0.0569566 1.08828e-08
-0.977551 0.0689646 8.43638e-09
-0.977713 0.0788222 5.45491e-09
-0.977949 0.0861507 2.05296e-09
-0.978252 0.0906684 -1.63874e-09
-0.979011 0.0876119 -1.86656e-10
-0.979385 0.0861833 -3.80363e-09
-0.979783 0.0819428 -7.2816e-09
-0.980189 0.0750534 -1.04869e-08
-0.980587 0.0657799 -1.32964e-08
-0.980964 0.0544786 -1.56022e-08
-0.981303 0.0415838 -1.73155e-08
-0.981592 0.0275911 -1.83706e-08
-0.981821 0.0130382 -1.87269e-08
-0.981979 -0.00151579 -1.83707e-08
-0.982061 -0.0155114 -1.73158e-08
-0.982064 -0.028411 -1.56026e-08
-0.981988 -0.0397187 -1.3297e-08
-0.981836 -0.049 -1.04876e-08
-0.981613 -0.0558983 -7.28235e-09
-0.981328 -0.0601484 -3.80442e-09
-0.980992 -0.0615871 -1.8746e-10
-0.980618 -0.0601591 3.42953e-09
-0.980221 -0.0559192 6.90755e-09
-0.979815 -0.0490304 1.0113e-08
-0.979416 -0.0397574 1.29226e-08
-0.97904 -0.0284565 1.52284e-08
-0.9787 -0.015562 1.69419e-08
-0.978411 -0.00156952 1.79971e-08
-0.978183 0.0129834 1.83536e-08
-0.978024 0.0275374 1.79976e-08
-0.977942 0.0415332 1.69428e-08
-0.977939 0.054433 1.52297e-08
-0.978015 0.0657411 1.29243e-08
-0.978167 0.0750229 1.0115e-08
-0.97839 0.0819218 6.90978e-09
-0.978675 0.0861726 3.43189e-09
-0.979011 0.0876119 -1.85047e-10
-0.979385 0.0861845 -3.80205e-09
-0.979782 0.0819452 -7.28012e-09
-0.980188 0.075057 -1.04856e-08
-0.980587 0.0657844 -1.32953e-08
-0.980964 0.054484 -1.56013e-08
-0.981303 0.0415898 -1.73149e-08
-0.981592 0.0275975 -1.83703e-08
-0.98182 0.0130446 -1.87269e-08
-0.981979 -0.00150944 -1.8371e-08
-0.982061 -0.0155055 -1.73164e-08
-0.982064 -0.0284056 -1.56035e-08
-0.981988 -0.0397141 -1.32981e-08
-0.981836 -0.0489964 -1.04889e-08
-0.981613 -0.0558958 -7.28383e-09
-0.981328 -0.0601472 -3.80599e-09
-0.980992 -0.0615871 -1.89069e-10
-0.980619 -0.0601604 3.42795e-09
-0.980221 -0.0559217 6.90606e-09
-0.979815 -0.049034 1.01116e-08
-0.979416 -0.039762 1.29214e-08
-0.97904 -0.0284619 1.52275e-08
-0.9787 -0.015568 1.69413e-08
-0.978411 -0.00157586 1.79968e-08
-0.978183 0.0129769 1.83536e-08
-0.978025 0.027531 1.79979e-08
-0.977942 0.0415272 1.69434e-08
-0.977939 0.0544277 1.52306e-08
-0.978015 0.0657366 1.29254e-08
-0.978167 0.0750193 1.01163e-08
-0.97839 0.0819193 6.91127e-09
-0.978675 0.0861713 3.43347e-09
-0.979011 0.0876119 -1.83438e-10
-0.979385 0.0861858 -3.80047e-09
-0.979782 0.0819477 -7.27863e-09
-0.980188 0.0750606 -1.04843e-08
-0.980587 0.065789 -1.32942e-08
-0.980963 0.0544893 -1.56004e-08
-0.981303 0.0415958 -1.73143e-08
-0.981592 0.0276038 -1.837e-08
-0.98182 0.0130511 -1.87269e-08
-0.981979 -0.00150309 -1.83714e-08
-0.982061 -0.0154995 -1.7317e-08
-0.982064 -0.0284002 -1.56044e-08
-0.981988 -0.0397095 -1.32993e-08
-0.981836 -0.0489928 -1.04903e-08
-0.981613 -0.0558933 -7.28532e-09
-0.981328 -0.0601459 -3.80757e-09
-0.980993 -0.0615871 -1.90677e-10
-0.980619 -0.0601616 3.42637e-09
-0.980221 -0.0559242 6.90458e-09
-0.979815 -0.0490376 1.01103e-08
-0.979416 -0.0397665 1.29203e-08
-0.97904 -0.0284673 1.52266e-08
-0.978701 -0.015574 1.69406e-08
-0.978411 -0.00158221 1.79965e-08
-0.978183 0.0129704 1.83536e-08
-0.978025 0.0275247 1.79982e-08
-0.977942 0.0415212 1.6944e-08
-0.977939 0.0544223 1.52315e-08
-0.978015 0.065732 1.29265e-08
-0.978167 0.0750157 1.01176e-08
-0.97839 0.0819168 6.91275e-09
-0.978675 0.08617 3.43505e-09
-0.979011 0.0876119 -1.81829e-10
-0.979384 0.086187 -3.79889e-09
-0.979782 0.0819502 -7.27715e-09
-0.980188 0.0750642 -1.04829e-08
-0.980587 0.0657936 -1.3293e-08
-0.980963 0.0544947 -1.55995e-08
-0.981303 0.0416018 -1.73136e-08
-0.981592 0.0276101 -1.83696e-08
-0.98182 0.0130576 -1.87269e-08
-0.981979 -0.00149674 -1.83717e-08
-0.982061 -0.0154935 -1.73176e-08
-0.982064 -0.0283948 -1.56053e-08
-0.981988 -0.0397049 -1.33004e-08
-0.981836 -0.0489892 -1.04916e-08
-0.981613 -0.0558908 -7.28681e-09
-0.981328 -0.0601446 -3.80915e-09
-0.980993 -0.0615871 -1.92286e-10
-0.980619 -0.0601629 3.42479e-09
-0.980221 -0.0559267 6.90309e-09
-0.979815 -0.0490412 1.01089e-08
-0.979417 -0.0397711 1.29191e-08
-0.97904 -0.0284727 1.52257e-08
-0.978701 -0.01558 1.694e-08
-0.978411 -0.00158856 1.79962e-08
-0.978183 0.012964 1.83536e-08
-0.978025 0.0275183 1.79985e-08
-0.977942 0.0415153 1.69446e-08
-0.977939 0.0544169 1.52324e-08
-0.978015 0.0657274 1.29277e-08
-0.978167 0.0750121 1.0119e-08
-0.97839 0.0819144 6.91424e-09
-0.978675 0.0861688 3.43663e-09
-0.97901 0.0876119 -1.8022e-10
-0.979384 0.0861883 -3.79732e-09
-0.979782 0.0819527 -7.27566e-09
-0.980188 0.0750678 -1.04816e-08
-0.980587 0.0657982 -1.32919e-08
-0.980963 0.0545001 -1.55986e-08
-0.981302 0.0416077 -1.7313e-08
-0.981592 0.0276165 -1.83693e-08
-0.98182 0.013064 -1.87269e-08
-0.981979 -0.00149039 -1.8372e-08
-0.982061 -0.0154875 -1.73183e-08
-0.982064 -0.0283894 -1.56062e-08
-0.981988 -0.0397003 -1.33016e-08
-0.981836 -0.0489856 -1.0493e-08
-0.981613 -0.0558883 -7.28829e-09
-0.981329 -0.0601434 -3.81073e-09
-0.980993 -0.0615871 -1.93895e-10
-0.980619 -0.0601642 3.42322e-09
-0.980222 -0.0559291 6.9016e-09
-0.979816 -0.0490448 1.01076e-08
-0.979417 -0.0397757 1.2918e-08
-0.97904 -0.028478 1.52248e-08
-0.978701 -0.015586 1.69394e-08
-0.979425 0.0801549 4.69806e-09
-0.979761 0.0788692 1.44284e-09
-0.980119 0.0750528 -1.68728e-09
-0.980484 0.0688525 -4.57203e-09
-0.980843 0.0605064 -7.10054e-09
-0.981182 0.0503355 -9.17565e-09
-0.981487 0.0387304 -1.07176e-08
-0.981748 0.0261372 -1.16672e-08
-0.981953 0.0130397 -1.19879e-08
-0.982096 -5.85671e-05 -1.16673e-08
-0.98217 -0.0126544 -1.07179e-08
-0.982173 -0.0242638 -9.17605e-09
-0.982104 -0.0344405 -7.10105e-09
-0.981967 -0.0427936 -4.57263e-09
-0.981766 -0.0490019 -1.68795e-09
-0.98151 -0.052827 1.44213e-09
-0.981208 -0.0541218 4.69734e-09
-0.980871 -0.0528366 7.95257e-09
-0.980513 -0.0490208 1.10827e-08
-0.980148 -0.042821 1.39675e-08
-0.979789 -0.0344754 1.64961e-08
-0.97945 -0.0243048 1.85714e-08
-0.979145 -0.0127 2.01135e-08
-0.978885 -0.000106917 2.10632e-08
-0.978679 0.0129905 2.1384e-08
-0.978537 0.0260888 2.10636e-08
-0.978463 0.0386849 2.01143e-08
-0.97846 0.0502945 1.85726e-08
-0.978528 0.0604716 1.64977e-08
-0.978665 0.0688251 1.39694e-08
-0.978866 0.0750339 1.10847e-08
-0.979122 0.0788596 7.9547e-09
-0.979425 0.0801549 4.69951e-09
-0.979761 0.0788703 1.44426e-09
-0.980119 0.075055 -1.68594e-09
-0.980484 0.0688557 -4.57082e-09
-0.980843 0.0605106 -7.09951e-09
-0.981182 0.0503403 -9.17484e-09
-0.981487 0.0387358 -1.07171e-08
-0.981748 0.0261429 -1.16669e-08
-0.981953 0.0130456 -1.19879e-08
-0.982096 -5.28525e-05 -1.16676e-08
-0.98217 -0.012649 -1.07184e-08
-0.982173 -0.0242589 -9.17685e-09
-0.982104 -0.0344364 -7.10207e-09
-0.981967 -0.0427903 -4.57383e-09
-0.981766 -0.0489997 -1.68929e-09
-0.98151 -0.0528259 1.44071e-09
-0.981208 -0.0541218 4.69589e-09
-0.980871 -0.0528378 7.95115e-09
-0.980514 -0.049023 1.10814e-08
-0.980148 -0.0428242 1.39663e-08
-0.979789 -0.0344795 1.64951e-08
-0.979451 -0.0243096 1.85706e-08
-0.979145 -0.0127054 2.01129e-08
-0.978885 -0.000112631 2.10629e-08
-0.978679 0.0129846 2.1384e-08
-0.978537 0.0260831 2.10639e-08
-0.978463 0.0386795 2.01148e-08
-0.97846 0.0502896 1.85734e-08
-0.978528 0.0604675 1.64987e-08
-0.978665 0.0688218 1.39706e-08
-0.978866 0.0750317 1.10861e-08
-0.979122 0.0788584 7.95612e-09
-0.979424 0.0801549 4.70096e-09
-0.979761 0.0788714 1.44568e-09
-0.980119 0.0750573 -1.6846e-09
-0.980484 0.0688589 -4.56962e-09
-0.980843 0.0605147 -7.09849e-09
-0.981182 0.0503452 -9.17404e-09
-0.981487 0.0387412 -1.07165e-08
-0.981748 0.0261486 -1.16666e-08
-0.981953 0.0130514 -1.19879e-08
-0.982095 -4.71379e-05 -1.16679e-08
-0.98217 -0.0126437 -1.0719e-08
-0.982173 -0.0242541 -9.17766e-09
-0.982104 -0.0344323 -7.1031e-09
-0.981967 -0.0427871 -4.57504e-09
-0.981766 -0.0489975 -1.69062e-09
-0.98151 -0.0528247 1.43929e-09
-0.981208 -0.0541218 4.69444e-09
-0.980872 -0.0528389 7.94973e-09
-0.980514 -0.0490252 1.10801e-08
-0.980148 -0.0428274 1.39651e-08
-0.979789 -0.0344836 1.64941e-08
-0.979451 -0.0243145 1.85698e-08
-0.979145 -0.0127107 2.01124e-08
-0.978885 -0.000118344 2.10626e-08
-0.978679 0.0129788 2.1384e-08
-0.978537 0.0260774 2.10641e-08
-0.978463 0.0386741 2.01154e-08
-0.97846 0.0502848 1.85742e-08
-0.978528 0.0604633 1.64997e-08
-0.978665 0.0688186 1.39718e-08
-0.978866 0.0750295 1.10874e-08
-0.979122 0.0788573 7.95754e-09
-0.979424 0.0801549 4.7024e-09
-0.979761 0.0788726 1.4471e-09
-0.980119 0.0750595 -1.68327e-09
-0.980484 0.0688622 -4.56841e-09
-0.980843 0.0605188 -7.09747e-09
-0.981182 0.05035 -9.17323e-09
-0.981487 0.0387465 -1.0716e-08
-0.981747 0.0261543 -1.16663e-08
-0.981953 0.0130572 -1.19879e-08
-0.982095 -4.14232e-05 -1.16682e-08
-0.98217 -0.0126383 -1.07196e-08
-0.982173 -0.0242493 -9.17846e-09
-0.982104 -0.0344282 -7.10412e-09
-0.981967 -0.0427839 -4.57624e-09
-0.981767 -0.0489952 -1.69196e-09
-0.98151 -0.0528236 1.43787e-09
-0.981208 -0.0541218 4.69299e-09
-0.980872 -0.05284 7.94831e-09
-0.980514 -0.0490275 1.10787e-08
-0.980148 -0.0428307 1.39639e-08
-0.97979 -0.0344877 1.64931e-08
-0.979451 -0.0243193 1.8569e-08
-0.979145 -0.0127161 2.01118e-08
-0.978885 -0.000124058 2.10623e-08
-0.978679 0.012973 2.1384e-08
-0.978537 0.0260717 2.10644e-08
-0.978463 0.0386687 2.0116e-08
-0.97846 0.0502799 1.8575e-08
-0.978528 0.0604592 1.65008e-08
-0.978665 0.0688154 1.3973e-08
-0.978866 0.0750272 1.10888e-08
-0.979122 0.0788561 7.95896e-09
-0.979424 0.0801549 4.70385e-09
-0.979761 0.0788737 1.44852e-09
-0.980118 0.0750617 -1.68193e-09
-0.980484 0.0688654 -4.56721e-09
-0.980843 0.0605229 -7.09644e-09
-0.981181 0.0503548 -9.17243e-09
-0.981487 0.0387519 -1.07154e-08
-0.981747 0.02616 -1.1666e-08
-0.979834 0.0701174 8.9796e-09
-0.98012 0.069024 6.21123e-09
-0.980424 0.0657784 3.54924e-09
-0.980735 0.0605054 1.09594e-09
-0.98104 0.0534076 -1.05441e-09
-0.981328 0.0447577 -2.81917e-09
-0.981588 0.0348883 -4.13052e-09
-0.981809 0.0241785 -4.93807e-09
-0.981984 0.0130399 -5.21079e-09
-0.982105 0.0019006 -4.93819e-09
-0.982168 -0.00881144 -4.13076e-09
-0.982171 -0.0186845 -2.81951e-09
-0.982112 -0.0273392 -1.05485e-09
-0.981996 -0.034443 1.09542e-09
-0.981825 -0.0397228 3.54867e-09
-0.981607 -0.0429758 6.21062e-09
-0.98135 -0.044077 8.97898e-09
-0.981064 -0.042984 1.17474e-08
-0.98076 -0.0397389 1.44094e-08
-0.980449 -0.0344663 1.68627e-08
-0.980144 -0.0273689 1.90132e-08
-0.979856 -0.0187194 2.0778e-08
-0.979596 -0.00885017 2.20895e-08
-0.979374 0.00185948 2.28971e-08
-0.9792 0.012998 2.317e-08
-0.979079 0.0241374 2.28975e-08
-0.979016 0.0348496 2.20902e-08
-0.979013 0.0447229 2.0779e-08
-0.979071 0.0533779 1.90145e-08
-0.979188 0.0604821 1.68643e-08
-0.979359 0.0657623 1.44111e-08
-0.979577 0.0690158 1.17492e-08
-0.979834 0.0701174 8.98083e-09
-0.98012 0.0690249 6.21243e-09
-0.980424 0.0657803 3.55038e-09
-0.980735 0.0605081 1.09696e-09
-0.98104 0.0534111 -1.05354e-09
-0.981328 0.0447619 -2.81849e-09
-0.981588 0.0348929 -4.13005e-09
-0.981809 0.0241834 -4.93783e-09
-0.981984 0.0130449 -5.21079e-09
-0.982105 0.00190546 -4.93843e-09
-0.982168 -0.00880686 -4.13123e-09
-0.982171 -0.0186804 -2.8202e-09
-0.982112 -0.0273357 -1.05572e-09
-0.981996 -0.0344402 1.0944e-09
-0.981825 -0.0397209 3.54753e-09
-0.981607 -0.0429749 6.20941e-09
-0.98135 -0.044077 8.97775e-09
-0.981064 -0.042985 1.17462e-08
-0.98076 -0.0397408 1.44082e-08
-0.980449 -0.034469 1.68617e-08
-0.980144 -0.0273724 1.90123e-08
-0.979856 -0.0187235 2.07773e-08
-0.979596 -0.00885475 2.2089e-08
-0.979374 0.00185462 2.28969e-08
-0.9792 0.0129931 2.317e-08
-0.979079 0.0241325 2.28977e-08
-0.979016 0.034845 2.20907e-08
-0.979013 0.0447188 2.07797e-08
-0.979071 0.0533744 1.90153e-08
-0.979188 0.0604793 1.68653e-08
-0.979358 0.0657604 1.44122e-08
-0.979576 0.0690148 1.17504e-08
-0.979833 0.0701174 8.98206e-09
-0.98012 0.0690259 6.21364e-09
-0.980424 0.0657822 3.55152e-09
-0.980735 0.0605109 1.09798e-09
-0.98104 0.0534146 -1.05267e-09
-0.981328 0.044766 -2.8178e-09
-0.981588 0.0348975 -4.12958e-09
-0.981809 0.0241882 -4.93759e-09
-0.981984 0.0130499 -5.21079e-09
-0.982105 0.00191032 -4.93867e-09
-0.982168 -0.00880228 -4.1317e-09
-0.982171 -0.0186763 -2.82088e-09
-0.982112 -0.0273322 -1.05659e-09
-0.981996 -0.0344375 1.09338e-09
-0.981825 -0.039719 3.5464e-09
-0.981607 -0.0429739 6.20821e-09
-0.98135 -0.044077 8.97652e-09
-0.981064 -0.0429859 1.17449e-08
-0.98076 -0.0397427 1.44071e-08
-0.980449 -0.0344718 1.68607e-08
-0.980144 -0.0273759 1.90114e-08
-0.979856 -0.0187276 2.07767e-08
-0.979596 -0.00885932 2.20885e-08
-0.979375 0.00184976 2.28967e-08
-0.9792 0.0129881 2.317e-08
-0.979079 0.0241277 2.2898e-08
-0.979016 0.0348404 2.20911e-08
-0.979013 0.0447146 2.07804e-08
-0.979071 0.0533709 1.90162e-08
-0.979188 0.0604765 1.68663e-08
-0.979358 0.0657585 1.44134e-08
-0.979576 0.0690139 1.17516e-08
-0.979833 0.0701174 8.98329e-09
-0.980119 0.0690269 6.21485e-09
-0.980424 0.065784 3.55265e-09
-0.980734 0.0605136 1.09901e-09
-0.98104 0.0534181 -1.0518e-09
-0.981328 0.0447701 -2.81712e-09
-0.981588 0.034902 -4.12911e-09
-0.981809 0.0241931 -4.93735e-09
-0.981984 0.0130548 -5.21079e-09
-0.982105 0.00191518 -4.93891e-09
-0.982168 -0.0087977 -4.13217e-09
-0.982171 -0.0186722 -2.82157e-09
-0.982112 -0.0273287 -1.05746e-09
-0.981996 -0.0344347 1.09235e-09
-0.981825 -0.0397171 3.54526e-09
-0.981607 -0.0429729 6.207e-09
-0.98135 -0.044077 8.97529e-09
-0.981064 -0.0429869 1.17437e-08
-0.98076 -0.0397446 1.4406e-08
-0.980449 -0.0344745 1.68597e-08
-0.980222 0.0578851 1.24934e-08
-0.980447 0.057026 1.03183e-08
-0.980686 0.0544759 8.22673e-09
-0.98093 0.0503328 6.29914e-09
-0.98117 0.044756 4.60958e-09
-0.981397 0.0379597 3.22299e-09
-0.981601 0.0302052 2.19265e-09
-0.981775 0.0217904 1.55815e-09
-0.981912 0.0130387 1.34388e-09
-0.982007 0.00428642 1.55806e-09
-0.982057 -0.00413015 2.19247e-09
-0.982059 -0.0118875 3.22273e-09
-0.982013 -0.0186876 4.60924e-09
-0.981921 -0.0242691 6.29874e-09
-0.981787 -0.0284176 8.22628e-09
-0.981616 -0.0309735 1.03178e-08
-0.981414 -0.0318387 1.24929e-08
-0.981189 -0.0309799 1.46681e-08
-0.98095 -0.0284302 1.67597e-08
-0.980706 -0.0242874 1.86873e-08
-0.980466 -0.0187109 2.03769e-08
-0.98024 -0.0119149 2.17636e-08
-0.980036 -0.00416058 2.2794e-08
-0.979862 0.00425411 2.34286e-08
-0.979724 0.0130058 2.3643e-08
-0.979629 0.0217581 2.34289e-08
-0.97958 0.0301748 2.27945e-08
-0.979578 0.0379324 2.17644e-08
-0.979623 0.0447327 2.03779e-08
-0.979715 0.0503145 1.86885e-08
-0.979849 0.0544633 1.6761e-08
-0.98002 0.0570196 1.46695e-08
-0.980222 0.0578851 1.24944e-08
-0.980447 0.0570267 1.03192e-08
-0.980686 0.0544774 8.22762e-09
-0.98093 0.050335 6.29994e-09
-0.98117 0.0447587 4.61027e-09
-0.981397 0.037963 3.22353e-09
-0.981601 0.0302088 2.19302e-09
-0.981775 0.0217942 1.55834e-09
-0.981912 0.0130426 1.34388e-09
-0.982007 0.00429023 1.55787e-09
-0.982057 -0.00412655 2.1921e-09
-0.982059 -0.0118843 3.22219e-09
-0.982013 -0.0186849 4.60856e-09
-0.981921 -0.024267 6.29793e-09
-0.981787 -0.0284161 8.22539e-09
-0.981616 -0.0309727 1.03169e-08
-0.981414 -0.0318387 1.2492e-08
-0.981189 -0.0309807 1.46671e-08
-0.98095 -0.0284317 1.67588e-08
-0.980706 -0.0242896 1.86865e-08
-0.980466 -0.0187137 2.03762e-08
-0.98024 -0.0119182 2.1763e-08
-0.980036 -0.00416417 2.27936e-08
-0.979862 0.00425029 2.34284e-08
-0.979724 0.0130019 2.3643e-08
-0.979629 0.0217543 2.34291e-08
-0.97958 0.0301712 2.27949e-08
-0.979578 0.0379291 2.17649e-08
-0.979623 0.0447299 2.03786e-08
-0.979715 0.0503123 1.86893e-08
-0.979849 0.0544618 1.67619e-08
-0.98002 0.0570188 1.46705e-08
-0.980222 0.0578851 1.24953e-08
-0.980447 0.0570275 1.03202e-08
-0.980686 0.0544788 8.22851e-09
-0.98093 0.0503371 6.30075e-09
-0.98117 0.0447615 4.61095e-09
-0.981396 0.0379662 3.22407e-09
-0.981601 0.0302124 2.19339e-09
-0.981775 0.0217981 1.55853e-09
-0.981912 0.0130465 1.34388e-09
-0.982007 0.00429405 1.55768e-09
-0.982057 -0.00412295 2.19173e-09
-0.982059 -0.0118811 3.22165e-09
-0.982013 -0.0186821 4.60787e-09
-0.981921 -0.0242648 6.29713e-09
-0.981787 -0.0284146 8.22449e-09
-0.981616 -0.030972 1.03159e-08
-0.981414 -0.0318387 1.2491e-08
-0.981189 -0.0309814 1.46662e-08
-0.98095 -0.0284331 1.67579e-08
-0.980706 -0.0242918 1.86857e-08
-0.980466 -0.0187164 2.03755e-08
-0.98024 -0.0119214 2.17625e-08
-0.980036 -0.00416777 2.27933e-08
-0.979862 0.00424647 2.34282e-08
-0.979724 0.012998 2.3643e-08
-0.979629 0.0217505 2.34292e-08
-0.97958 0.0301676 2.27953e-08
-0.980576 0.0439281 1.51045e-08
-0.980731 0.0433363 1.36062e-08
-0.980895 0.0415796 1.21654e-08
-0.981064 0.0387257 1.08376e-08
-0.981229 0.0348842 9.6738e-09
-0.981385 0.0302027 8.71866e-09
-0.981525 0.0248611 8.00892e-09
-0.981645 0.0190646 7.57186e-09
-0.98174 0.0130361 7.42425e-09
-0.981805 0.0070072 7.57179e-09
-0.981839 0.00120955 8.0088e-09
-0.981841 -0.00413404 8.71848e-09
-0.981809 -0.00881821 9.67357e-09
-0.981746 -0.012663 1.08374e-08
-0.981654 -0.0155206 1.21651e-08
-0.981536 -0.0172812 1.36058e-08
-0.981397 -0.0178772 1.51042e-08
-0.981242 -0.0172856 1.66025e-08
-0.981077 -0.0155293 1.80432e-08
-0.980909 -0.0126756 1.93711e-08
-0.980744 -0.00883426 2.05349e-08
-0.980588 -0.0041529 2.14901e-08
-0.980447 0.00118859 2.21999e-08
-0.980327 0.00698495 2.26371e-08
-0.980233 0.0130134 2.27847e-08
-0.980167 0.0190424 2.26373e-08
-0.980133 0.0248401 2.22003e-08
-0.980132 0.0301838 2.14907e-08
-0.980163 0.0348682 2.05356e-08
-0.980226 0.0387131 1.93719e-08
-0.980319 0.041571 1.80442e-08
-0.980437 0.0433318 1.66035e-08
-0.980576 0.0439281 1.51052e-08
-0.980731 0.0433368 1.36068e-08
-0.980895 0.0415807 1.2166e-08
-0.981064 0.0387272 1.08382e-08
-0.981229 0.0348861 9.67427e-09
-0.981385 0.0302049 8.71903e-09
-0.981525 0.0248636 8.00918e-09
-0.981645 0.0190673 7.57199e-09
-0.98174 0.0130388 7.42425e-09
-0.981805 0.00700983 7.57166e-09
-0.981839 0.00121203 8.00854e-09
-0.981841 -0.00413181 8.71811e-09
-0.981809 -0.00881632 9.67309e-09
-0.981746 -0.0126615 1.08368e-08
-0.981654 -0.0155195 1.21645e-08
-0.981536 -0.0172807 1.36052e-08
-0.981397 -0.0178772 1.51035e-08
-0.981242 -0.0172861 1.66018e-08
-0.981077 -0.0155303 1.80426e-08
-0.980909 -0.0126771 1.93705e-08
-0.980744 -0.00883615 2.05345e-08
-0.980588 -0.00415513 2.14898e-08
-0.980447 0.00118611 2.21997e-08
-0.980327 0.00698232 2.26369e-08
-0.980233 0.0130108 2.27847e-08
-0.980167 0.0190398 2.26374e-08
-0.980133 0.0248376 2.22006e-08
-0.980132 0.0301816 2.14911e-08
-0.980163 0.0348663 2.05361e-08
-0.980226 0.0387116 1.93725e-08
-0.980319 0.0415699 1.80448e-08
-0.980881 0.0287826 1.67125e-08
-0.980959 0.0284809 1.59486e-08
-0.981043 0.0275853 1.5214e-08
-0.981129 0.0261302 1.4537e-08
-0.981213 0.0241716 1.39436e-08
-0.981293 0.0217847 1.34566e-08
-0.981365 0.0190613 1.30948e-08
-0.981426 0.0161059 1.28719e-08
-0.981474 0.0130323 1.27967e-08
-0.981507 0.0099584 1.28719e-08
-0.981525 0.00700245 1.30947e-08
-0.981525 0.00427801 1.34566e-08
-0.981509 0.00188977 1.39435e-08
-0.981477 -7.04958e-05 1.45369e-08
-0.98143 -0.00152745 1.52138e-08
-0.98137 -0.00242511 1.59484e-08
-0.981299 -0.00272897 1.67123e-08
-0.98122 -0.00242736 1.74762e-08
-0.981136 -0.00153188 1.82108e-08
-0.98105 -7.69231e-05 1.88878e-08
-0.980966 0.00188159 1.94812e-08
-0.980887 0.00426839 1.99682e-08
-0.980815 0.00699176 2.03301e-08
-0.980754 0.00994706 2.0553e-08
-0.980706 0.0130207 2.06283e-08
-0.980672 0.0160946 2.05531e-08
-0.980655 0.0190506 2.03303e-08
-0.980654 0.0217751 1.99685e-08
-0.98067 0.0241634 1.94816e-08
-0.980702 0.0261238 1.88882e-08
-0.980749 0.0275808 1.82113e-08
-0.98081 0.0284786 1.74767e-08
-0.981125 0.0130308 1.72556e-08
