-0.18816 0.436406 -0.13879
-0.0361809 0.501955 -0.136578
-0.0376598 0.497353 -0.137382
-0.0449224 0.490409 -0.138155
-0.0576898 0.481391 -0.138867
-0.0754712 0.470645 -0.139492
-0.0975833 0.458583 -0.140004
-0.123177 0.445671 -0.140385
-0.151267 0.432403 -0.140619
-0.180776 0.419289 -0.140699
-0.210569 0.406834 -0.140619
-0.239501 0.395516 -0.140385
-0.26646 0.38577 -0.140004
-0.290411 0.377971 -0.139492
-0.310433 0.372418 -0.138867
-0.325756 0.369325 -0.138155
-0.335792 0.36881 -0.137382
-0.340155 0.370893 -0.136578
-0.338677 0.375495 -0.135775
-0.331416 0.382438 -0.135002
-0.31865 0.391456 -0.134289
-0.300869 0.402202 -0.133665
-0.278758 0.414263 -0.133153
-0.253165 0.427176 -0.132772
-0.225075 0.440444 -0.132537
-0.195567 0.453557 -0.132458
-0.165774 0.466012 -0.132537
-0.136841 0.477331 -0.132772
-0.109882 0.487077 -0.133152
-0.0859301 0.494877 -0.133665
-0.0659075 0.50043 -0.134289
-0.0505831 0.503524 -0.135001
-0.0405459 0.504039 -0.135774
0.109942 0.565021 -0.130027
0.107041 0.555993 -0.131604
0.0927952 0.542373 -0.13312
0.0677512 0.524683 -0.134517
0.0328717 0.503603 -0.135742
-0.0105029 0.479944 -0.136747
-0.0607058 0.454615 -0.137494
-0.115808 0.428589 -0.137954
-0.173691 0.402866 -0.138109
-0.232132 0.378434 -0.137954
-0.288884 0.356234 -0.137494
-0.341767 0.337116 -0.136748
-0.388748 0.321818 -0.135742
-0.428022 0.310925 -0.134518
-0.458079 0.304857 -0.133121
-0.477766 0.303847 -0.131604
-0.486324 0.307934 -0.130028
-0.483426 0.316961 -0.128451
-0.469182 0.330581 -0.126935
-0.44414 0.34827 -0.125538
-0.409263 0.369348 -0.124313
-0.36589 0.393007 -0.123308
-0.315688 0.418336 -0.122561
-0.260587 0.444362 -0.122101
-0.202704 0.470085 -0.121945
-0.144263 0.494517 -0.122101
-0.0875106 0.516719 -0.12256
-0.0346268 0.535837 -0.123307
0.0123558 0.551136 -0.124312
0.0516316 0.56203 -0.125537
0.0816914 0.568099 -0.126934
0.10138 0.56911 -0.12845
0.109941 0.565024 -0.130027
0.107045 0.555998 -0.131603
0.092804 0.54238 -0.13312
0.0677645 0.524692 -0.134517
0.0328891 0.503613 -0.135742
-0.0104821 0.479955 -0.136747
-0.0606824 0.454627 -0.137494
-0.115783 0.4286 -0.137954
-0.173665 0.402877 -0.138109
-0.232106 0.378445 -0.137954
-0.28886 0.356243 -0.137495
-0.341745 0.337124 -0.136748
-0.388729 0.321823 -0.135743
-0.428006 0.310929 -0.134518
-0.458068 0.304859 -0.133121
-0.477759 0.303847 -0.131605
-0.486323 0.307931 -0.130028
-0.48343 0.316956 -0.128452
-0.469191 0.330574 -0.126936
-0.444154 0.348261 -0.125538
-0.40928 0.369338 -0.124313
-0.365911 0.392996 -0.123308
-0.315712 0.418325 -0.122561
-0.260612 0.444351 -0.122101
-0.20273 0.470074 -0.121945
-0.144289 0.494507 -0.1221
-0.087535 0.516709 -0.12256
-0.034649 0.535829 -0.123307
0.0123366 0.551131 -0.124312
0.0516162 0.562026 -0.125536
0.0816804 0.568097 -0.126933
0.244594 0.623181 -0.119389
0.240383 0.610075 -0.121678
0.219701 0.590301 -0.123879
0.183342 0.564619 -0.125908
0.132705 0.534016 -0.127686
0.0697347 0.499669 -0.129145
-0.0031486 0.462896 -0.130229
-0.0831443 0.425112 -0.130897
-0.167178 0.387768 -0.131123
-0.252021 0.352299 -0.130897
-0.334412 0.320068 -0.13023
-0.411186 0.292314 -0.129145
-0.479392 0.270104 -0.127686
-0.536409 0.25429 -0.125908
-0.580046 0.245481 -0.12388
-0.608626 0.244015 -0.121679
-0.621051 0.249948 -0.11939
-0.616844 0.263053 -0.117101
-0.596165 0.282826 -0.1149
-0.55981 0.308506 -0.112871
-0.509176 0.339108 -0.111093
-0.446208 0.373455 -0.109634
-0.373326 0.410227 -0.108549
-0.293332 0.448011 -0.107882
-0.209299 0.485356 -0.107656
-0.124455 0.520825 -0.107881
-0.0420631 0.553057 -0.108549
0.0347123 0.580812 -0.109633
0.10292 0.603024 -0.111092
0.15994 0.618839 -0.11287
0.20358 0.62765 -0.114898
0.232164 0.629117 -0.117099
0.244592 0.623185 -0.119388
0.240388 0.610082 -0.121677
0.219713 0.590311 -0.123878
0.183362 0.564632 -0.125907
0.13273 0.534031 -0.127685
0.069765 0.499685 -0.129145
-0.0031146 0.462913 -0.130229
-0.0831078 0.425129 -0.130897
-0.167141 0.387784 -0.131123
-0.251984 0.352314 -0.130897
-0.334377 0.320082 -0.13023
-0.411154 0.292326 -0.129146
-0.479364 0.270112 -0.127687
-0.536387 0.254296 -0.125909
-0.58003 0.245483 -0.123881
-0.608617 0.244014 -0.12168
-0.621049 0.249944 -0.119391
-0.616849 0.263046 -0.117102
-0.596178 0.282816 -0.114901
-0.559829 0.308494 -0.112872
-0.509201 0.339094 -0.111094
-0.446238 0.373439 -0.109634
-0.37336 0.410211 -0.10855
-0.293368 0.447995 -0.107882
-0.209336 0.48534 -0.107656
-0.124493 0.52081 -0.107881
-0.0420985 0.553043 -0.108548
0.03468 0.580801 -0.109632
0.102893 0.603015 -0.111091
0.159918 0.618833 -0.112869
0.203564 0.627647 -0.114897
0.232155 0.629118 -0.117098
0.244591 0.62319 -0.119387
0.240394 0.610089 -0.121676
0.219726 0.590321 -0.123877
0.183381 0.564644 -0.125906
0.132755 0.534045 -0.127684
0.0697952 0.499701 -0.129144
-0.0030806 0.46293 -0.130229
-0.0830713 0.425146 -0.130897
-0.167103 0.3878 -0.131123
-0.251947 0.352329 -0.130898
-0.334342 0.320095 -0.13023
-0.411122 0.292337 -0.129147
-0.479337 0.270121 -0.127688
-0.536365 0.254301 -0.12591
-0.580014 0.245486 -0.123882
-0.608608 0.244013 -0.121681
-0.621048 0.24994 -0.119392
-0.616855 0.263039 -0.117103
-0.59619 0.282806 -0.114902
-0.559849 0.308481 -0.112873
-0.509226 0.339079 -0.111094
-0.446268 0.373423 -0.109635
-0.373394 0.410194 -0.10855
-0.293405 0.447978 -0.107882
-0.209374 0.485323 -0.107656
-0.12453 0.520795 -0.107881
-0.0421339 0.55303 -0.108548
0.362601 0.6742 -0.105073
0.35724 0.657519 -0.107986
0.330917 0.632351 -0.110788
0.284641 0.599665 -0.113369
0.220192 0.560715 -0.115632
0.140046 0.516999 -0.11749
0.0472832 0.470196 -0.11887
-0.0545321 0.422106 -0.119719
-0.161487 0.374576 -0.120006
-0.269472 0.329432 -0.11972
-0.374336 0.28841 -0.11887
-0.472051 0.253086 -0.11749
-0.558861 0.224817 -0.115633
-0.63143 0.20469 -0.11337
-0.686969 0.193479 -0.110788
-0.723345 0.191613 -0.107987
-0.739159 0.199164 -0.105073
-0.733803 0.215844 -0.10216
-0.707484 0.241009 -0.0993586
-0.661213 0.273695 -0.0967767
-0.596768 0.312643 -0.0945136
-0.516625 0.356359 -0.0926564
-0.423864 0.403161 -0.0912762
-0.322051 0.451251 -0.0904262
-0.215096 0.498781 -0.0901391
-0.107111 0.543926 -0.0904258
-0.00224567 0.584949 -0.0912755
0.095471 0.620274 -0.0926553
0.182284 0.648544 -0.0945123
0.254856 0.668673 -0.0967751
0.3104 0.679887 -0.0993568
0.34678 0.681755 -0.102158
0.362598 0.674206 -0.105071
0.357247 0.657528 -0.107985
0.330933 0.632364 -0.110786
0.284666 0.599681 -0.113368
0.220224 0.560733 -0.115631
0.140085 0.517019 -0.117489
0.0473265 0.470217 -0.118869
-0.0544857 0.422127 -0.119719
-0.161439 0.374596 -0.120006
-0.269424 0.329451 -0.11972
-0.374291 0.288427 -0.11887
-0.47201 0.2531 -0.117491
-0.558825 0.224828 -0.115634
-0.631401 0.204697 -0.113371
-0.686949 0.193481 -0.110789
-0.723333 0.191611 -0.107988
-0.739156 0.199159 -0.105075
-0.73381 0.215834 -0.102161
-0.7075 0.240997 -0.0993598
-0.661238 0.273679 -0.0967778
-0.5968 0.312625 -0.0945146
-0.516663 0.356338 -0.0926571
-0.423908 0.40314 -0.0912767
-0.322097 0.45123 -0.0904265
-0.215144 0.498761 -0.0901391
-0.107159 0.543906 -0.0904256
-0.00229072 0.584932 -0.091275
0.09543 0.62026 -0.0926546
0.182248 0.648534 -0.0945114
0.254828 0.668666 -0.096774
0.310379 0.679884 -0.0993556
0.346768 0.681757 -0.102157
0.362596 0.674211 -0.10507
0.357254 0.657538 -0.107984
0.330949 0.632377 -0.110785
0.284691 0.599697 -0.113367
0.220257 0.560752 -0.115631
0.140123 0.517039 -0.117488
0.0473698 0.470238 -0.118869
-0.0544392 0.422148 -0.119719
-0.161392 0.374617 -0.120006
-0.269377 0.32947 -0.11972
-0.374246 0.288444 -0.118871
-0.471969 0.253114 -0.117491
-0.55879 0.224839 -0.115635
-0.631373 0.204704 -0.113372
-0.686928 0.193484 -0.110791
-0.723322 0.19161 -0.107989
-0.739154 0.199154 -0.105076
-0.733817 0.215825 -0.102163
-0.707517 0.240984 -0.099361
-0.661262 0.273663 -0.0967789
-0.596832 0.312607 -0.0945155
-0.516702 0.356318 -0.0926578
-0.423951 0.403118 -0.0912772
-0.322143 0.451208 -0.0904267
-0.215192 0.49874 -0.0901391
-0.107206 0.543887 -0.0904253
-0.00233578 0.584915 -0.0912745
0.095389 0.620246 -0.0926538
0.182213 0.648523 -0.0945104
0.254799 0.668659 -0.0967729
0.310359 0.679881 -0.0993544
0.346756 0.681758 -0.102156
0.362594 0.674216 -0.105069
0.357262 0.657547 -0.107982
0.330965 0.63239 -0.110784
0.284715 0.599712 -0.113366
0.220289 0.56077 -0.11563
0.140162 0.517059 -0.117487
0.047413 0.470259 -0.118868
-0.0543928 0.42217 -0.119719
-0.161344 0.374637 -0.120006
-0.26933 0.32949 -0.11972
-0.374201 0.288461 -0.118871
-0.471928 0.253129 -0.117492
-0.558754 0.22485 -0.115636
-0.631344 0.204711 -0.113373
-0.686908 0.193487 -0.110792
-0.72331 0.191609 -0.107991
-0.739152 0.199148 -0.105077
-0.733824 0.215816 -0.102164
-0.707533 0.240971 -0.0993622
-0.661287 0.273647 -0.0967799
0.459426 0.716117 -0.087628
0.453123 0.696502 -0.0910538
0.42217 0.666908 -0.094348
0.367756 0.628473 -0.0973839
0.291971 0.582673 -0.100045
0.19773 0.531268 -0.102229
0.0886516 0.476234 -0.103851
-0.0310707 0.419685 -0.104851
-0.156837 0.363796 -0.105188
-0.283813 0.310712 -0.104851
-0.407121 0.262476 -0.103852
-0.522022 0.220939 -0.102229
-0.6241 0.187698 -0.100045
-0.709432 0.164031 -0.0973845
-0.774739 0.150848 -0.0943487
-0.817513 0.148654 -0.0910546
-0.836108 0.157534 -0.0876288
-0.829811 0.177146 -0.084203
-0.798863 0.206738 -0.0809088
-0.744453 0.245172 -0.0778729
-0.668674 0.290971 -0.0752118
-0.574435 0.342375 -0.0730278
-0.46536 0.397408 -0.0714049
-0.34564 0.453956 -0.0704055
-0.219874 0.509846 -0.0700679
-0.0928975 0.562931 -0.070405
0.0304117 0.611169 -0.0714041
0.145315 0.652707 -0.0730266
0.247396 0.68595 -0.0752102
0.332732 0.709619 -0.077871
0.398044 0.722805 -0.0809067
0.440823 0.725001 -0.0842008
0.459424 0.716124 -0.0876265
0.453132 0.696513 -0.0910523
0.422189 0.666924 -0.0943465
0.367785 0.628492 -0.0973826
0.292009 0.582694 -0.100044
0.197775 0.531291 -0.102228
0.0887025 0.476258 -0.103851
-0.0310161 0.41971 -0.10485
-0.156781 0.36382 -0.105188
-0.283758 0.310735 -0.104851
-0.407068 0.262496 -0.103852
-0.521974 0.220955 -0.10223
-0.624058 0.187711 -0.100046
-0.709398 0.16404 -0.0973858
-0.774715 0.150851 -0.0943501
-0.817499 0.148652 -0.0910561
-0.836105 0.157527 -0.0876303
-0.829819 0.177135 -0.0842045
-0.798882 0.206723 -0.0809103
-0.744482 0.245153 -0.0778741
-0.668711 0.290949 -0.0752129
-0.574481 0.342351 -0.0730287
-0.465411 0.397383 -0.0714055
-0.345694 0.453931 -0.0704058
-0.219931 0.509822 -0.0700679
-0.0929532 0.562908 -0.0704047
0.0303587 0.611149 -0.0714035
0.145266 0.65269 -0.0730257
0.247354 0.685937 -0.0752091
0.332698 0.70961 -0.0778697
0.39802 0.722801 -0.0809053
0.440809 0.725003 -0.0841993
0.459421 0.71613 -0.087625
0.45314 0.696524 -0.0910508
0.422208 0.666939 -0.0943451
0.367814 0.62851 -0.0973813
0.292047 0.582716 -0.100043
0.19782 0.531315 -0.102227
0.0887534 0.476283 -0.10385
-0.0309615 0.419735 -0.10485
-0.156724 0.363844 -0.105188
-0.283702 0.310757 -0.104852
-0.407015 0.262516 -0.103853
-0.521925 0.220972 -0.102231
-0.624016 0.187724 -0.100048
-0.709365 0.164048 -0.097387
-0.774691 0.150854 -0.0943515
-0.817485 0.148651 -0.0910576
-0.836103 0.157521 -0.0876319
-0.829827 0.177124 -0.084206
-0.798901 0.206708 -0.0809117
-0.744511 0.245135 -0.0778754
-0.668749 0.290928 -0.0752139
-0.574526 0.342327 -0.0730295
-0.465462 0.397359 -0.0714061
-0.345749 0.453906 -0.0704061
-0.219987 0.509798 -0.0700679
-0.0930088 0.562885 -0.0704044
0.0303058 0.611129 -0.0714029
0.145218 0.652674 -0.0730249
0.247312 0.685924 -0.075208
0.332665 0.709602 -0.0778684
0.397996 0.722798 -0.0809039
0.440795 0.725004 -0.0841978
0.459418 0.716136 -0.0876235
0.453148 0.696535 -0.0910493
0.422227 0.666954 -0.0943437
0.367843 0.628529 -0.09738
0.292085 0.582737 -0.100042
0.197865 0.531339 -0.102226
0.0888043 0.476308 -0.10385
-0.0309069 0.41976 -0.10485
-0.156668 0.363868 -0.105188
-0.283646 0.31078 -0.104852
-0.406962 0.262535 -0.103853
-0.521877 0.220989 -0.102232
-0.623975 0.187736 -0.100049
-0.709331 0.164056 -0.0973883
-0.774667 0.150858 -0.0943529
-0.817472 0.148649 -0.0910591
-0.8361 0.157515 -0.0876334
-0.829835 0.177113 -0.0842075
-0.79892 0.206693 -0.0809131
-0.74454 0.245116 -0.0778767
-0.668787 0.290906 -0.075215
-0.574571 0.342304 -0.0730304
-0.465513 0.397334 -0.0714067
-0.345804 0.453881 -0.0704064
-0.220043 0.509774 -0.0700679
-0.0930645 0.562863 -0.0704041
0.0302528 0.611109 -0.0714023
0.14517 0.652657 -0.073024
0.247271 0.685912 -0.0752069
0.332631 0.709594 -0.0778672
0.397972 0.722795 -0.0809025
0.440782 0.725006 -0.0841963
0.459415 0.716143 -0.087622
0.453156 0.696546 -0.0910478
0.422246 0.666969 -0.0943423
0.367872 0.628548 -0.0973788
0.292123 0.582759 -0.100041
0.19791 0.531362 -0.102225
0.0888552 0.476333 -0.103849
-0.0308524 0.419785 -0.10485
0.531351 0.747322 -0.0677254
0.524347 0.725527 -0.071532
0.489954 0.692644 -0.0751922
0.429491 0.649937 -0.0785655
0.345284 0.599046 -0.0815223
0.240568 0.541928 -0.0839488
0.119367 0.480777 -0.085752
-0.0136617 0.417944 -0.0868623
-0.153406 0.355842 -0.0872373
-0.294495 0.296859 -0.0868625
-0.431508 0.243261 -0.0857523
-0.559179 0.197108 -0.0839493
-0.672602 0.160173 -0.0815229
-0.767418 0.133876 -0.0785662
-0.839984 0.119227 -0.075193
-0.887511 0.116789 -0.0715328
-0.908173 0.126656 -0.0677263
-0.901176 0.148448 -0.0639198
-0.866788 0.181329 -0.0602595
-0.806332 0.224035 -0.0568861
-0.72213 0.274924 -0.0539292
-0.617418 0.332041 -0.0515025
-0.496219 0.393191 -0.0496993
-0.363193 0.456024 -0.0485887
-0.22345 0.518126 -0.0482136
-0.0823601 0.57711 -0.0485882
0.0546541 0.630709 -0.0496983
0.182328 0.676864 -0.0515011
0.295754 0.713801 -0.0539274
0.390575 0.740101 -0.0568839
0.463146 0.754753 -0.0602571
0.510679 0.757194 -0.0639173
0.531348 0.747329 -0.0677238
0.524356 0.725539 -0.0715303
0.489975 0.692661 -0.0751907
0.429524 0.649957 -0.0785641
0.345326 0.59907 -0.0815211
0.240618 0.541954 -0.0839479
0.119423 0.480805 -0.0857513
-0.0136011 0.417971 -0.086862
-0.153343 0.355869 -0.0872373
-0.294433 0.296884 -0.0868628
-0.431449 0.243283 -0.0857529
-0.559125 0.197127 -0.0839503
-0.672555 0.160187 -0.0815241
-0.767381 0.133885 -0.0785677
-0.839957 0.11923 -0.0751946
-0.887496 0.116787 -0.0715345
-0.90817 0.126649 -0.067728
-0.901185 0.148436 -0.0639214
-0.866809 0.181312 -0.060261
-0.806364 0.224014 -0.0568875
-0.722172 0.2749 -0.0539304
-0.617468 0.332014 -0.0515035
-0.496276 0.393163 -0.0496999
-0.363254 0.455996 -0.048589
-0.223512 0.518099 -0.0482136
-0.082422 0.577085 -0.0485879
0.0545952 0.630687 -0.0496976
0.182274 0.676846 -0.0515002
0.295708 0.713787 -0.0539262
0.390538 0.740092 -0.0568825
0.46312 0.754749 -0.0602555
0.510664 0.757195 -0.0639156
0.531344 0.747336 -0.0677221
0.524366 0.725552 -0.0715287
0.489996 0.692678 -0.0751891
0.429556 0.649978 -0.0785627
0.345368 0.599094 -0.0815199
0.240669 0.54198 -0.083947
0.11948 0.480832 -0.0857507
-0.0135404 0.417999 -0.0868617
-0.153281 0.355896 -0.0872373
-0.294371 0.296909 -0.0868632
-0.43139 0.243306 -0.0857536
-0.559071 0.197145 -0.0839512
-0.672509 0.160201 -0.0815253
-0.767344 0.133894 -0.0785691
-0.839931 0.119234 -0.0751961
-0.887481 0.116785 -0.0715361
-0.908167 0.126642 -0.0677297
-0.901194 0.148424 -0.0639231
-0.866831 0.181295 -0.0602626
-0.806396 0.223993 -0.0568889
-0.722214 0.274876 -0.0539316
-0.617518 0.331988 -0.0515044
-0.496333 0.393136 -0.0497006
-0.363314 0.455968 -0.0485894
-0.223575 0.518072 -0.0482136
-0.0824838 0.57706 -0.0485876
0.0545363 0.630665 -0.049697
0.18222 0.676827 -0.0514992
0.295662 0.713773 -0.053925
0.390501 0.740083 -0.0568811
0.463093 0.754745 -0.060254
0.510649 0.757197 -0.0639139
0.531341 0.747343 -0.0677204
0.524375 0.725564 -0.071527
0.490017 0.692694 -0.0751875
0.429588 0.649999 -0.0785613
0.34541 0.599118 -0.0815187
0.240719 0.542007 -0.083946
0.119537 0.48086 -0.08575
-0.0134798 0.418027 -0.0868614
-0.153218 0.355923 -0.0872373
-0.29431 0.296934 -0.0868635
-0.431331 0.243328 -0.0857542
-0.559018 0.197163 -0.0839521
-0.672463 0.160215 -0.0815265
-0.767306 0.133903 -0.0785705
-0.839904 0.119238 -0.0751977
-0.887466 0.116784 -0.0715378
-0.908164 0.126635 -0.0677314
-0.901204 0.148412 -0.0639247
-0.866852 0.181279 -0.0602641
-0.806428 0.223972 -0.0568903
-0.722256 0.274851 -0.0539328
-0.617568 0.331962 -0.0515053
-0.496389 0.393108 -0.0497012
-0.363375 0.455941 -0.0485897
-0.223637 0.518045 -0.0482136
-0.0825457 0.577035 -0.0485872
0.0544775 0.630643 -0.0496963
0.182167 0.676809 -0.0514983
0.295615 0.713759 -0.0539238
0.390463 0.740074 -0.0568797
0.463066 0.754742 -0.0602524
0.510634 0.757199 -0.0639123
0.531338 0.74735 -0.0677187
0.524384 0.725576 -0.0715253
0.490038 0.692711 -0.075186
0.42962 0.65002 -0.0785599
0.345452 0.599142 -0.0815175
0.240769 0.542033 -0.0839451
0.119593 0.480887 -0.0857494
-0.0134191 0.418055 -0.086861
-0.153156 0.35595 -0.0872373
-0.294248 0.296959 -0.0868638
-0.431272 0.24335 -0.0857549
-0.558964 0.197182 -0.0839531
-0.672416 0.160229 -0.0815277
-0.767269 0.133912 -0.0785719
-0.839877 0.119242 -0.0751993
-0.887451 0.116782 -0.0715395
-0.908161 0.126627 -0.0677331
-0.901213 0.1484 -0.0639264
-0.866873 0.181262 -0.0602657
-0.806461 0.223951 -0.0568917
-0.722298 0.274827 -0.053934
-0.617619 0.331935 -0.0515063
-0.496446 0.39308 -0.0497019
0.57561 0.766616 -0.0461298
0.568175 0.743478 -0.0501708
0.531663 0.708569 -0.0540565
0.467476 0.663231 -0.0576376
0.378082 0.609206 -0.0607765
0.266916 0.548569 -0.0633525
0.138249 0.483652 -0.0652667
-0.00297412 0.416948 -0.0664455
-0.151326 0.351021 -0.0668436
-0.301106 0.288405 -0.0664457
-0.446558 0.231506 -0.0652671
-0.582094 0.182509 -0.063353
-0.702503 0.143299 -0.0607771
-0.80316 0.115382 -0.0576384
-0.880196 0.0998308 -0.0540574
-0.930651 0.0972427 -0.0501717
-0.952585 0.107717 -0.0461307
-0.945157 0.130852 -0.0420897
-0.908651 0.165759 -0.0382039
-0.844471 0.211095 -0.0346227
-0.755082 0.265118 -0.0314838
-0.64392 0.325753 -0.0289076
-0.515256 0.39067 -0.0269933
-0.374035 0.457374 -0.0258143
-0.225685 0.523301 -0.025416
-0.0759041 0.585918 -0.0258138
0.0695498 0.642819 -0.0269922
0.205088 0.691817 -0.0289061
0.325501 0.73103 -0.0314819
0.426163 0.75895 -0.0346205
0.503204 0.774504 -0.0382014
0.553665 0.777095 -0.042087
0.575606 0.766623 -0.046128
0.568185 0.743491 -0.0501691
0.531685 0.708587 -0.0540549
0.46751 0.663253 -0.0576361
0.378127 0.609231 -0.0607752
0.266969 0.548597 -0.0633515
0.138309 0.483681 -0.065266
-0.00290972 0.416978 -0.0664451
-0.15126 0.35105 -0.0668436
-0.30104 0.288432 -0.066446
-0.446496 0.231529 -0.0652677
-0.582037 0.182529 -0.063354
-0.702454 0.143314 -0.0607784
-0.80312 0.115392 -0.0576399
-0.880168 0.0998348 -0.054059
-0.930635 0.0972409 -0.0501735
-0.952582 0.10771 -0.0461325
-0.945167 0.130839 -0.0420915
-0.908674 0.165741 -0.0382056
-0.844505 0.211072 -0.0346242
-0.755126 0.265093 -0.031485
-0.643973 0.325726 -0.0289086
-0.515316 0.390641 -0.0269939
-0.3741 0.457344 -0.0258147
-0.225751 0.523272 -0.025416
-0.0759698 0.585892 -0.0258134
0.0694873 0.642796 -0.0269915
0.205031 0.691798 -0.0289051
0.325452 0.731015 -0.0314806
0.426123 0.75894 -0.034619
0.503176 0.7745 -0.0381998
0.553649 0.777097 -0.0420853
0.575603 0.766631 -0.0461262
0.568194 0.743504 -0.0501673
0.531707 0.708605 -0.0540532
0.467545 0.663275 -0.0576346
0.378171 0.609257 -0.060774
0.267022 0.548625 -0.0633505
0.138369 0.48371 -0.0652653
-0.00284532 0.417007 -0.0664448
-0.151193 0.351079 -0.0668436
-0.300975 0.288458 -0.0664464
-0.446433 0.231553 -0.0652684
-0.58198 0.182549 -0.063355
-0.702405 0.143329 -0.0607797
-0.803081 0.115402 -0.0576414
-0.880139 0.0998388 -0.0540607
-0.930618 0.0972392 -0.0501752
-0.952579 0.107702 -0.0461343
-0.945177 0.130827 -0.0420932
-0.908696 0.165723 -0.0382073
-0.844539 0.21105 -0.0346257
-0.755171 0.265067 -0.0314863
-0.644026 0.325698 -0.0289096
-0.515376 0.390612 -0.0269946
-0.374164 0.457315 -0.025815
-0.225817 0.523244 -0.025416
-0.0760355 0.585865 -0.0258131
0.0694248 0.642772 -0.0269909
0.204974 0.691778 -0.0289041
0.325403 0.731 -0.0314793
0.426084 0.75893 -0.0346175
0.503148 0.774496 -0.0381981
0.553633 0.777098 -0.0420835
0.5756 0.766638 -0.0461244
0.568204 0.743517 -0.0501655
0.53173 0.708623 -0.0540515
0.467579 0.663297 -0.0576331
0.378216 0.609282 -0.0607727
0.267076 0.548653 -0.0633495
0.138429 0.48374 -0.0652646
-0.00278092 0.417037 -0.0664444
-0.151127 0.351107 -0.0668436
-0.300909 0.288485 -0.0664467
-0.446371 0.231576 -0.0652691
-0.581923 0.182568 -0.063356
-0.702356 0.143344 -0.0607809
-0.803041 0.115411 -0.0576429
-0.880111 0.0998429 -0.0540623
-0.930602 0.0972374 -0.050177
-0.952576 0.107695 -0.0461361
-0.945186 0.130814 -0.042095
-0.908718 0.165705 -0.0382089
-0.844573 0.211028 -0.0346272
-0.755216 0.265042 -0.0314876
-0.64408 0.32567 -0.0289106
-0.515436 0.390582 -0.0269953
-0.374229 0.457285 -0.0258154
-0.225883 0.523215 -0.025416
-0.0761011 0.585839 -0.0258127
0.0693623 0.642749 -0.0269902
0.204917 0.691759 -0.0289031
0.325354 0.730985 -0.031478
0.426044 0.758921 -0.034616
0.503119 0.774492 -0.0381965
0.553617 0.7771 -0.0420818
0.575597 0.766645 -0.0461226
0.568214 0.74353 -0.0501638
0.531752 0.708641 -0.0540499
0.467613 0.663319 -0.0576316
0.378261 0.609308 -0.0607714
0.267129 0.548681 -0.0633485
0.138489 0.483769 -0.065264
-0.00271652 0.417066 -0.0664441
-0.151061 0.351136 -0.0668436
-0.300843 0.288511 -0.0664471
-0.446308 0.2316 -0.0652698
-0.581866 0.182588 -0.063357
-0.702306 0.143359 -0.0607822
-0.803002 0.115421 -0.0576444
-0.880082 0.0998469 -0.054064
-0.930586 0.0972357 -0.0501787
-0.952572 0.107687 -0.0461379
-0.945196 0.130801 -0.0420967
-0.908741 0.165687 -0.0382106
-0.844607 0.211006 -0.0346287
-0.75526 0.265016 -0.0314888
-0.644133 0.325642 -0.0289116
-0.515496 0.390553 -0.026996
-0.374293 0.457256 -0.0258157
-0.22595 0.523187 -0.025416
-0.0761668 0.585812 -0.0258124
0.0692998 0.642725 -0.0269895
0.20486 0.691739 -0.0289021
0.325304 0.73097 -0.0314768
0.426005 0.758911 -0.0346145
0.503091 0.774488 -0.0381948
0.553601 0.777102 -0.04208
0.590502 0.773256 -0.023671
0.582922 0.749665 -0.0277912
0.545694 0.714072 -0.0317531
0.48025 0.667845 -0.0354043
0.389105 0.612761 -0.0386047
0.27576 0.550937 -0.0412312
0.144572 0.484747 -0.0431829
0.000581408 0.416736 -0.0443848
-0.150677 0.349518 -0.0447907
-0.303392 0.285675 -0.044385
-0.451695 0.22766 -0.0431833
-0.589886 0.177704 -0.0412317
-0.712655 0.137726 -0.0386054
-0.815284 0.109261 -0.0354051
-0.89383 0.0934053 -0.0317539
-0.945273 0.0907665 -0.0277921
-0.967637 0.101446 -0.0236719
-0.960064 0.125035 -0.0195517
-0.922842 0.160625 -0.0155898
-0.857404 0.206849 -0.0119385
-0.766264 0.261932 -0.00873798
-0.652924 0.323755 -0.00611134
-0.521739 0.389944 -0.00415949
-0.377751 0.457955 -0.00295744
-0.226493 0.525174 -0.00255137
-0.0737777 0.589018 -0.0029569
0.0745264 0.647034 -0.00415844
0.21272 0.696992 -0.00610981
0.335493 0.736973 -0.00873604
0.438127 0.76544 -0.0119362
0.516678 0.781299 -0.0155873
0.568128 0.78394 -0.019549
0.590499 0.773263 -0.0236692
0.582932 0.749678 -0.0277894
0.545717 0.71409 -0.0317514
0.480285 0.667868 -0.0354028
0.38915 0.612787 -0.0386034
0.275814 0.550965 -0.0412302
0.144633 0.484777 -0.0431822
0.000647072 0.416767 -0.0443844
-0.15061 0.349547 -0.0447907
-0.303326 0.285702 -0.0443853
-0.451631 0.227684 -0.043184
-0.589828 0.177724 -0.0412327
-0.712605 0.137741 -0.0386067
-0.815244 0.109271 -0.0354066
-0.893801 0.0934094 -0.0317556
-0.945257 0.0907647 -0.0277939
-0.967634 0.101439 -0.0236738
-0.960074 0.125022 -0.0195535
-0.922865 0.160607 -0.0155915
-0.857439 0.206827 -0.01194
-0.766309 0.261906 -0.00873928
-0.652978 0.323727 -0.00611236
-0.5218 0.389914 -0.00416019
-0.377817 0.457924 -0.00295779
-0.226561 0.525144 -0.00255137
-0.0738446 0.588991 -0.00295654
0.0744627 0.64701 -0.00415774
0.212662 0.696972 -0.0061088
0.335443 0.736958 -0.00873474
0.438087 0.76543 -0.0119347
0.516649 0.781295 -0.0155856
0.568112 0.783942 -0.0195472
0.590496 0.773271 -0.0236674
0.582942 0.749691 -0.0277876
0.54574 0.714108 -0.0317497
0.48032 0.667891 -0.0354013
0.389195 0.612813 -0.0386021
0.275868 0.550994 -0.0412292
0.144694 0.484807 -0.0431815
0.000712734 0.416797 -0.0443841
-0.150542 0.349576 -0.0447907
-0.303259 0.285729 -0.0443857
-0.451568 0.227708 -0.0431847
-0.58977 0.177744 -0.0412338
-0.712555 0.137756 -0.038608
-0.815203 0.109281 -0.0354081
-0.893772 0.0934136 -0.0317573
-0.94524 0.0907629 -0.0277957
-0.967631 0.101431 -0.0236756
-0.960084 0.125008 -0.0195553
-0.922888 0.160589 -0.0155932
-0.857474 0.206804 -0.0119415
-0.766355 0.26188 -0.00874058
-0.653032 0.323698 -0.00611338
-0.521861 0.389884 -0.00416089
-0.377882 0.457894 -0.00295815
-0.226628 0.525115 -0.00255137
-0.0739116 0.588963 -0.00295618
0.074399 0.646986 -0.00415704
0.212604 0.696952 -0.00610778
0.335393 0.736942 -0.00873345
0.438047 0.76542 -0.0119331
0.516621 0.78129 -0.0155839
0.568095 0.783944 -0.0195454
0.590493 0.773279 -0.0236655
0.582952 0.749704 -0.0277858
0.545763 0.714127 -0.031748
0.480355 0.667913 -0.0353998
0.389241 0.612839 -0.0386008
0.275923 0.551022 -0.0412282
0.144755 0.484837 -0.0431808
0.000778395 0.416827 -0.0443837
-0.150475 0.349605 -0.0447907
-0.303192 0.285756 -0.044386
-0.451504 0.227732 -0.0431854
-0.589712 0.177764 -0.0412348
-0.712504 0.137771 -0.0386093
-0.815163 0.109291 -0.0354097
-0.893743 0.0934177 -0.031759
-0.945224 0.0907612 -0.0277975
-0.967628 0.101424 -0.0236774
-0.960093 0.124995 -0.0195571
-0.922911 0.16057 -0.0155949
-0.857509 0.206782 -0.0119431
-0.7664 0.261854 -0.00874187
-0.653087 0.32367 -0.0061144
-0.521922 0.389854 -0.0041616
-0.377948 0.457864 -0.00295851
-0.226696 0.525086 -0.00255137
-0.0739785 0.588936 -0.00295583
0.0743352 0.646962 -0.00415634
0.212546 0.696932 -0.00610676
0.335343 0.736927 -0.00873215
0.438006 0.76541 -0.0119316
0.516592 0.781286 -0.0155822
0.568079 0.783946 -0.0195437
0.590489 0.773286 -0.0236637
0.582962 0.749717 -0.027784
0.545786 0.714145 -0.0317463
0.48039 0.667936 -0.0353982
0.389286 0.612865 -0.0385995
0.275977 0.551051 -0.0412271
0.144816 0.484867 -0.0431801
0.000844055 0.416857 -0.0443834
-0.150407 0.349635 -0.0447907
-0.303125 0.285783 -0.0443864
-0.45144 0.227756 -0.0431861
-0.589654 0.177784 -0.0412358
-0.712454 0.137787 -0.0386105
-0.815123 0.109301 -0.0354112
-0.893714 0.0934218 -0.0317607
-0.945207 0.0907594 -0.0277993
-0.967624 0.101416 -0.0236793
-0.960103 0.124982 -0.0195589
-0.922934 0.160552 -0.0155966
-0.857544 0.206759 -0.0119446
-0.766446 0.261828 -0.00874317
-0.653141 0.323641 -0.00611542
-0.521984 0.389824 -0.0041623
-0.378014 0.457834 -0.00295887
-0.226763 0.525057 -0.00255137
-0.0740455 0.588909 -0.00295547
0.0742715 0.646938 -0.00415563
0.212488 0.696912 -0.00610574
0.335293 0.736912 -0.00873086
0.437966 0.7654 -0.0119301
0.516563 0.781282 -0.0155805
0.568062 0.783948 -0.0195419
0.590486 0.773294 -0.0236619
0.582972 0.74973 -0.0277822
0.545808 0.714163 -0.0317446
0.575457 0.766988 -0.00121214
0.568022 0.74385 -0.00525318
0.53151 0.708941 -0.00913892
0.467323 0.663602 -0.0127201
0.377928 0.609577 -0.015859
0.26676 0.54894 -0.018435
0.138092 0.484022 -0.0203492
-0.00313178 0.417317 -0.021528
-0.151485 0.35139 -0.0219261
-0.301266 0.288773 -0.0215282
-0.44672 0.231873 -0.0203496
-0.582256 0.182877 -0.0184355
-0.702667 0.143666 -0.0158596
-0.803324 0.115749 -0.0127208
-0.880361 0.100197 -0.00913975
-0.930816 0.0976091 -0.00525406
-0.952751 0.108084 -0.00121304
-0.945323 0.131219 0.00282801
-0.908817 0.166126 0.00671381
-0.844636 0.211462 0.010295
-0.755246 0.265486 0.013434
-0.644083 0.326122 0.0160102
-0.515418 0.391039 0.0179246
-0.374196 0.457743 0.0191035
-0.225844 0.523671 0.0195018
-0.0760624 0.586289 0.0191041
0.0693927 0.64319 0.0179256
0.204932 0.692189 0.0160117
0.325346 0.731402 0.0134359
0.426009 0.759322 0.0102973
0.503051 0.774876 0.0067163
0.553512 0.777467 0.00283066
0.575454 0.766995 -0.00121035
0.568032 0.743863 -0.00525142
0.531532 0.708959 -0.00913726
0.467357 0.663624 -0.0127186
0.377972 0.609602 -0.0158577
0.266814 0.548967 -0.018434
0.138152 0.484051 -0.0203485
-0.00306738 0.417347 -0.0215277
-0.151419 0.351419 -0.0219261
-0.301201 0.2888 -0.0215285
-0.446657 0.231897 -0.0203502
-0.582199 0.182896 -0.0184365
-0.702618 0.143681 -0.0158609
-0.803285 0.115758 -0.0127223
-0.880333 0.100201 -0.00914142
-0.9308 0.0976074 -0.00525582
-0.952748 0.108076 -0.00121484
-0.945333 0.131206 0.00282625
-0.908839 0.166108 0.00671215
-0.84467 0.21144 0.0102935
-0.755291 0.265461 0.0134328
-0.644136 0.326094 0.0160092
-0.515478 0.39101 0.0179239
-0.374261 0.457714 0.0191032
-0.22591 0.523643 0.0195018
-0.0761281 0.586262 0.0191044
0.0693302 0.643167 0.0179263
0.204875 0.692169 0.0160127
0.325297 0.731387 0.0134372
0.425969 0.759312 0.0102988
0.503023 0.774872 0.00671796
0.553496 0.777469 0.00283242
0.57545 0.767003 -0.00120855
0.568042 0.743876 -0.00524965
0.531554 0.708977 -0.0091356
0.467391 0.663647 -0.0127171
0.378017 0.609628 -0.0158564
0.266867 0.548995 -0.018433
0.138212 0.48408 -0.0203478
-0.00300298 0.417376 -0.0215273
-0.151352 0.351447 -0.0219261
-0.301135 0.288826 -0.0215289
-0.446595 0.23192 -0.0203509
-0.582142 0.182916 -0.0184375
-0.702568 0.143696 -0.0158621
-0.803245 0.115768 -0.0127238
-0.880304 0.100205 -0.00914308
-0.930784 0.0976056 -0.00525759
-0.952745 0.108069 -0.00121664
-0.945342 0.131193 0.00282449
-0.908861 0.16609 0.00671049
-0.844704 0.211418 0.010292
-0.755335 0.265435 0.0134315
-0.64419 0.326066 0.0160082
-0.515538 0.390981 0.0179232
-0.374325 0.457684 0.0191028
-0.225977 0.523614 0.0195018
-0.0761938 0.586236 0.0191048
0.0692677 0.643143 0.017927
0.204818 0.69215 0.0160137
0.325248 0.731372 0.0134385
0.42593 0.759302 0.0103003
0.502994 0.774868 0.00671962
0.55348 0.777471 0.00283418
0.575447 0.76701 -0.00120675
0.568051 0.743889 -0.00524789
0.531577 0.708994 -0.00913394
0.467425 0.663669 -0.0127156
0.378062 0.609653 -0.0158551
0.26692 0.549023 -0.018432
0.138272 0.484109 -0.0203471
-0.00293858 0.417406 -0.0215269
-0.151286 0.351476 -0.0219261
-0.301069 0.288853 -0.0215292
-0.446532 0.231944 -0.0203516
-0.582085 0.182935 -0.0184385
-0.702519 0.143711 -0.0158634
-0.803206 0.115778 -0.0127253
-0.880276 0.100209 -0.00914474
-0.930768 0.0976039 -0.00525935
-0.952742 0.108061 -0.00121843
-0.945352 0.13118 0.00282272
-0.908884 0.166072 0.00670883
-0.844738 0.211396 0.0102905
-0.75538 0.26541 0.0134302
-0.644243 0.326038 0.0160072
-0.515598 0.390951 0.0179225
-0.37439 0.457655 0.0191025
-0.226043 0.523585 0.0195018
-0.0762594 0.586209 0.0191051
0.0692053 0.64312 0.0179277
0.204761 0.69213 0.0160147
0.325199 0.731357 0.0134398
0.42589 0.759293 0.0103017
0.502966 0.774864 0.00672128
0.553464 0.777472 0.00283594
0.575444 0.767018 -0.00120495
0.568061 0.743902 -0.00524613
0.531599 0.709012 -0.00913228
0.467459 0.663691 -0.0127141
0.378106 0.609679 -0.0158539
0.266974 0.549051 -0.018431
0.138332 0.484139 -0.0203465
-0.00287418 0.417435 -0.0215266
-0.15122 0.351504 -0.0219261
-0.301004 0.28888 -0.0215296
-0.44647 0.231967 -0.0203523
-0.582029 0.182955 -0.0184395
-0.70247 0.143726 -0.0158647
-0.803166 0.115787 -0.0127268
-0.880248 0.100213 -0.0091464
-0.930752 0.0976021 -0.00526111
-0.952738 0.108054 -0.00122023
-0.945362 0.131167 0.00282096
-0.908906 0.166054 0.00670716
-0.844772 0.211374 0.010289
-0.755424 0.265384 0.013429
-0.644296 0.32601 0.0160062
-0.515658 0.390922 0.0179218
-0.374454 0.457625 0.0191021
-0.226109 0.523557 0.0195018
-0.0763251 0.586183 0.0191055
0.0691427 0.643096 0.0179284
0.204704 0.69211 0.0160157
0.32515 0.731342 0.013441
0.425851 0.759283 0.0103032
0.502938 0.77486 0.00672294
0.553448 0.777474 0.00283771
0.531051 0.748052 0.0203838
0.524048 0.726257 0.0165772
0.489653 0.693373 0.0129169
0.42919 0.650665 0.00954349
0.344982 0.599773 0.00658669
0.240263 0.542654 0.00416009
0.11906 0.481502 0.00235694
-0.013971 0.418668 0.00124653
-0.153718 0.356565 0.00087154
-0.294809 0.297581 0.00124637
-0.431825 0.243982 0.00235662
-0.559498 0.197828 0.00415962
-0.672923 0.160893 0.00658609
-0.767741 0.134595 0.00954279
-0.840308 0.119945 0.0129161
-0.887836 0.117508 0.0165763
-0.908499 0.127375 0.0203829
-0.901501 0.149168 0.0241895
-0.867113 0.182049 0.0278499
-0.806655 0.224755 0.0312234
-0.722452 0.275645 0.0341803
-0.617738 0.332763 0.036607
-0.496537 0.393914 0.0384103
-0.363508 0.456749 0.0395209
-0.223763 0.518852 0.039896
-0.0826706 0.577837 0.0395214
0.054346 0.631437 0.0384113
0.182022 0.677593 0.0366084
0.295451 0.714531 0.0341821
0.390273 0.740831 0.0312255
0.462846 0.755483 0.0278523
0.51038 0.757924 0.024192
0.531048 0.748059 0.0203855
0.524057 0.726269 0.0165788
0.489674 0.69339 0.0129184
0.429222 0.650686 0.0095449
0.345024 0.599797 0.00658789
0.240314 0.54268 0.00416103
0.119117 0.48153 0.00235759
-0.0139103 0.418696 0.00124686
-0.153655 0.356592 0.00087154
-0.294748 0.297606 0.00124604
-0.431766 0.244005 0.00235597
-0.559444 0.197847 0.00415868
-0.672876 0.160907 0.0065849
-0.767704 0.134604 0.00954138
-0.840282 0.119949 0.0129145
-0.887821 0.117506 0.0165747
-0.908496 0.127368 0.0203812
-0.90151 0.149155 0.0241879
-0.867134 0.182032 0.0278483
-0.806688 0.224734 0.031222
-0.722494 0.275621 0.0341791
-0.617788 0.332737 0.0366061
-0.496594 0.393887 0.0384096
-0.363569 0.456721 0.0395205
-0.223825 0.518825 0.039896
-0.0827325 0.577812 0.0395217
0.0542872 0.631415 0.0384119
0.181968 0.677575 0.0366093
0.295404 0.714517 0.0341833
0.390236 0.740822 0.0312269
0.462819 0.755479 0.0278538
0.510364 0.757926 0.0241937
0.531045 0.748067 0.0203872
0.524066 0.726281 0.0165805
0.489696 0.693407 0.01292
0.429255 0.650707 0.00954631
0.345066 0.599821 0.00658909
0.240364 0.542707 0.00416197
0.119173 0.481558 0.00235824
-0.0138497 0.418723 0.00124719
-0.153593 0.356619 0.00087154
-0.294686 0.297631 0.00124571
-0.431707 0.244027 0.00235532
-0.559391 0.197865 0.00415774
-0.67283 0.160921 0.0065837
-0.767666 0.134613 0.00953997
-0.840255 0.119953 0.012913
-0.887806 0.117504 0.016573
-0.908493 0.127361 0.0203795
-0.90152 0.149143 0.0241862
-0.867155 0.182015 0.0278468
-0.80672 0.224714 0.0312205
-0.722536 0.275597 0.0341779
-0.617838 0.332711 0.0366051
-0.49665 0.393859 0.038409
-0.36363 0.456693 0.0395202
-0.223888 0.518798 0.039896
-0.0827943 0.577787 0.039522
0.0542283 0.631393 0.0384126
0.181915 0.677556 0.0366103
0.295358 0.714503 0.0341845
0.390199 0.740813 0.0312283
0.462792 0.755476 0.0278554
0.510349 0.757927 0.0241954
0.531042 0.748074 0.0203889
0.524075 0.726293 0.0165822
0.489717 0.693424 0.0129216
0.429287 0.650727 0.00954771
0.345108 0.599845 0.00659028
0.240414 0.542733 0.00416291
0.11923 0.481585 0.00235889
-0.013789 0.418751 0.00124753
-0.15353 0.356646 0.00087154
-0.294624 0.297656 0.00124538
-0.431648 0.244049 0.00235467
-0.559337 0.197884 0.0041568
-0.672784 0.160935 0.0065825
-0.767629 0.134622 0.00953856
-0.840228 0.119957 0.0129114
-0.887791 0.117503 0.0165714
-0.90849 0.127353 0.0203779
-0.901529 0.149131 0.0241846
-0.867176 0.181999 0.0278452
-0.806752 0.224693 0.0312191
-0.722578 0.275573 0.0341767
-0.617888 0.332684 0.0366042
-0.496707 0.393832 0.0384083
-0.36369 0.456665 0.0395199
-0.22395 0.518771 0.039896
-0.0828562 0.577762 0.0395223
0.0541694 0.631371 0.0384132
0.181861 0.677538 0.0366112
0.295312 0.714489 0.0341857
0.390161 0.740804 0.0312297
0.462766 0.755472 0.0278569
0.510334 0.757929 0.024197
0.531039 0.748081 0.0203905
0.524084 0.726306 0.0165838
0.489738 0.69344 0.0129231
0.429319 0.650748 0.00954912
0.34515 0.599869 0.00659148
0.240464 0.542759 0.00416386
0.119286 0.481613 0.00235953
-0.0137283 0.418779 0.00124786
-0.153468 0.356673 0.000871541
-0.294562 0.297681 0.00124505
-0.431589 0.244071 0.00235403
-0.559283 0.197902 0.00415586
-0.672737 0.160949 0.0065813
-0.767592 0.134631 0.00953716
-0.840201 0.119961 0.0129098
-0.887776 0.117501 0.0165697
-0.908486 0.127346 0.0203762
-0.901538 0.149119 0.0241829
-0.867197 0.181982 0.0278436
-0.806784 0.224672 0.0312177
-0.72262 0.275549 0.0341755
-0.617939 0.332658 0.0366032
-0.496764 0.393804 0.0384077
0.458991 0.717177 0.0402868
0.452688 0.697562 0.036861
0.421734 0.667967 0.0335667
0.367318 0.62953 0.0305308
0.291532 0.583729 0.0278697
0.197287 0.532322 0.0256858
0.0882061 0.477287 0.024063
-0.0315197 0.420737 0.0230636
-0.157289 0.364845 0.0227261
-0.28427 0.311761 0.0230635
-0.407581 0.263522 0.0240627
-0.522485 0.221984 0.0256854
-0.624566 0.188743 0.0278691
-0.709901 0.165075 0.0305301
-0.77521 0.151891 0.033566
-0.817985 0.149697 0.0368602
-0.83658 0.158577 0.0402861
-0.830283 0.178191 0.043712
-0.799334 0.207783 0.0470062
-0.744923 0.246218 0.0500423
-0.669141 0.292018 0.0527035
-0.5749 0.343424 0.0548875
-0.465822 0.398459 0.0565104
-0.346098 0.455009 0.0575099
-0.220329 0.5109 0.0578475
-0.0933483 0.563986 0.0575103
0.0299645 0.612226 0.0565113
0.144871 0.653765 0.0548887
0.246955 0.687009 0.0527051
0.332294 0.710678 0.0500442
0.397608 0.723865 0.0470083
0.440388 0.726062 0.0437142
0.458989 0.717184 0.0402884
0.452697 0.697573 0.0368625
0.421753 0.667982 0.0335681
0.367347 0.629549 0.030532
0.29157 0.58375 0.0278708
0.197332 0.532346 0.0256866
0.088257 0.477311 0.0240636
-0.0314651 0.420762 0.0230639
-0.157233 0.36487 0.0227261
-0.284214 0.311783 0.0230632
-0.407528 0.263542 0.0240621
-0.522437 0.222001 0.0256845
-0.624524 0.188756 0.0278681
-0.709867 0.165084 0.0305289
-0.775186 0.151895 0.0335646
-0.817971 0.149696 0.0368587
-0.836578 0.158571 0.0402846
-0.830291 0.17818 0.0437105
-0.799353 0.207768 0.0470048
-0.744952 0.2462 0.050041
-0.669179 0.291997 0.0527024
-0.574945 0.3434 0.0548866
-0.465873 0.398434 0.0565098
-0.346152 0.454984 0.0575096
-0.220385 0.510876 0.0578475
-0.0934039 0.563964 0.0575106
0.0299116 0.612206 0.0565119
0.144823 0.653749 0.0548896
0.246913 0.686996 0.0527062
0.33226 0.71067 0.0500455
0.397584 0.723862 0.0470098
0.440374 0.726063 0.0437157
0.458986 0.71719 0.0402899
0.452705 0.697584 0.036864
0.421772 0.667997 0.0335696
0.367376 0.629568 0.0305333
0.291608 0.583772 0.0278718
0.197378 0.53237 0.0256875
0.0883079 0.477336 0.0240641
-0.0314105 0.420787 0.0230642
-0.157177 0.364894 0.0227261
-0.284158 0.311806 0.0230629
-0.407475 0.263562 0.0240615
-0.522389 0.222018 0.0256837
-0.624482 0.188768 0.027867
-0.709834 0.165092 0.0305276
-0.775162 0.151898 0.0335632
-0.817957 0.149694 0.0368572
-0.836575 0.158565 0.040283
-0.830299 0.178169 0.043709
-0.799372 0.207753 0.0470034
-0.744981 0.246181 0.0500398
-0.669217 0.291975 0.0527013
-0.574991 0.343376 0.0548858
-0.465924 0.398409 0.0565092
-0.346207 0.454959 0.0575093
-0.220441 0.510852 0.0578475
-0.0934596 0.563941 0.0575109
0.0298586 0.612186 0.0565125
0.144774 0.653732 0.0548904
0.246871 0.686983 0.0527072
0.332227 0.710662 0.0500467
0.39756 0.723858 0.0470112
0.44036 0.726065 0.0437172
0.458983 0.717196 0.0402914
0.452713 0.697595 0.0368654
0.421791 0.668012 0.033571
0.367405 0.629586 0.0305346
0.291645 0.583794 0.0278729
0.197423 0.532393 0.0256883
0.0883588 0.477361 0.0240647
-0.0313559 0.420812 0.0230645
-0.157121 0.364918 0.0227261
-0.284103 0.311828 0.0230626
-0.407422 0.263582 0.0240609
-0.52234 0.222034 0.0256828
-0.624441 0.188781 0.0278659
-0.7098 0.1651 0.0305263
-0.775138 0.151901 0.0335618
-0.817944 0.149693 0.0368557
-0.836572 0.158558 0.0402815
-0.830308 0.178158 0.0437075
-0.799391 0.207738 0.047002
-0.74501 0.246162 0.0500385
-0.669254 0.291954 0.0527002
-0.575036 0.343353 0.0548849
-0.465974 0.398384 0.0565087
-0.346262 0.454934 0.057509
-0.220498 0.510828 0.0578475
-0.0935153 0.563918 0.0575112
0.0298056 0.612166 0.056513
0.144726 0.653715 0.0548913
0.24683 0.686971 0.0527083
0.332193 0.710654 0.050048
0.397536 0.723855 0.0470126
0.440347 0.726066 0.0437187
0.458981 0.717203 0.0402929
0.452722 0.697606 0.0368669
0.42181 0.668027 0.0335724
0.367434 0.629605 0.0305358
0.291683 0.583815 0.027874
0.197468 0.532417 0.0256892
0.0884097 0.477386 0.0240653
-0.0313013 0.420837 0.0230648
0.362047 0.675549 0.0577322
0.356687 0.658867 0.0548187
0.330362 0.633699 0.0520171
0.284085 0.60101 0.0494352
0.219633 0.562059 0.0471721
0.139483 0.518341 0.0453149
0.0467162 0.471536 0.0439348
-0.0551035 0.423444 0.0430849
-0.162063 0.375912 0.0427979
-0.270053 0.330766 0.0430847
-0.374922 0.289742 0.0439345
-0.472641 0.254417 0.0453145
-0.559454 0.226147 0.0471717
-0.632026 0.206019 0.0494347
-0.687568 0.194807 0.0520166
-0.723945 0.192941 0.0548181
-0.73976 0.200493 0.0577316
-0.734404 0.217173 0.0606451
-0.708084 0.24234 0.0634466
-0.661811 0.275026 0.0660286
-0.597363 0.313977 0.0682918
-0.517216 0.357694 0.0701492
-0.424452 0.404498 0.0715294
-0.322634 0.45259 0.0723794
-0.215675 0.500123 0.0726665
-0.107685 0.545269 0.0723798
-0.00281482 0.586294 0.0715301
0.0949061 0.621621 0.0701503
0.181723 0.649892 0.0682932
0.254298 0.670022 0.0660302
0.309844 0.681237 0.0634484
0.346226 0.683105 0.060647
0.362045 0.675555 0.0577335
0.356694 0.658877 0.05482
0.330378 0.633712 0.0520183
0.284109 0.601026 0.0494363
0.219665 0.562077 0.0471731
0.139522 0.518361 0.0453156
0.0467595 0.471557 0.0439353
-0.0550571 0.423465 0.0430851
-0.162015 0.375932 0.0427979
-0.270005 0.330785 0.0430845
-0.374877 0.289759 0.043934
-0.4726 0.254431 0.0453138
-0.559419 0.226158 0.0471708
-0.631998 0.206026 0.0494336
-0.687548 0.19481 0.0520154
-0.723934 0.19294 0.0548168
-0.739758 0.200487 0.0577303
-0.734411 0.217164 0.0606438
-0.7081 0.242327 0.0634455
-0.661835 0.27501 0.0660276
-0.597395 0.313958 0.0682909
-0.517255 0.357674 0.0701485
-0.424495 0.404477 0.0715289
-0.32268 0.452569 0.0723791
-0.215722 0.500102 0.0726665
-0.107732 0.54525 0.07238
-0.00285988 0.586277 0.0715306
0.0948651 0.621607 0.070151
0.181687 0.649882 0.0682941
0.25427 0.670015 0.0660313
0.309824 0.681234 0.0634496
0.346214 0.683106 0.0606482
0.362043 0.67556 0.0577348
0.356701 0.658886 0.0548212
0.330394 0.633724 0.0520195
0.284134 0.601042 0.0494374
0.219697 0.562096 0.047174
0.13956 0.518381 0.0453163
0.0468028 0.471579 0.0439358
-0.0550107 0.423486 0.0430854
-0.161968 0.375953 0.0427979
-0.269958 0.330805 0.0430842
-0.374831 0.289776 0.0439335
-0.472558 0.254445 0.0453131
-0.559383 0.226169 0.0471699
-0.631969 0.206033 0.0494325
-0.687527 0.194813 0.0520142
-0.723922 0.192938 0.0548155
-0.739755 0.200482 0.057729
-0.734418 0.217154 0.0606425
-0.708116 0.242314 0.0634443
-0.66186 0.274995 0.0660265
-0.597427 0.31394 0.06829
-0.517293 0.357654 0.0701477
-0.424538 0.404456 0.0715284
-0.322726 0.452548 0.0723789
-0.21577 0.500082 0.0726665
-0.10778 0.545231 0.0723803
-0.00290494 0.58626 0.0715311
0.094824 0.621593 0.0701517
0.181652 0.649871 0.068295
0.254241 0.670008 0.0660324
0.309803 0.681231 0.0634508
0.346202 0.683107 0.0606495
0.36204 0.675565 0.0577361
0.356708 0.658895 0.0548225
0.330411 0.633737 0.0520207
0.284158 0.601058 0.0494385
0.219729 0.562114 0.0471749
0.139599 0.518401 0.045317
0.046846 0.4716 0.0439363
-0.0549642 0.423508 0.0430856
-0.16192 0.375973 0.0427979
-0.26991 0.330824 0.043084
-0.374786 0.289793 0.043933
-0.472517 0.254459 0.0453123
-0.559348 0.226179 0.0471689
-0.631941 0.20604 0.0494315
-0.687507 0.194815 0.052013
-0.72391 0.192937 0.0548142
-0.739753 0.200477 0.0577277
-0.734425 0.217145 0.0606413
-0.708132 0.242301 0.0634431
-0.661885 0.274979 0.0660254
0.243944 0.624768 0.0720495
0.239732 0.61166 0.0697603
0.219048 0.591885 0.0675591
0.182688 0.566202 0.0655304
0.132047 0.535597 0.0637523
0.0690728 0.501247 0.062293
-0.00381532 0.464472 0.0612087
-0.0838162 0.426686 0.0605409
-0.167856 0.389339 0.0603154
-0.252704 0.353868 0.0605408
-0.335101 0.321635 0.0612085
-0.41188 0.293879 0.0622927
-0.48009 0.271667 0.0637519
-0.537111 0.255853 0.06553
-0.58075 0.247043 0.0675586
-0.609332 0.245577 0.0697598
-0.621758 0.251511 0.072049
-0.61755 0.264616 0.0743381
-0.59687 0.28439 0.0765394
-0.560513 0.310072 0.0785681
-0.509875 0.340676 0.0803463
-0.446903 0.375025 0.0818056
-0.374017 0.4118 0.0828901
-0.294017 0.449586 0.0835579
-0.209979 0.486933 0.0837835
-0.12513 0.522405 0.0835582
-0.0427324 0.554639 0.0828906
0.034048 0.582395 0.0818065
0.102261 0.604609 0.0803473
0.159284 0.620425 0.0785693
0.202927 0.629236 0.0765408
0.231512 0.630704 0.0743396
0.243942 0.624772 0.0720505
0.239737 0.611668 0.0697613
0.219061 0.591895 0.06756
0.182707 0.566214 0.0655313
0.132072 0.535611 0.063753
0.069103 0.501263 0.0622936
-0.00378132 0.464489 0.0612091
-0.0837797 0.426702 0.0605411
-0.167818 0.389355 0.0603154
-0.252667 0.353883 0.0605406
-0.335065 0.321648 0.0612081
-0.411847 0.29389 0.0622922
-0.480062 0.271676 0.0637512
-0.537088 0.255858 0.0655292
-0.580734 0.247045 0.0675577
-0.609323 0.245576 0.0697588
-0.621756 0.251506 0.0720479
-0.617556 0.264609 0.0743371
-0.596883 0.28438 0.0765384
-0.560532 0.31006 0.0785672
-0.5099 0.340662 0.0803455
-0.446934 0.375009 0.081805
-0.374051 0.411783 0.0828897
-0.294054 0.44957 0.0835577
-0.210016 0.486917 0.0837835
-0.125167 0.52239 0.0835584
-0.0427678 0.554625 0.082891
0.0340158 0.582384 0.081807
0.102233 0.6046 0.0803481
0.159262 0.620419 0.0785702
0.202911 0.629234 0.0765417
0.231503 0.630705 0.0743406
0.24394 0.624776 0.0720515
0.239743 0.611675 0.0697623
0.219074 0.591905 0.067561
0.182726 0.566227 0.0655321
0.132098 0.535626 0.0637537
0.0691332 0.501279 0.0622942
-0.00374732 0.464506 0.0612094
-0.0837432 0.426719 0.0605413
-0.16778 0.389371 0.0603154
-0.25263 0.353898 0.0605404
-0.33503 0.321662 0.0612077
-0.411815 0.293902 0.0622916
-0.480034 0.271684 0.0637505
-0.537066 0.255864 0.0655283
-0.580718 0.247048 0.0675567
-0.609314 0.245575 0.0697578
-0.621755 0.251502 0.0720469
-0.617561 0.264602 0.0743361
-0.596895 0.28437 0.0765375
-0.560551 0.310047 0.0785664
-0.509926 0.340647 0.0803448
-0.446964 0.374994 0.0818045
-0.374085 0.411766 0.0828893
-0.29409 0.449553 0.0835575
-0.210054 0.486901 0.0837835
-0.125204 0.522375 0.0835586
-0.0428032 0.554612 0.0828914
0.109219 0.566784 0.0826884
0.106318 0.557755 0.0811116
0.0920705 0.544133 0.0795953
0.0670238 0.526441 0.0781979
0.0321407 0.50536 0.076973
-0.0112385 0.481698 0.0759678
-0.0614466 0.456366 0.0752209
-0.116554 0.430337 0.0747609
-0.174444 0.404612 0.0746056
-0.232891 0.380178 0.0747608
-0.289649 0.357974 0.0752207
-0.342537 0.338855 0.0759676
-0.389523 0.323555 0.0769728
-0.428801 0.312661 0.0781976
-0.458862 0.306592 0.079595
-0.47855 0.305583 0.0811112
-0.48711 0.30967 0.0826881
-0.484211 0.318698 0.084265
-0.469966 0.332319 0.0857813
-0.444921 0.35001 0.0871787
-0.41004 0.371091 0.0884036
-0.366663 0.394752 0.0894089
-0.316456 0.420083 0.0901559
-0.261349 0.446112 0.0906159
-0.20346 0.471838 0.0907713
-0.145013 0.496273 0.0906161
-0.0882542 0.518476 0.0901563
-0.0353649 0.537596 0.0894094
0.0116226 0.552898 0.0884043
0.0509025 0.563792 0.0871796
0.0809655 0.569862 0.0857822
0.100656 0.570873 0.084266
0.109218 0.566787 0.0826891
0.106322 0.55776 0.0811123
0.0920792 0.54414 0.0795959
0.0670371 0.52645 0.0781985
0.0321581 0.50537 0.0769735
-0.0112177 0.481709 0.0759682
-0.0614232 0.456378 0.0752211
-0.116529 0.430349 0.074761
-0.174418 0.404623 0.0746056
-0.232865 0.380188 0.0747607
-0.289624 0.357984 0.0752205
-0.342515 0.338863 0.0759672
-0.389504 0.323561 0.0769723
-0.428786 0.312665 0.078197
-0.458851 0.306594 0.0795943
-0.478544 0.305582 0.0811105
-0.487108 0.309667 0.0826874
-0.484215 0.318693 0.0842643
-0.469974 0.332312 0.0857806
-0.444935 0.350001 0.0871781
-0.410058 0.371081 0.0884031
-0.366684 0.394741 0.0894085
-0.316479 0.420072 0.0901556
-0.261374 0.446101 0.0906158
-0.203486 0.471827 0.0907713
-0.145039 0.496262 0.0906163
-0.0882786 0.518467 0.0901565
-0.0353871 0.537589 0.0894098
0.0116034 0.552892 0.0884048
0.0508871 0.563789 0.0871802
0.0809545 0.56986 0.0857829
-0.0369484 0.503826 0.0892403
-0.0384276 0.499223 0.0884363
-0.0456918 0.492278 0.0876632
-0.0584619 0.483258 0.0869508
-0.0762472 0.472509 0.0863263
-0.0983642 0.460445 0.0858138
-0.123963 0.44753 0.0854329
-0.15206 0.434259 0.0851984
-0.181575 0.421142 0.0851192
-0.211374 0.408684 0.0851984
-0.240313 0.397364 0.0854329
-0.267278 0.387616 0.0858137
-0.291234 0.379815 0.0863261
-0.31126 0.374261 0.0869506
-0.326586 0.371167 0.0876631
-0.336625 0.370652 0.0884361
-0.340989 0.372736 0.0892401
-0.339511 0.377339 0.0900441
-0.332248 0.384283 0.0908172
-0.319479 0.393303 0.0915297
-0.301695 0.404051 0.0921542
-0.279578 0.416115 0.0926667
-0.25398 0.429031 0.0930476
-0.225884 0.442301 0.0932821
-0.196369 0.455418 0.0933614
-0.16657 0.467876 0.0932822
-0.137631 0.479197 0.0930478
-0.110665 0.488945 0.092667
-0.0867084 0.496746 0.0921546
-0.0666814 0.502301 0.0915301
-0.0513537 0.505396 0.0908177
-0.0413143 0.505911 0.0900446
-0.188943 0.438314 0.0914532
