0.649745 0.732402 9.06904e-10
0.633067 0.747163 8.99007e-10
0.633337 0.746822 8.85666e-10
0.634236 0.745926 8.72838e-10
0.635731 0.744509 8.61015e-10
0.637763 0.742627 8.50653e-10
0.640255 0.74035 8.42148e-10
0.643112 0.737768 8.35829e-10
0.646222 0.734979 8.31937e-10
0.649468 0.73209 8.30623e-10
0.652723 0.729212 8.31937e-10
0.655863 0.726456 8.35828e-10
0.658767 0.723928 8.42147e-10
0.661324 0.721724 8.50651e-10
0.663436 0.719931 8.61013e-10
0.66502 0.718615 8.72835e-10
0.666017 0.717829 8.85664e-10
0.666388 0.717602 8.99004e-10
0.666119 0.717943 9.12345e-10
0.66522 0.718839 9.25174e-10
0.663725 0.720255 9.36997e-10
0.661693 0.722138 9.4736e-10
0.659201 0.724414 9.55865e-10
0.656345 0.726996 9.62184e-10
0.653234 0.729785 9.66077e-10
0.649989 0.732674 9.67391e-10
0.646734 0.735552 9.66079e-10
0.643593 0.738308 9.62188e-10
0.640689 0.740837 9.5587e-10
0.638132 0.74304 9.47366e-10
0.63602 0.744834 9.37004e-10
0.634435 0.746149 9.25182e-10
0.633438 0.746936 9.12354e-10
0.616995 0.761317 8.7562e-10
0.617524 0.760648 8.49451e-10
0.619288 0.75889 8.24287e-10
0.62222 0.756112 8.01096e-10
0.626206 0.752419 7.80769e-10
0.631095 0.747954 7.64087e-10
0.636698 0.742889 7.51691e-10
0.6428 0.737417 7.44057e-10
0.649166 0.73175 7.41479e-10
0.655551 0.726105 7.44056e-10
0.661711 0.720699 7.51689e-10
0.667408 0.71574 7.64084e-10
0.672424 0.711418 7.80765e-10
0.676565 0.707899 8.01092e-10
0.679674 0.705319 8.24282e-10
0.681629 0.703777 8.49445e-10
0.682357 0.703331 8.75614e-10
0.681829 0.704 9.01783e-10
0.680065 0.705758 9.26947e-10
0.677134 0.708536 9.50139e-10
0.673147 0.712228 9.70467e-10
0.668258 0.716693 9.87149e-10
0.662655 0.721758 9.99547e-10
0.656554 0.72723 1.00718e-09
0.650188 0.732897 1.00976e-09
0.643803 0.738542 1.00719e-09
0.637643 0.743948 9.99553e-10
0.631946 0.748908 9.87159e-10
0.62693 0.75323 9.70479e-10
0.622788 0.756749 9.50153e-10
0.619679 0.759329 9.26963e-10
0.617723 0.760871 9.01801e-10
0.616995 0.761317 8.75631e-10
0.617523 0.760648 8.49462e-10
0.619287 0.758891 8.24298e-10
0.622218 0.756113 8.01106e-10
0.626205 0.752421 7.80777e-10
0.631093 0.747956 7.64094e-10
0.636696 0.742891 7.51696e-10
0.642797 0.73742 7.4406e-10
0.649163 0.731753 7.41479e-10
0.655548 0.726107 7.44054e-10
0.661708 0.720701 7.51684e-10
0.667406 0.715742 7.64078e-10
0.672422 0.711419 7.80757e-10
0.676564 0.7079 8.01082e-10
0.679673 0.70532 8.24271e-10
0.681629 0.703777 8.49434e-10
0.682357 0.703331 8.75603e-10
0.681829 0.704 9.01772e-10
0.680066 0.705757 9.26937e-10
0.677135 0.708535 9.50129e-10
0.673149 0.712227 9.70459e-10
0.66826 0.716691 9.87143e-10
0.662658 0.721756 9.99542e-10
0.656557 0.727227 1.00718e-09
0.650191 0.732894 1.00976e-09
0.643805 0.73854 1.00719e-09
0.637645 0.743946 9.99558e-10
0.631948 0.748906 9.87166e-10
0.626932 0.753228 9.70487e-10
0.622789 0.756747 9.50163e-10
0.61968 0.759328 9.26974e-10
0.602147 0.77432 8.37641e-10
0.602914 0.773349 7.99649e-10
0.605475 0.770797 7.63118e-10
0.609731 0.766764 7.2945e-10
0.61552 0.761403 6.99939e-10
0.622617 0.754921 6.7572e-10
0.630751 0.747567 6.57724e-10
0.639609 0.739624 6.46641e-10
0.648851 0.731396 6.42899e-10
0.658121 0.723201 6.4664e-10
0.667064 0.715352 6.57721e-10
0.675335 0.708152 6.75716e-10
0.682617 0.701878 6.99933e-10
0.68863 0.69677 7.29443e-10
0.693142 0.693024 7.6311e-10
0.695981 0.690785 7.99641e-10
0.697038 0.690139 8.37633e-10
0.696271 0.69111 8.75625e-10
0.69371 0.693661 9.12157e-10
0.689454 0.697695 9.45826e-10
0.683666 0.703055 9.75337e-10
0.676569 0.709537 9.99557e-10
0.668435 0.716891 1.01756e-09
0.659577 0.724834 1.02864e-09
0.650335 0.733061 1.03238e-09
0.641065 0.741257 1.02864e-09
0.632123 0.749105 1.01756e-09
0.623851 0.756305 9.99571e-10
0.616569 0.76258 9.75355e-10
0.610556 0.767689 9.45847e-10
0.606043 0.771435 9.1218e-10
0.603204 0.773674 8.7565e-10
0.602147 0.774321 8.37658e-10
0.602913 0.77335 7.99666e-10
0.605474 0.770799 7.63133e-10
0.609729 0.766766 7.29464e-10
0.615517 0.761405 6.99951e-10
0.622614 0.754924 6.7573e-10
0.630747 0.74757 6.5773e-10
0.639605 0.739627 6.46645e-10
0.648847 0.7314 6.42899e-10
0.658117 0.723204 6.46637e-10
0.66706 0.715356 6.57714e-10
0.675331 0.708155 6.75706e-10
0.682614 0.70188 6.99921e-10
0.688627 0.696772 7.29428e-10
0.69314 0.693025 7.63094e-10
0.69598 0.690786 7.99625e-10
0.697038 0.690139 8.37616e-10
0.696272 0.691109 8.75608e-10
0.693712 0.69366 9.12141e-10
0.689456 0.697692 9.45812e-10
0.683669 0.703053 9.75325e-10
0.676573 0.709534 9.99548e-10
0.668439 0.716887 1.01755e-09
0.659581 0.72483 1.02864e-09
0.65034 0.733057 1.03238e-09
0.641069 0.741253 1.02865e-09
0.632126 0.749102 1.01757e-09
0.623855 0.756302 9.9958e-10
0.616572 0.762578 9.75367e-10
0.610558 0.767687 9.45861e-10
0.606045 0.771433 9.12196e-10
0.603205 0.773673 8.75667e-10
0.602147 0.774321 8.37675e-10
0.602913 0.773351 7.99682e-10
0.605472 0.7708 7.63149e-10
0.609727 0.766768 7.29477e-10
0.615514 0.761408 6.99963e-10
0.62261 0.754927 6.75739e-10
0.630744 0.747574 6.57737e-10
0.639601 0.739631 6.46648e-10
0.648843 0.731404 6.42899e-10
0.658113 0.723208 6.46633e-10
0.667056 0.715359 6.57708e-10
0.675328 0.708158 6.75697e-10
0.682611 0.701883 6.99909e-10
0.688625 0.696774 7.29414e-10
0.693139 0.693027 7.63079e-10
0.695979 0.690786 7.99608e-10
0.697037 0.690139 8.37599e-10
0.696272 0.691108 8.75592e-10
0.693713 0.693658 9.12126e-10
0.689459 0.69769 9.45798e-10
0.683672 0.70305 9.75313e-10
0.676576 0.709531 9.99538e-10
0.668443 0.716884 1.01754e-09
0.659585 0.724827 1.02863e-09
0.650344 0.733054 1.03238e-09
0.641073 0.741249 1.02865e-09
0.63213 0.749098 1.01758e-09
0.589093 0.785674 7.8653e-10
0.590069 0.784437 7.38176e-10
0.593329 0.78119 6.91679e-10
0.598746 0.776056 6.48828e-10
0.606113 0.769233 6.11268e-10
0.615146 0.760983 5.80443e-10
0.625499 0.751623 5.57539e-10
0.636773 0.741513 5.43433e-10
0.648536 0.731042 5.38669e-10
0.660335 0.720611 5.43431e-10
0.671716 0.710622 5.57535e-10
0.682244 0.701458 5.80438e-10
0.691512 0.693472 6.11261e-10
0.699164 0.68697 6.48819e-10
0.704908 0.682203 6.91669e-10
0.708521 0.679353 7.38165e-10
0.709866 0.678531 7.86519e-10
0.70889 0.679767 8.34874e-10
0.705631 0.683014 8.81371e-10
0.700214 0.688148 9.24223e-10
0.692848 0.69497 9.61784e-10
0.683814 0.70322 9.9261e-10
0.673462 0.712579 1.01552e-09
0.662188 0.722689 1.02963e-09
0.650425 0.733161 1.03439e-09
0.638626 0.743592 1.02963e-09
0.627245 0.753581 1.01553e-09
0.616717 0.762745 9.92628e-10
0.607449 0.770731 9.61807e-10
0.599796 0.777233 9.2425e-10
0.594052 0.782001 8.814e-10
0.590438 0.784851 8.34905e-10
0.589093 0.785674 7.86552e-10
0.590068 0.784438 7.38197e-10
0.593327 0.781192 6.91699e-10
0.598743 0.776058 6.48845e-10
0.606109 0.769236 6.11283e-10
0.615142 0.760987 5.80456e-10
0.625494 0.751627 5.57547e-10
0.636768 0.741518 5.43438e-10
0.648531 0.731046 5.3867e-10
0.66033 0.720615 5.43427e-10
0.671712 0.710626 5.57526e-10
0.682239 0.701462 5.80426e-10
0.691508 0.693475 6.11245e-10
0.699161 0.686973 6.48801e-10
0.704906 0.682205 6.91649e-10
0.70852 0.679354 7.38144e-10
0.709866 0.678531 7.86498e-10
0.708891 0.679766 8.34853e-10
0.705633 0.683012 8.81351e-10
0.700217 0.688145 9.24205e-10
0.692851 0.694967 9.61769e-10
0.683819 0.703216 9.92598e-10
0.673467 0.712575 1.01551e-09
0.662193 0.722685 1.02962e-09
0.650431 0.733156 1.03439e-09
0.638632 0.743587 1.02964e-09
0.627249 0.753577 1.01554e-09
0.616722 0.762741 9.9264e-10
0.607453 0.770728 9.61822e-10
0.599799 0.777231 9.24267e-10
0.594054 0.781999 8.8142e-10
0.590439 0.78485 8.34927e-10
0.589093 0.785674 7.86573e-10
0.590067 0.784439 7.38218e-10
0.593325 0.781193 6.91719e-10
0.59874 0.776061 6.48864e-10
0.606106 0.769239 6.11299e-10
0.615138 0.760991 5.80467e-10
0.62549 0.751632 5.57555e-10
0.636763 0.741522 5.43442e-10
0.648525 0.731051 5.3867e-10
0.660324 0.72062 5.43423e-10
0.671707 0.71063 5.57518e-10
0.682235 0.701466 5.80413e-10
0.691504 0.693478 6.1123e-10
0.699158 0.686975 6.48783e-10
0.704904 0.682206 6.91629e-10
0.708519 0.679355 7.38123e-10
0.709866 0.67853 7.86477e-10
0.708892 0.679765 8.34832e-10
0.705635 0.68301 8.81331e-10
0.70022 0.688142 9.24187e-10
0.692855 0.694964 9.61754e-10
0.683823 0.703212 9.92586e-10
0.673472 0.712571 1.0155e-09
0.662198 0.72268 1.02962e-09
0.650436 0.733151 1.03439e-09
0.638637 0.743582 1.02964e-09
0.627254 0.753572 1.01555e-09
0.616726 0.762737 9.92652e-10
0.607456 0.770725 9.61837e-10
0.599802 0.777228 9.24286e-10
0.594056 0.781997 8.8144e-10
0.59044 0.784849 8.34948e-10
0.589093 0.785674 7.86594e-10
0.590066 0.78444 7.38239e-10
0.593323 0.781195 6.91739e-10
0.598737 0.776064 6.48881e-10
0.606102 0.769243 6.11314e-10
0.615133 0.760995 5.80479e-10
0.625485 0.751636 5.57564e-10
0.636758 0.741527 5.43446e-10
0.64852 0.731056 5.3867e-10
0.660319 0.720624 5.43419e-10
0.671702 0.710634 5.5751e-10
0.68223 0.701469 5.80402e-10
0.6915 0.693481 6.11215e-10
0.699155 0.686978 6.48765e-10
0.704902 0.682208 6.9161e-10
0.708518 0.679356 7.38102e-10
0.709866 0.67853 7.86455e-10
0.708893 0.679764 8.34811e-10
0.705637 0.683008 8.81311e-10
0.700223 0.68814 9.2417e-10
0.578334 0.794941 7.24251e-10
0.579483 0.793487 6.67392e-10
0.583315 0.789668 6.12718e-10
0.589686 0.783631 5.6233e-10
0.598348 0.775608 5.18164e-10
0.60897 0.765907 4.81918e-10
0.621144 0.754901 4.54985e-10
0.634401 0.743013 4.38399e-10
0.648232 0.7307 4.32798e-10
0.662106 0.718435 4.38397e-10
0.67549 0.706689 4.5498e-10
0.687868 0.695913 4.81912e-10
0.698767 0.686522 5.18156e-10
0.707765 0.678877 5.6232e-10
0.714519 0.673272 6.12706e-10
0.718768 0.669921 6.6738e-10
0.720349 0.668954 7.24238e-10
0.719201 0.670407 7.81098e-10
0.715369 0.674225 8.35772e-10
0.709 0.680262 8.86161e-10
0.700337 0.688284 9.30328e-10
0.689716 0.697985 9.66576e-10
0.677542 0.708991 9.93512e-10
0.664285 0.720879 1.0101e-09
0.650454 0.733192 1.0157e-09
0.63658 0.745457 1.01011e-09
0.623196 0.757203 9.93526e-10
0.610818 0.767979 9.66597e-10
0.599919 0.77737 9.30355e-10
0.59092 0.785016 8.86193e-10
0.584166 0.790622 8.35807e-10
0.579916 0.793973 7.81135e-10
0.578335 0.794941 7.24276e-10
0.579482 0.793488 6.67417e-10
0.583313 0.78967 6.12741e-10
0.589682 0.783634 5.62351e-10
0.598344 0.775612 5.18182e-10
0.608965 0.765912 4.81933e-10
0.621138 0.754906 4.54994e-10
0.634395 0.743019 4.38403e-10
0.648226 0.730705 4.32798e-10
0.6621 0.71844 4.38392e-10
0.675484 0.706694 4.54971e-10
0.687863 0.695918 4.81898e-10
0.698762 0.686526 5.18138e-10
0.707762 0.67888 5.62298e-10
0.714516 0.673274 6.12683e-10
0.718767 0.669922 6.67355e-10
0.720349 0.668953 7.24213e-10
0.719202 0.670406 7.81073e-10
0.715371 0.674223 8.35749e-10
0.709003 0.680259 8.8614e-10
0.700342 0.68828 9.3031e-10
0.689721 0.69798 9.66562e-10
0.677548 0.708986 9.93502e-10
0.664291 0.720873 1.0101e-09
0.65046 0.733186 1.0157e-09
0.636586 0.745452 1.01011e-09
0.623202 0.757198 9.93536e-10
0.610823 0.767975 9.66611e-10
0.599924 0.777366 9.30373e-10
0.590923 0.785013 8.86214e-10
0.584168 0.79062 8.3583e-10
0.579917 0.793972 7.8116e-10
0.578335 0.794941 7.24301e-10
0.57948 0.793489 6.67441e-10
0.583311 0.789672 6.12764e-10
0.589679 0.783637 5.62372e-10
0.59834 0.775616 5.182e-10
0.60896 0.765916 4.81947e-10
0.621133 0.754911 4.55004e-10
0.634389 0.743024 4.38409e-10
0.64822 0.730711 4.32797e-10
0.662094 0.718445 4.38386e-10
0.675478 0.706699 4.54961e-10
0.687858 0.695922 4.81884e-10
0.698758 0.68653 5.1812e-10
0.707758 0.678883 5.62278e-10
0.714514 0.673276 6.1266e-10
0.718765 0.669923 6.6733e-10
0.720349 0.668953 7.24188e-10
0.719204 0.670405 7.81048e-10
0.715374 0.674221 8.35725e-10
0.709006 0.680256 8.86119e-10
0.700346 0.688277 9.30293e-10
0.689726 0.697976 9.66548e-10
0.677554 0.70898 9.93492e-10
0.664297 0.720868 1.01009e-09
0.650466 0.733181 1.0157e-09
0.636592 0.745446 1.01012e-09
0.623208 0.757193 9.93546e-10
0.610828 0.76797 9.66625e-10
0.599928 0.777362 9.30391e-10
0.590927 0.78501 8.86235e-10
0.584171 0.790618 8.35854e-10
0.579919 0.793971 7.81184e-10
0.578335 0.794941 7.24327e-10
0.579479 0.79349 6.67466e-10
0.583309 0.789675 6.12788e-10
0.589676 0.78364 5.62393e-10
0.598335 0.77562 5.18218e-10
0.608955 0.765921 4.81961e-10
0.621127 0.754916 4.55014e-10
0.634383 0.743029 4.38414e-10
0.648214 0.730716 4.32798e-10
0.662088 0.718451 4.38381e-10
0.675473 0.706704 4.54951e-10
0.687853 0.695927 4.81869e-10
0.698753 0.686534 5.18102e-10
0.707755 0.678886 5.62257e-10
0.714512 0.673278 6.12636e-10
0.718764 0.669924 6.67305e-10
0.720349 0.668953 7.24163e-10
0.719205 0.670403 7.81023e-10
0.715376 0.674219 8.35702e-10
0.70901 0.680252 8.86098e-10
0.70035 0.688273 9.30275e-10
0.689731 0.697971 9.66534e-10
0.677559 0.708975 9.93483e-10
0.664303 0.720862 1.01009e-09
0.650473 0.733175 1.0157e-09
0.636598 0.745441 1.01012e-09
0.623214 0.757188 9.93555e-10
0.610833 0.767966 9.66639e-10
0.599932 0.777359 9.30409e-10
0.59093 0.785007 8.86256e-10
0.584173 0.790616 8.35877e-10
0.57992 0.79397 7.81209e-10
0.578335 0.794941 7.24352e-10
0.579478 0.793492 6.67491e-10
0.583306 0.789677 6.12811e-10
0.589672 0.783644 5.62414e-10
0.598331 0.775624 5.18236e-10
0.60895 0.765926 4.81975e-10
0.621121 0.754922 4.55024e-10
0.634377 0.743035 4.38419e-10
0.570285 0.801765 6.53197e-10
0.571561 0.80015 5.90019e-10
0.57582 0.795906 5.29268e-10
0.582898 0.789198 4.7328e-10
0.592524 0.780284 4.24206e-10
0.604326 0.769505 3.83931e-10
0.617853 0.757275 3.54005e-10
0.632584 0.744066 3.35575e-10
0.647952 0.730384 3.29351e-10
0.663368 0.716756 3.35572e-10
0.678239 0.703704 3.53999e-10
0.691993 0.691731 3.83923e-10
0.704103 0.681297 4.24196e-10
0.714102 0.672802 4.73269e-10
0.721606 0.666573 5.29255e-10
0.726327 0.66285 5.90005e-10
0.728084 0.661775 6.53183e-10
0.726809 0.66339 7.16362e-10
0.722551 0.667633 7.77113e-10
0.715473 0.67434 8.33103e-10
0.705848 0.683255 8.82179e-10
0.694046 0.694033 9.22455e-10
0.68052 0.706262 9.52385e-10
0.665789 0.719471 9.70817e-10
0.650421 0.733153 9.77043e-10
0.635005 0.746782 9.70825e-10
0.620134 0.759833 9.52401e-10
0.606379 0.771807 9.22478e-10
0.594269 0.782241 8.82208e-10
0.58427 0.790737 8.33138e-10
0.576765 0.796966 7.77152e-10
0.572043 0.80069 7.16403e-10
0.570286 0.801765 6.53225e-10
0.57156 0.800151 5.90046e-10
0.575818 0.795909 5.29294e-10
0.582895 0.789202 4.73303e-10
0.592519 0.780288 4.24226e-10
0.604321 0.76951 3.83947e-10
0.617847 0.757281 3.54015e-10
0.632577 0.744072 3.3558e-10
0.647945 0.73039 3.29351e-10
0.663361 0.716762 3.35566e-10
0.678233 0.70371 3.53988e-10
0.691988 0.691736 3.83908e-10
0.704098 0.681301 4.24176e-10
0.714098 0.672805 4.73245e-10
0.721603 0.666576 5.29229e-10
0.726326 0.662851 5.89977e-10
0.728084 0.661775 6.53155e-10
0.72681 0.663389 7.16334e-10
0.722553 0.66763 7.77087e-10
0.715477 0.674337 8.33079e-10
0.705853 0.68325 8.82158e-10
0.694052 0.694028 9.22439e-10
0.680526 0.706257 9.52374e-10
0.665796 0.719465 9.70811e-10
0.650428 0.733147 9.77044e-10
0.635011 0.746776 9.7083e-10
0.62014 0.759828 9.52412e-10
0.606385 0.771802 9.22494e-10
0.594274 0.782237 8.82228e-10
0.584274 0.790733 8.33161e-10
0.576768 0.796964 7.77178e-10
0.572044 0.800689 7.1643e-10
0.570286 0.801765 6.53253e-10
0.571559 0.800152 5.90073e-10
0.575815 0.795911 5.2932e-10
0.582891 0.789205 4.73326e-10
0.592514 0.780292 4.24246e-10
0.604315 0.769515 3.83963e-10
0.61784 0.757287 3.54026e-10
0.63257 0.744078 3.35586e-10
0.647938 0.730396 3.29351e-10
0.663355 0.716768 3.35561e-10
0.678226 0.703715 3.53978e-10
0.691982 0.691741 3.83892e-10
0.704093 0.681305 4.24156e-10
0.714094 0.672809 4.73221e-10
0.721601 0.666578 5.29203e-10
0.726324 0.662852 5.8995e-10
0.728084 0.661775 6.53127e-10
0.726811 0.663388 7.16307e-10
0.722556 0.667628 7.77061e-10
0.715481 0.674333 8.33056e-10
0.705858 0.683246 8.82139e-10
0.694057 0.694023 9.22424e-10
0.680532 0.706251 9.52363e-10
0.665803 0.719459 9.70806e-10
0.650434 0.733141 9.77043e-10
0.635018 0.74677 9.70836e-10
0.620146 0.759822 9.52422e-10
0.60639 0.771797 9.22509e-10
0.594279 0.782233 8.82248e-10
0.584278 0.79073 8.33184e-10
0.57677 0.796962 7.77204e-10
0.572046 0.800688 7.16458e-10
0.570286 0.801766 6.53281e-10
0.571558 0.800154 5.90101e-10
0.575813 0.795914 5.29346e-10
0.582887 0.789209 4.7335e-10
0.592509 0.780297 4.24265e-10
0.604309 0.76952 3.83978e-10
0.617834 0.757292 3.54036e-10
0.632564 0.744084 3.35591e-10
0.647932 0.730403 3.29351e-10
0.663348 0.716774 3.35555e-10
0.67822 0.703721 3.53967e-10
0.691976 0.691746 3.83877e-10
0.704088 0.68131 4.24136e-10
0.71409 0.672812 4.73198e-10
0.721598 0.66658 5.29177e-10
0.726323 0.662853 5.89922e-10
0.728084 0.661775 6.53099e-10
0.726812 0.663386 7.16279e-10
0.722558 0.667626 7.77035e-10
0.715484 0.67433 8.33033e-10
0.705863 0.683242 8.82119e-10
0.694063 0.694018 9.22408e-10
0.680538 0.706245 9.52352e-10
0.665809 0.719453 9.708e-10
0.650441 0.733135 9.77043e-10
0.635025 0.746764 9.70841e-10
0.620153 0.759817 9.52433e-10
0.606396 0.771792 9.22525e-10
0.594284 0.782229 8.82268e-10
0.584281 0.790727 8.33208e-10
0.576773 0.796959 7.7723e-10
0.572047 0.800687 7.16486e-10
0.570286 0.801766 6.53309e-10
0.571556 0.800155 5.90129e-10
0.57581 0.795916 5.29372e-10
0.582883 0.789212 4.73373e-10
0.592505 0.780301 4.24285e-10
0.604304 0.769525 3.83994e-10
0.617828 0.757298 3.54047e-10
0.632557 0.74409 3.35597e-10
0.647925 0.730409 3.29351e-10
0.663341 0.71678 3.3555e-10
0.678214 0.703727 3.53956e-10
0.69197 0.691751 3.83861e-10
0.704083 0.681314 4.24116e-10
0.714086 0.672815 4.73175e-10
0.721595 0.666582 5.29151e-10
0.726321 0.662854 5.89895e-10
0.728084 0.661775 6.53071e-10
0.726814 0.663385 7.16252e-10
0.722561 0.667623 7.7701e-10
0.715488 0.674326 8.33009e-10
0.705867 0.683237 8.82099e-10
0.694068 0.694013 9.22393e-10
0.680545 0.70624 9.52342e-10
0.565255 0.805885 5.76098e-10
0.56661 0.80417 5.09028e-10
0.571131 0.799665 4.44536e-10
0.578645 0.792544 3.85099e-10
0.588863 0.78308 3.33002e-10
0.601393 0.771637 2.90247e-10
0.615753 0.758654 2.58476e-10
0.631391 0.744632 2.38912e-10
0.647706 0.730107 2.32305e-10
0.664071 0.715639 2.38909e-10
0.679858 0.701783 2.58471e-10
0.69446 0.689073 2.90239e-10
0.707315 0.677996 3.32992e-10
0.71793 0.668978 3.85087e-10
0.725897 0.662365 4.44522e-10
0.730909 0.658413 5.09014e-10
0.732774 0.657272 5.76084e-10
0.73142 0.658986 6.43154e-10
0.726899 0.66349 7.07648e-10
0.719386 0.670611 7.67086e-10
0.709168 0.680074 8.19185e-10
0.696639 0.691517 8.61943e-10
0.682279 0.704499 8.93716e-10
0.666642 0.718522 9.13283e-10
0.650326 0.733046 9.19893e-10
0.633961 0.747514 9.13292e-10
0.618174 0.76137 8.93733e-10
0.603572 0.774081 8.61967e-10
0.590716 0.785158 8.19216e-10
0.580101 0.794177 7.67123e-10
0.572134 0.80079 7.07689e-10
0.567121 0.804743 6.43198e-10
0.565255 0.805885 5.76128e-10
0.566608 0.804171 5.09058e-10
0.571128 0.799668 4.44563e-10
0.578641 0.792548 3.85124e-10
0.588858 0.783085 3.33023e-10
0.601387 0.771642 2.90264e-10
0.615746 0.75866 2.58488e-10
0.631384 0.744638 2.38917e-10
0.647699 0.730113 2.32305e-10
0.664064 0.715645 2.38903e-10
0.679852 0.701789 2.58459e-10
0.694454 0.689078 2.90222e-10
0.70731 0.678 3.32971e-10
0.717926 0.668981 3.85062e-10
0.725894 0.662368 4.44495e-10
0.730907 0.658414 5.08985e-10
0.732773 0.657272 5.76054e-10
0.731421 0.658985 6.43125e-10
0.726902 0.663488 7.0762e-10
0.71939 0.670607 7.67061e-10
0.709173 0.68007 8.19164e-10
0.696645 0.691511 8.61926e-10
0.682286 0.704493 8.93704e-10
0.666649 0.718515 9.13278e-10
0.650334 0.73304 9.19893e-10
0.633968 0.747508 9.13298e-10
0.618181 0.761364 8.93744e-10
0.603578 0.774076 8.61984e-10
0.590721 0.785154 8.19238e-10
0.580105 0.794173 7.67148e-10
0.572137 0.800788 7.07716e-10
0.567122 0.804742 6.43227e-10
0.565255 0.805885 5.76158e-10
0.566607 0.804172 5.09087e-10
0.571125 0.79967 4.44591e-10
0.578637 0.792551 3.85149e-10
0.588853 0.783089 3.33045e-10
0.601381 0.771648 2.9028e-10
0.615739 0.758666 2.58499e-10
0.631376 0.744644 2.38923e-10
0.647691 0.73012 2.32305e-10
0.664057 0.715652 2.38897e-10
0.679845 0.701795 2.58448e-10
0.694448 0.689084 2.90206e-10
0.707305 0.678005 3.3295e-10
0.717922 0.668985 3.85038e-10
0.725891 0.66237 4.44467e-10
0.730906 0.658415 5.08955e-10
0.732773 0.657271 5.76025e-10
0.731422 0.658983 6.43096e-10
0.726905 0.663485 7.07593e-10
0.719394 0.670603 7.67037e-10
0.709178 0.680065 8.19143e-10
0.696651 0.691506 8.61909e-10
0.682293 0.704487 8.93693e-10
0.666656 0.718509 9.13272e-10
0.650341 0.733033 9.19893e-10
0.633975 0.747502 9.13304e-10
0.618187 0.761358 8.93756e-10
0.603584 0.77407 8.62001e-10
0.590727 0.785149 8.19259e-10
0.580109 0.79417 7.67173e-10
0.572139 0.800785 7.07744e-10
0.567124 0.804741 6.43257e-10
0.565255 0.805885 5.76188e-10
0.566606 0.804174 5.09116e-10
0.571123 0.799673 4.44618e-10
0.578633 0.792555 3.85174e-10
0.588848 0.783094 3.33065e-10
0.601375 0.771653 2.90297e-10
0.615733 0.758672 2.58511e-10
0.631369 0.744651 2.38929e-10
0.647684 0.730126 2.32304e-10
0.66405 0.715658 2.38892e-10
0.679838 0.701801 2.58436e-10
0.694442 0.689089 2.90189e-10
0.7073 0.678009 3.32929e-10
0.717918 0.668988 3.85013e-10
0.725888 0.662372 4.4444e-10
0.730904 0.658416 5.08927e-10
0.732773 0.657271 5.75994e-10
0.731424 0.658982 6.43067e-10
0.726907 0.663482 7.07565e-10
0.719398 0.6706 7.67012e-10
0.709183 0.68006 8.19122e-10
0.696657 0.691501 8.61893e-10
0.682299 0.704481 8.93682e-10
0.666663 0.718503 9.13266e-10
0.650348 0.733027 9.19893e-10
0.633982 0.747495 9.13309e-10
0.618194 0.761352 8.93767e-10
0.60359 0.774065 8.62017e-10
0.590732 0.785145 8.1928e-10
0.580113 0.794166 7.67198e-10
0.572142 0.800783 7.07772e-10
0.567126 0.80474 6.43286e-10
0.565256 0.805885 5.76218e-10
0.566604 0.804175 5.09146e-10
0.57112 0.799675 4.44646e-10
0.578629 0.792559 3.85198e-10
0.588843 0.783099 3.33087e-10
0.601369 0.771659 2.90313e-10
0.615726 0.758678 2.58522e-10
0.631362 0.744657 2.38935e-10
0.647677 0.730133 2.32305e-10
0.664043 0.715664 2.38886e-10
0.679831 0.701807 2.58425e-10
0.694436 0.689094 2.90172e-10
0.707294 0.678014 3.32908e-10
0.717914 0.668992 3.84988e-10
0.725885 0.662375 4.44413e-10
0.730902 0.658417 5.08897e-10
0.732773 0.657271 5.75965e-10
0.731425 0.658981 6.43037e-10
0.72691 0.66348 7.07538e-10
0.719402 0.670596 7.66987e-10
0.709188 0.680056 8.19101e-10
0.696663 0.691495 8.61876e-10
0.682306 0.704475 8.9367e-10
0.66667 0.718496 9.1326e-10
0.650356 0.73302 9.19893e-10
0.633989 0.747489 9.13315e-10
0.618201 0.761346 8.93778e-10
0.603596 0.77406 8.62034e-10
0.590737 0.78514 8.19301e-10
0.580117 0.794163 7.67223e-10
0.572145 0.80078 7.07799e-10
0.567127 0.804739 6.43315e-10
0.563437 0.807141 4.95919e-10
0.564818 0.805392 4.27535e-10
0.569427 0.800799 3.61778e-10
0.577089 0.793539 3.01177e-10
0.587507 0.783889 2.48059e-10
0.600283 0.772222 2.04466e-10
0.614924 0.758985 1.72073e-10
0.630868 0.744688 1.52125e-10
0.647503 0.729878 1.45388e-10
0.664189 0.715127 1.52122e-10
0.680286 0.701 1.72067e-10
0.695173 0.68804 2.04458e-10
0.708281 0.676746 2.48048e-10
0.719103 0.667551 3.01165e-10
0.727226 0.66081 3.61765e-10
0.732336 0.656779 4.2752e-10
0.734238 0.655616 4.95904e-10
0.732857 0.657364 5.64289e-10
0.728248 0.661956 6.30046e-10
0.720588 0.669216 6.90649e-10
0.71017 0.678865 7.43769e-10
0.697395 0.690532 7.87364e-10
0.682754 0.703769 8.1976e-10
0.66681 0.718066 8.3971e-10
0.650175 0.732875 8.4645e-10
0.633489 0.747627 8.3972e-10
0.617392 0.761754 8.19777e-10
0.602504 0.774714 7.8739e-10
0.589397 0.786009 7.43801e-10
0.578573 0.795204 6.90687e-10
0.57045 0.801946 6.30088e-10
0.565339 0.805977 5.64333e-10
0.563437 0.807141 4.9595e-10
0.564816 0.805394 4.27564e-10
0.569425 0.800802 3.61806e-10
0.577085 0.793543 3.01202e-10
0.587502 0.783894 2.4808e-10
0.600276 0.772228 2.04483e-10
0.614917 0.758991 1.72084e-10
0.630861 0.744694 1.52131e-10
0.647496 0.729885 1.45388e-10
0.664182 0.715133 1.52116e-10
0.680279 0.701006 1.72056e-10
0.695167 0.688046 2.04441e-10
0.708275 0.676751 2.48027e-10
0.719099 0.667555 3.01139e-10
0.727223 0.660812 3.61737e-10
0.732335 0.656781 4.2749e-10
0.734238 0.655616 4.95874e-10
0.732859 0.657363 5.64259e-10
0.728251 0.661954 6.30018e-10
0.720592 0.669213 6.90624e-10
0.710175 0.678861 7.43747e-10
0.697401 0.690527 7.87347e-10
0.682761 0.703763 8.19748e-10
0.666817 0.71806 8.39705e-10
0.650182 0.732869 8.4645e-10
0.633496 0.747621 8.39725e-10
0.617399 0.761748 8.19788e-10
0.60251 0.774709 7.87406e-10
0.589402 0.786004 7.43822e-10
0.578577 0.7952 6.90712e-10
0.570453 0.801944 6.30116e-10
0.565341 0.805976 5.64363e-10
0.563437 0.807141 4.9598e-10
0.564815 0.805395 4.27594e-10
0.569422 0.800805 3.61835e-10
0.577081 0.793546 3.01227e-10
0.587497 0.783899 2.48102e-10
0.60027 0.772233 2.04499e-10
0.61491 0.758998 1.72096e-10
0.630854 0.744701 1.52137e-10
0.647488 0.729892 1.45388e-10
0.664175 0.71514 1.5211e-10
0.680272 0.701012 1.72044e-10
0.695161 0.688051 2.04424e-10
0.70827 0.676755 2.48005e-10
0.719095 0.667559 3.01114e-10
0.72722 0.660814 3.61708e-10
0.732333 0.656782 4.2746e-10
0.734237 0.655616 4.95843e-10
0.73286 0.657361 5.64229e-10
0.728254 0.661951 6.2999e-10
0.720596 0.669209 6.90598e-10
0.71018 0.678856 7.43726e-10
0.697407 0.690521 7.8733e-10
0.682768 0.703756 8.19736e-10
0.666824 0.718053 8.39699e-10
0.65019 0.732862 8.4645e-10
0.633503 0.747614 8.39731e-10
0.617406 0.761742 8.198e-10
0.602517 0.774703 7.87423e-10
0.589407 0.785999 7.43844e-10
0.578582 0.795197 6.90737e-10
0.570456 0.801942 6.30144e-10
0.565342 0.805975 5.64393e-10
0.563437 0.807141 4.9601e-10
0.564814 0.805397 4.27624e-10
0.569419 0.800807 3.61863e-10
0.577077 0.79355 3.01253e-10
0.587492 0.783904 2.48123e-10
0.600264 0.772239 2.04516e-10
0.614903 0.759004 1.72108e-10
0.630846 0.744707 1.52142e-10
0.647481 0.729898 1.45388e-10
0.664167 0.715146 1.52104e-10
0.680265 0.701018 1.72033e-10
0.695155 0.688057 2.04407e-10
0.708265 0.67676 2.47984e-10
0.719091 0.667562 3.01088e-10
0.727217 0.660817 3.6168e-10
0.732332 0.656783 4.27431e-10
0.734237 0.655616 4.95813e-10
0.732861 0.65736 5.64199e-10
0.728257 0.661948 6.29962e-10
0.7206 0.669205 6.90573e-10
0.710185 0.678851 7.43704e-10
0.697413 0.690516 7.87313e-10
0.682775 0.70375 8.19725e-10
0.666832 0.718047 8.39693e-10
0.650197 0.732856 8.4645e-10
0.633511 0.747608 8.39737e-10
0.617413 0.761736 8.19812e-10
0.602523 0.774698 7.8744e-10
0.589413 0.785995 7.43865e-10
0.578586 0.795193 6.90763e-10
0.570459 0.801939 6.30172e-10
0.565344 0.805974 5.64422e-10
0.563437 0.807142 4.96041e-10
0.564812 0.805398 4.27654e-10
0.569417 0.80081 3.61891e-10
0.577073 0.793554 3.01278e-10
0.587487 0.783908 2.48144e-10
0.600258 0.772244 2.04533e-10
0.614897 0.75901 1.72119e-10
0.630839 0.744714 1.52148e-10
0.647474 0.729905 1.45388e-10
0.66416 0.715153 1.52098e-10
0.680258 0.701024 1.72021e-10
0.695148 0.688062 2.0439e-10
0.708259 0.676764 2.47962e-10
0.719086 0.667566 3.01063e-10
0.727214 0.660819 3.61652e-10
0.73233 0.656784 4.27401e-10
0.734237 0.655615 4.95783e-10
0.732863 0.657358 5.6417e-10
0.728259 0.661946 6.29934e-10
0.720604 0.669201 6.90548e-10
0.71019 0.678846 7.43683e-10
0.697419 0.69051 7.87297e-10
0.682781 0.703744 8.19713e-10
0.666839 0.71804 8.39687e-10
0.650205 0.732849 8.4645e-10
0.633518 0.747601 8.39743e-10
0.61742 0.76173 8.19823e-10
0.602529 0.774692 7.87457e-10
0.589418 0.78599 7.43887e-10
0.57859 0.79519 6.90788e-10
0.570462 0.801937 6.30201e-10
0.565345 0.805972 5.64452e-10
0.563437 0.807142 4.96071e-10
0.564811 0.805399 4.27684e-10
0.569414 0.800813 3.61919e-10
0.5649 0.805486 4.15739e-10
0.566255 0.803771 3.48668e-10
0.570776 0.799266 2.84175e-10
0.57829 0.792145 2.24738e-10
0.588508 0.782681 1.72641e-10
0.601038 0.771238 1.29885e-10
0.615398 0.758255 9.81139e-11
0.631036 0.744232 7.85491e-11
0.647352 0.729708 7.19417e-11
0.663717 0.715239 7.85463e-11
0.679504 0.701384 9.81084e-11
0.694106 0.688673 1.29877e-10
0.706961 0.677596 1.7263e-10
0.717576 0.668578 2.24726e-10
0.725543 0.661965 2.84162e-10
0.730555 0.658013 3.48654e-10
0.73242 0.656872 4.15724e-10
0.731066 0.658586 4.82795e-10
0.726546 0.66309 5.4729e-10
0.719032 0.670211 6.06728e-10
0.708814 0.679674 6.58828e-10
0.696285 0.691117 7.01585e-10
0.681925 0.704099 7.33358e-10
0.666288 0.718122 7.52926e-10
0.649972 0.732647 7.59536e-10
0.633606 0.747115 7.52935e-10
0.617819 0.760971 7.33376e-10
0.603217 0.773682 7.0161e-10
0.590361 0.784759 6.58859e-10
0.579746 0.793778 6.06765e-10
0.571779 0.800391 5.4733e-10
0.566766 0.804344 4.82839e-10
0.5649 0.805486 4.15769e-10
0.566253 0.803772 3.48698e-10
0.570773 0.799269 2.84203e-10
0.578286 0.792149 2.24763e-10
0.588503 0.782686 1.72661e-10
0.601032 0.771243 1.29901e-10
0.615391 0.758261 9.81256e-11
0.631029 0.744239 7.85549e-11
0.647344 0.729714 7.19418e-11
0.66371 0.715246 7.85404e-11
0.679498 0.70139 9.80972e-11
0.6941 0.688679 1.2986e-10
0.706956 0.6776 1.72609e-10
0.717572 0.668581 2.24701e-10
0.72554 0.661968 2.84134e-10
0.730554 0.658014 3.48625e-10
0.73242 0.656872 4.15695e-10
0.731068 0.658585 4.82766e-10
0.726548 0.663088 5.47262e-10
0.719036 0.670207 6.06703e-10
0.70882 0.67967 6.58806e-10
0.696291 0.691112 7.01569e-10
0.681932 0.704093 7.33347e-10
0.666295 0.718116 7.52921e-10
0.649979 0.73264 7.59537e-10
0.633614 0.747109 7.52941e-10
0.617826 0.760965 7.33387e-10
0.603223 0.773677 7.01627e-10
0.590367 0.784755 6.5888e-10
0.57975 0.793775 6.0679e-10
0.571782 0.800389 5.47358e-10
0.566767 0.804343 4.82868e-10
0.5649 0.805486 4.15799e-10
0.566252 0.803774 3.48727e-10
0.57077 0.799271 2.8423e-10
0.578282 0.792152 2.24788e-10
0.588498 0.78269 1.72682e-10
0.601026 0.771249 1.29918e-10
0.615385 0.758267 9.81367e-11
0.631022 0.744245 7.85608e-11
0.647337 0.72972 7.19417e-11
0.663703 0.715252 7.85347e-11
0.679491 0.701396 9.80853e-11
0.694094 0.688684 1.29844e-10
0.706951 0.677605 1.72588e-10
0.717568 0.668585 2.24676e-10
0.725537 0.66197 2.84106e-10
0.730552 0.658015 3.48595e-10
0.73242 0.656871 4.15665e-10
0.731069 0.658583 4.82737e-10
0.726551 0.663085 5.47234e-10
0.71904 0.670204 6.06679e-10
0.708825 0.679665 6.58785e-10
0.696297 0.691106 7.01552e-10
0.681939 0.704087 7.33336e-10
0.666302 0.71811 7.52915e-10
0.649987 0.732634 7.59536e-10
0.633621 0.747103 7.52947e-10
0.617833 0.760959 7.33399e-10
0.603229 0.773671 7.01643e-10
0.590372 0.784751 6.58901e-10
0.579754 0.793771 6.06815e-10
0.571784 0.800386 5.47386e-10
0.566769 0.804342 4.82898e-10
0.5649 0.805486 4.15829e-10
0.566251 0.803775 3.48756e-10
0.570768 0.799274 2.84258e-10
0.578278 0.792156 2.24812e-10
0.588493 0.782695 1.72704e-10
0.60102 0.771254 1.29934e-10
0.615378 0.758273 9.81482e-11
0.631015 0.744251 7.85666e-11
0.64733 0.729727 7.19418e-11
0.663696 0.715258 7.8529e-11
0.679484 0.701402 9.8074e-11
0.694088 0.688689 1.29827e-10
0.706946 0.677609 1.72567e-10
0.717564 0.668588 2.24651e-10
0.725534 0.661973 2.84079e-10
0.73055 0.658016 3.48566e-10
0.73242 0.656871 4.15635e-10
0.73107 0.658582 4.82708e-10
0.726554 0.663083 5.47207e-10
0.719044 0.6702 6.06653e-10
0.70883 0.67966 6.58764e-10
0.696303 0.691101 7.01536e-10
0.681945 0.704081 7.33325e-10
0.666309 0.718103 7.52909e-10
0.649994 0.732628 7.59536e-10
0.633628 0.747096 7.52953e-10
0.617839 0.760953 7.3341e-10
0.603235 0.773666 7.0166e-10
0.590377 0.784746 6.58922e-10
0.579758 0.793768 6.0684e-10
0.571787 0.800384 5.47414e-10
0.566771 0.804341 4.82927e-10
0.564901 0.805486 4.15858e-10
0.566249 0.803776 3.48785e-10
0.570765 0.799277 2.84286e-10
0.578274 0.79216 2.24837e-10
0.588488 0.7827 1.72725e-10
0.601014 0.77126 1.29951e-10
0.615371 0.758279 9.81598e-11
0.631008 0.744258 7.85724e-11
0.647323 0.729733 7.19417e-11
0.663689 0.715265 7.85229e-11
0.679477 0.701407 9.80625e-11
0.694082 0.688694 1.2981e-10
0.706941 0.677614 1.72546e-10
0.71756 0.668592 2.24627e-10
0.725531 0.661975 2.84051e-10
0.730549 0.658017 3.48537e-10
0.73242 0.656871 4.15605e-10
0.731071 0.658581 4.82678e-10
0.726556 0.66308 5.47179e-10
0.719048 0.670196 6.06629e-10
0.708835 0.679656 6.58743e-10
0.696309 0.691095 7.01519e-10
0.681952 0.704075 7.33313e-10
0.666316 0.718097 7.52903e-10
0.650001 0.732621 7.59536e-10
0.633635 0.74709 7.52959e-10
0.617846 0.760947 7.33422e-10
0.603242 0.773661 7.01676e-10
0.590382 0.784742 6.58943e-10
0.579762 0.793764 6.06864e-10
0.57179 0.800382 5.47441e-10
0.566772 0.80434 4.82956e-10
0.569589 0.800983 3.3864e-10
0.570865 0.799367 2.7546e-10
0.575124 0.795124 2.14709e-10
0.582202 0.788416 1.5872e-10
0.591828 0.779501 1.09644e-10
0.603631 0.768722 6.93691e-11
0.617157 0.756492 3.94415e-11
0.631888 0.743283 2.10116e-11
0.647257 0.729601 1.47882e-11
0.662673 0.715972 2.10089e-11
0.677545 0.70292 3.94363e-11
0.691299 0.690947 6.93612e-11
0.703409 0.680513 1.09635e-10
0.713408 0.672018 1.58708e-10
0.720912 0.665789 2.14696e-10
0.725634 0.662065 2.75447e-10
0.72739 0.660991 3.38626e-10
0.726115 0.662606 4.01806e-10
0.721857 0.666848 4.62558e-10
0.714779 0.673556 5.18549e-10
0.705154 0.68247 5.67626e-10
0.693352 0.693249 6.07903e-10
0.679825 0.705478 6.37833e-10
0.665095 0.718688 6.56265e-10
0.649726 0.73237 6.62492e-10
0.634309 0.745999 6.56274e-10
0.619438 0.759051 6.37849e-10
0.605683 0.771024 6.07926e-10
0.593573 0.781459 5.67656e-10
0.583574 0.789954 5.18584e-10
0.576069 0.796184 4.62597e-10
0.571347 0.799908 4.01847e-10
0.569589 0.800983 3.38668e-10
0.570864 0.799369 2.75488e-10
0.575121 0.795127 2.14735e-10
0.582198 0.78842 1.58743e-10
0.591823 0.779505 1.09664e-10
0.603625 0.768727 6.93848e-11
0.617151 0.756498 3.94522e-11
0.631882 0.743289 2.1017e-11
0.64725 0.729607 1.47878e-11
0.662667 0.715978 2.10036e-11
0.677538 0.702926 3.94255e-11
0.691293 0.690952 6.93456e-11
0.703404 0.680517 1.09615e-10
0.713404 0.672021 1.58684e-10
0.72091 0.665791 2.1467e-10
0.725632 0.662067 2.75419e-10
0.72739 0.66099 3.38598e-10
0.726116 0.662604 4.01779e-10
0.721859 0.666846 4.62532e-10
0.714783 0.673552 5.18526e-10
0.705159 0.682466 5.67606e-10
0.693357 0.693244 6.07887e-10
0.679831 0.705473 6.37822e-10
0.665101 0.718682 6.5626e-10
0.649733 0.732364 6.62492e-10
0.634316 0.745993 6.56279e-10
0.619444 0.759045 6.3786e-10
0.605689 0.771019 6.07942e-10
0.593578 0.781455 5.67675e-10
0.583577 0.789951 5.18607e-10
0.576071 0.796182 4.62623e-10
0.571348 0.799907 4.01875e-10
0.569589 0.800983 3.38696e-10
0.570862 0.79937 2.75516e-10
0.575119 0.795129 2.14761e-10
0.582195 0.788423 1.58766e-10
0.591818 0.77951 1.09684e-10
0.603619 0.768732 6.94003e-11
0.617145 0.756504 3.94633e-11
0.631875 0.743295 2.10227e-11
0.647243 0.729613 1.47878e-11
0.66266 0.715984 2.09982e-11
0.677532 0.702932 3.94146e-11
0.691288 0.690957 6.93305e-11
0.703399 0.680521 1.09595e-10
0.7134 0.672024 1.58661e-10
0.720907 0.665793 2.14644e-10
0.725631 0.662068 2.75392e-10
0.72739 0.66099 3.3857e-10
0.726118 0.662603 4.01751e-10
0.721862 0.666844 4.62506e-10
0.714787 0.673549 5.18502e-10
0.705164 0.682462 5.67586e-10
0.693363 0.693239 6.07872e-10
0.679838 0.705467 6.37811e-10
0.665108 0.718676 6.56254e-10
0.649739 0.732358 6.62492e-10
0.634323 0.745987 6.56285e-10
0.619451 0.759039 6.3787e-10
0.605695 0.771014 6.07957e-10
0.593583 0.781451 5.67695e-10
0.583581 0.789948 5.1863e-10
0.576074 0.796179 4.62649e-10
0.57135 0.799906 4.01902e-10
0.569589 0.800983 3.38724e-10
0.570861 0.799371 2.75543e-10
0.575116 0.795131 2.14787e-10
0.582191 0.788426 1.5879e-10
0.591813 0.779514 1.09704e-10
0.603614 0.768737 6.9416e-11
0.617139 0.756509 3.94738e-11
0.631868 0.743301 2.1028e-11
0.647237 0.729619 1.47879e-11
0.662653 0.71599 2.09928e-11
0.677525 0.702937 3.94041e-11
0.691282 0.690962 6.93147e-11
0.703394 0.680525 1.09575e-10
0.713396 0.672027 1.58638e-10
0.720904 0.665795 2.14618e-10
0.725629 0.662069 2.75364e-10
0.72739 0.66099 3.38542e-10
0.726119 0.662602 4.01723e-10
0.721864 0.666841 4.62481e-10
0.71479 0.673545 5.18479e-10
0.705169 0.682457 5.67566e-10
0.693369 0.693234 6.07856e-10
0.679844 0.705461 6.37801e-10
0.665115 0.71867 6.56249e-10
0.649746 0.732351 6.62492e-10
0.63433 0.745981 6.5629e-10
0.619457 0.759034 6.37881e-10
0.6057 0.771009 6.07973e-10
0.593588 0.781446 5.67715e-10
0.583585 0.789945 5.18654e-10
0.576077 0.796177 4.62675e-10
0.571351 0.799905 4.0193e-10
0.569589 0.800984 3.38752e-10
0.57086 0.799373 2.75571e-10
0.575114 0.795134 2.14813e-10
0.582187 0.78843 1.58813e-10
0.591809 0.779519 1.09724e-10
0.603608 0.768742 6.94317e-11
0.617132 0.756515 3.94847e-11
0.631862 0.743307 2.10335e-11
0.64723 0.729625 1.4788e-11
0.662646 0.715996 2.0987e-11
0.677519 0.702943 3.93932e-11
0.691276 0.690967 6.92993e-11
0.703389 0.680529 1.09555e-10
0.713392 0.672031 1.58615e-10
0.720901 0.665798 2.14592e-10
0.725628 0.66207 2.75336e-10
0.72739 0.66099 3.38513e-10
0.72612 0.6626 4.01695e-10
0.721867 0.666839 4.62454e-10
0.714794 0.673542 5.18456e-10
0.705173 0.682453 5.67546e-10
0.693374 0.693229 6.0784e-10
0.67985 0.705456 6.3779e-10
0.577323 0.793805 2.67584e-10
0.578472 0.792351 2.10724e-10
0.582305 0.788532 1.56048e-10
0.588675 0.782495 1.05659e-10
0.597338 0.774472 6.14922e-11
0.60796 0.764771 2.52448e-11
0.620134 0.753765 -1.68959e-12
0.633392 0.741876 -1.82755e-11
0.647223 0.729563 -2.38775e-11
0.661098 0.717297 -1.8278e-11
0.674482 0.705551 -1.6942e-12
0.686861 0.694775 2.52379e-11
0.697759 0.685384 6.14832e-11
0.706758 0.677739 1.05648e-10
0.713512 0.672133 1.56037e-10
0.717761 0.668782 2.10712e-10
0.719342 0.667814 2.67572e-10
0.718194 0.669268 3.24433e-10
0.714362 0.673086 3.79109e-10
0.707992 0.679123 4.295e-10
0.69933 0.687146 4.73668e-10
0.688708 0.696847 5.09917e-10
0.676534 0.707853 5.36853e-10
0.663277 0.719741 5.53442e-10
0.649445 0.732054 5.59046e-10
0.635571 0.74432 5.5345e-10
0.622187 0.756067 5.36868e-10
0.609807 0.766843 5.09938e-10
0.598909 0.776234 4.73695e-10
0.589909 0.78388 4.29531e-10
0.583155 0.789486 3.79144e-10
0.578905 0.792838 3.2447e-10
0.577323 0.793805 2.6761e-10
0.578471 0.792353 2.10749e-10
0.582302 0.788535 1.56071e-10
0.588672 0.782498 1.0568e-10
0.597333 0.774476 6.15097e-11
0.607955 0.764775 2.5259e-11
0.620129 0.75377 -1.67977e-12
0.633386 0.741882 -1.82707e-11
0.647217 0.729568 -2.38774e-11
0.661092 0.717302 -1.82833e-11
0.674476 0.705556 -1.70391e-12
0.686855 0.694779 2.52241e-11
0.697755 0.685388 6.14654e-11
0.706755 0.677742 1.05627e-10
0.713509 0.672135 1.56013e-10
0.71776 0.668783 2.10687e-10
0.719342 0.667814 2.67547e-10
0.718196 0.669267 3.24408e-10
0.714364 0.673084 3.79085e-10
0.707996 0.67912 4.29478e-10
0.699334 0.687142 4.7365e-10
0.688713 0.696842 5.09903e-10
0.67654 0.707848 5.36844e-10
0.663283 0.719736 5.53437e-10
0.649451 0.732049 5.59046e-10
0.635577 0.744315 5.53454e-10
0.622192 0.756062 5.36877e-10
0.609813 0.766838 5.09952e-10
0.598913 0.77623 4.73712e-10
0.589913 0.783877 4.29552e-10
0.583157 0.789484 3.79167e-10
0.578906 0.792837 3.24494e-10
0.577324 0.793806 2.67635e-10
0.578469 0.792354 2.10773e-10
0.5823 0.788537 1.56095e-10
0.588668 0.782502 1.05701e-10
0.597329 0.77448 6.15276e-11
0.60795 0.76478 2.5273e-11
0.620123 0.753775 -1.67011e-12
0.63338 0.741887 -1.82661e-11
0.647211 0.729574 -2.38771e-11
0.661086 0.717308 -1.82881e-11
0.67447 0.705561 -1.71313e-12
0.68685 0.694784 2.521e-11
0.69775 0.685391 6.14475e-11
0.706751 0.677744 1.05606e-10
0.713507 0.672137 1.5599e-10
0.717758 0.668784 2.10662e-10
0.719342 0.667814 2.67521e-10
0.718197 0.669266 3.24383e-10
0.714367 0.673082 3.79063e-10
0.707999 0.679117 4.29458e-10
0.699339 0.687138 4.73632e-10
0.688718 0.696837 5.09889e-10
0.676545 0.707843 5.36834e-10
0.663289 0.71973 5.53432e-10
0.649457 0.732044 5.59046e-10
0.635583 0.74431 5.5346e-10
0.622198 0.756057 5.36887e-10
0.609818 0.766834 5.09966e-10
0.598918 0.776226 4.7373e-10
0.589916 0.783874 4.29573e-10
0.58316 0.789482 3.79191e-10
0.578908 0.792836 3.24519e-10
0.577324 0.793806 2.6766e-10
0.578468 0.792355 2.10798e-10
0.582298 0.788539 1.56118e-10
0.588665 0.782505 1.05722e-10
0.597325 0.774484 6.15456e-11
0.607945 0.764785 2.5287e-11
0.620117 0.75378 -1.66012e-12
0.633374 0.741892 -1.82611e-11
0.647205 0.729579 -2.38775e-11
0.66108 0.717313 -1.82931e-11
0.674464 0.705566 -1.72307e-12
0.686845 0.694788 2.51958e-11
0.697746 0.685395 6.14295e-11
0.706748 0.677747 1.05585e-10
0.713505 0.672139 1.55967e-10
0.717757 0.668785 2.10637e-10
0.719342 0.667814 2.67496e-10
0.718198 0.669264 3.24358e-10
0.714369 0.67308 3.79039e-10
0.708002 0.679114 4.29436e-10
0.699343 0.687134 4.73614e-10
0.688723 0.696833 5.09874e-10
0.676551 0.707837 5.36824e-10
0.663295 0.719725 5.53427e-10
0.649464 0.732038 5.59046e-10
0.635589 0.744304 5.53465e-10
0.622204 0.756052 5.36897e-10
0.609823 0.766829 5.0998e-10
0.598922 0.776223 4.73748e-10
0.58992 0.783871 4.29594e-10
0.583162 0.78948 3.79214e-10
0.578909 0.792835 3.24544e-10
0.577324 0.793806 2.67685e-10
0.578467 0.792356 2.10823e-10
0.582296 0.788541 1.56142e-10
0.588662 0.782508 1.05743e-10
0.597321 0.774488 6.15636e-11
0.60794 0.764789 2.53009e-11
0.620112 0.753785 -1.65057e-12
0.633368 0.741898 -1.82561e-11
0.587806 0.784229 2.05303e-10
0.588782 0.782992 1.56947e-10
0.592042 0.779744 1.10448e-10
0.59746 0.77461 6.75953e-11
0.604827 0.767787 3.00336e-11
0.613861 0.759537 -7.91978e-13
0.624214 0.750176 -2.36982e-11
0.635489 0.740066 -3.7804e-11
0.647252 0.729594 -4.25679e-11
0.659051 0.719163 -3.78063e-11
0.670433 0.709173 -2.37023e-11
0.680961 0.700009 -7.98472e-13
0.690229 0.692023 3.00261e-11
0.697882 0.685521 6.75865e-11
0.703626 0.680753 1.10439e-10
0.70724 0.677903 1.56936e-10
0.708584 0.677081 2.05293e-10
0.707608 0.678317 2.53649e-10
0.704349 0.681564 3.00148e-10
0.698932 0.686698 3.43002e-10
0.691565 0.693521 3.80565e-10
0.682532 0.701771 4.11392e-10
0.672179 0.711131 4.343e-10
0.660904 0.721241 4.48408e-10
0.649141 0.731713 4.53174e-10
0.637342 0.742144 4.48415e-10
0.62596 0.752134 4.34313e-10
0.615432 0.761299 4.1141e-10
0.606163 0.769285 3.80588e-10
0.598509 0.775788 3.43029e-10
0.592765 0.780555 3.00178e-10
0.589151 0.783406 2.53681e-10
0.587806 0.784229 2.05325e-10
0.588781 0.782993 1.56967e-10
0.59204 0.779746 1.10468e-10
0.597457 0.774613 6.76129e-11
0.604823 0.76779 3.00487e-11
0.613856 0.75954 -7.80265e-13
0.624209 0.750181 -2.36902e-11
0.635484 0.740071 -3.77997e-11
0.647247 0.729599 -4.25679e-11
0.659046 0.719167 -3.78105e-11
0.670428 0.709177 -2.37105e-11
0.680956 0.700013 -8.10074e-13
0.690225 0.692026 3.0011e-11
0.697879 0.685523 6.75687e-11
0.703624 0.680755 1.10419e-10
0.707239 0.677904 1.56915e-10
0.708584 0.677081 2.05271e-10
0.707609 0.678316 2.53628e-10
0.704351 0.681562 3.00128e-10
0.698935 0.686695 3.42984e-10
0.691569 0.693518 3.8055e-10
0.682536 0.701767 4.1138e-10
0.672184 0.711127 4.34292e-10
0.660909 0.721237 4.48404e-10
0.649146 0.731709 4.53174e-10
0.637347 0.74214 4.48419e-10
0.625964 0.75213 4.34321e-10
0.615436 0.761295 4.11422e-10
0.606167 0.769282 3.80603e-10
0.598512 0.775785 3.43047e-10
0.592767 0.780554 3.00198e-10
0.589152 0.783405 2.53702e-10
0.587806 0.784229 2.05346e-10
0.588781 0.782994 1.56989e-10
0.592038 0.779748 1.10488e-10
0.597454 0.774615 6.76309e-11
0.60482 0.767793 3.0064e-11
0.613852 0.759544 -7.68052e-13
0.624204 0.750185 -2.36817e-11
0.635478 0.740075 -3.77958e-11
0.647241 0.729603 -4.25678e-11
0.659041 0.719172 -3.78145e-11
0.670423 0.709182 -2.37186e-11
0.680952 0.700017 -8.21843e-13
0.690222 0.692029 2.99954e-11
0.697876 0.685526 6.75506e-11
0.703622 0.680757 1.10399e-10
0.707238 0.677905 1.56894e-10
0.708584 0.677081 2.0525e-10
0.70761 0.678315 2.53607e-10
0.704353 0.681561 3.00108e-10
0.698938 0.686693 3.42966e-10
0.691573 0.693514 3.80535e-10
0.68254 0.701763 4.11368e-10
0.672188 0.711122 4.34284e-10
0.660914 0.721232 4.484e-10
0.649152 0.731704 4.53174e-10
0.637352 0.742135 4.48423e-10
0.625969 0.752126 4.34329e-10
0.615441 0.761291 4.11434e-10
0.60617 0.769279 3.80618e-10
0.598515 0.775783 3.43065e-10
0.592769 0.780552 3.00218e-10
0.589153 0.783404 2.53723e-10
0.587806 0.784229 2.05368e-10
0.58878 0.782995 1.5701e-10
0.592036 0.77975 1.10508e-10
0.597451 0.774618 6.76488e-11
0.604816 0.767797 3.00792e-11
0.613848 0.759548 -7.56506e-13
0.624199 0.750189 -2.36735e-11
0.635473 0.74008 -3.77915e-11
0.647236 0.729608 -4.25681e-11
0.659036 0.719176 -3.78189e-11
0.670419 0.709186 -2.3727e-11
0.680948 0.700021 -8.33944e-13
0.690218 0.692032 2.99806e-11
0.697873 0.685528 6.75329e-11
0.70362 0.680758 1.10379e-10
0.707236 0.677906 1.56873e-10
0.708584 0.677081 2.05228e-10
0.707611 0.678314 2.53586e-10
0.704355 0.681559 3.00089e-10
0.698941 0.68669 3.42949e-10
0.600634 0.772621 1.54189e-10
0.601401 0.77165 1.16195e-10
0.603962 0.769098 7.96609e-11
0.608219 0.765064 4.59904e-11
0.614007 0.759702 1.64783e-11
0.621105 0.75322 -7.74192e-12
0.62924 0.745866 -2.57395e-11
0.638099 0.737922 -3.68228e-11
0.647341 0.729694 -4.05656e-11
0.656612 0.721498 -3.68243e-11
0.665555 0.713649 -2.57425e-11
0.673827 0.706449 -7.74669e-12
0.681109 0.700174 1.64727e-11
0.687122 0.695065 4.59835e-11
0.691635 0.691319 7.96532e-11
0.694474 0.68908 1.16187e-10
0.695531 0.688434 1.54181e-10
0.694764 0.689405 1.92175e-10
0.692203 0.691957 2.2871e-10
0.687947 0.69599 2.62381e-10
0.682159 0.701351 2.91895e-10
0.675061 0.707833 3.16116e-10
0.666926 0.715187 3.34115e-10
0.658068 0.723131 3.452e-10
0.648826 0.731359 3.48944e-10
0.639555 0.739555 3.45205e-10
0.630611 0.747404 3.34125e-10
0.62234 0.754605 3.1613e-10
0.615057 0.76088 2.91912e-10
0.609044 0.765989 2.62402e-10
0.60453 0.769735 2.28733e-10
0.601691 0.771974 1.922e-10
0.600634 0.772621 1.54206e-10
0.6014 0.77165 1.16212e-10
0.603961 0.769099 7.96764e-11
0.608217 0.765066 4.60046e-11
0.614004 0.759705 1.64903e-11
0.621102 0.753223 -7.73259e-12
0.629236 0.745869 -2.57331e-11
0.638095 0.737926 -3.68197e-11
0.647337 0.729698 -4.05657e-11
0.656608 0.721502 -3.68274e-11
0.665551 0.713653 -2.57492e-11
0.673823 0.706452 -7.75596e-12
0.681106 0.700176 1.64604e-11
0.68712 0.695067 4.59698e-11
0.691633 0.691321 7.96376e-11
0.694473 0.689081 1.1617e-10
0.695531 0.688434 1.54164e-10
0.694765 0.689404 1.92159e-10
0.692205 0.691955 2.28694e-10
0.687949 0.695988 2.62367e-10
0.682161 0.701349 2.91883e-10
0.675064 0.70783 3.16107e-10
0.66693 0.715184 3.34109e-10
0.658072 0.723128 3.45196e-10
0.64883 0.731355 3.48944e-10
0.639559 0.739552 3.45208e-10
0.630615 0.747401 3.34131e-10
0.622343 0.754602 3.16139e-10
0.61506 0.760877 2.91924e-10
0.609046 0.765987 2.62416e-10
0.604532 0.769734 2.28749e-10
0.601692 0.771974 1.92217e-10
0.600634 0.772621 1.54223e-10
0.6014 0.771651 1.16228e-10
0.603959 0.769101 7.9692e-11
0.608214 0.765068 4.60188e-11
0.614002 0.759708 1.6502e-11
0.621098 0.753226 -7.72332e-12
0.629232 0.745873 -2.57266e-11
0.638091 0.737929 -3.68162e-11
0.647333 0.729701 -4.05657e-11
0.656604 0.721505 -3.68309e-11
0.665547 0.713656 -2.57556e-11
0.67382 0.706455 -7.7654e-12
0.681103 0.700179 1.64483e-11
0.687117 0.695069 4.59554e-11
0.691632 0.691322 7.96217e-11
0.694472 0.689082 1.16153e-10
0.695531 0.688434 1.54147e-10
0.694765 0.689403 1.92142e-10
0.692206 0.691954 2.28679e-10
0.687951 0.695986 2.62353e-10
0.682164 0.701346 2.91871e-10
0.675068 0.707827 3.16097e-10
0.666934 0.715181 3.34102e-10
0.658076 0.723124 3.45193e-10
0.648834 0.731352 3.48944e-10
0.639563 0.739548 3.45211e-10
0.630619 0.747397 3.34138e-10
0.615314 0.759429 1.16207e-10
0.615842 0.758759 9.00355e-11
0.617607 0.757002 6.48692e-11
0.620539 0.754223 4.16756e-11
0.624526 0.75053 2.13465e-11
0.629416 0.746064 4.6626e-12
0.635019 0.740999 -7.73454e-12
0.641121 0.735527 -1.53694e-11
0.647488 0.729859 -1.79472e-11
0.653874 0.724213 -1.53705e-11
0.660034 0.718806 -7.7367e-12
0.665732 0.713847 4.65966e-12
0.670748 0.709524 2.13424e-11
0.67489 0.706005 4.16712e-11
0.677999 0.703425 6.48639e-11
0.679955 0.701882 9.00298e-11
0.680683 0.701437 1.16201e-10
0.680154 0.702106 1.42374e-10
0.67839 0.703864 1.6754e-10
0.675459 0.706642 1.90734e-10
0.671471 0.710335 2.11064e-10
0.666582 0.7148 2.27749e-10
0.660979 0.719866 2.40147e-10
0.654877 0.725338 2.47782e-10
0.64851 0.731006 2.50362e-10
0.642124 0.736651 2.47786e-10
0.635964 0.742058 2.40154e-10
0.630266 0.747018 2.27758e-10
0.625249 0.751341 2.11076e-10
0.621107 0.75486 1.90748e-10
0.617998 0.757441 1.67556e-10
0.616042 0.758983 1.42391e-10
0.615314 0.759429 1.16219e-10
0.615842 0.75876 9.00467e-11
0.617606 0.757003 6.48798e-11
0.620537 0.754224 4.16854e-11
0.624524 0.750532 2.13549e-11
0.629413 0.746067 4.66915e-12
0.635016 0.741001 -7.73048e-12
0.641118 0.735529 -1.5367e-11
0.647485 0.729861 -1.79472e-11
0.653871 0.724216 -1.53726e-11
0.660032 0.718809 -7.74131e-12
0.66573 0.713849 4.65322e-12
0.670746 0.709526 2.13345e-11
0.674889 0.706006 4.16614e-11
0.677998 0.703426 6.4853e-11
0.679954 0.701883 9.00184e-11
0.680683 0.701437 1.1619e-10
0.680155 0.702106 1.42362e-10
0.678391 0.703863 1.67529e-10
0.67546 0.706641 1.90725e-10
0.671473 0.710333 2.11056e-10
0.666585 0.714798 2.27742e-10
0.660982 0.719864 2.40143e-10
0.65488 0.725336 2.4778e-10
0.648513 0.731003 2.50362e-10
0.642127 0.736649 2.47789e-10
0.635966 0.742056 2.40158e-10
0.630268 0.747016 2.27765e-10
0.625251 0.751339 2.11084e-10
0.621109 0.754859 1.90758e-10
0.617999 0.75744 1.67567e-10
0.631282 0.745158 9.28169e-11
0.631552 0.744817 7.9473e-11
0.632451 0.743921 6.66417e-11
0.633946 0.742504 5.4817e-11
0.635979 0.740621 4.44514e-11
0.638472 0.738344 3.59457e-11
0.641329 0.735762 2.96245e-11
0.64444 0.732972 2.57323e-11
0.647686 0.730082 2.44175e-11
0.650942 0.727203 2.57314e-11
0.654083 0.724447 2.96236e-11
0.656988 0.721918 3.5944e-11
0.659546 0.719714 4.44497e-11
0.661658 0.71792 5.48145e-11
0.663243 0.716604 6.66391e-11
0.66424 0.715818 7.947e-11
0.664611 0.715591 9.28139e-11
0.664342 0.715932 1.06158e-10
0.663442 0.716828 1.18989e-10
0.661947 0.718245 1.30814e-10
0.659914 0.720128 1.4118e-10
0.657422 0.722404 1.49687e-10
0.654565 0.724987 1.56008e-10
0.651454 0.727777 1.59901e-10
0.648208 0.730667 1.61216e-10
0.644952 0.733545 1.59903e-10
0.641811 0.736302 1.56011e-10
0.638906 0.738831 1.49691e-10
0.636348 0.741035 1.41186e-10
0.634236 0.742829 1.30822e-10
0.632651 0.744145 1.18997e-10
0.631654 0.744931 1.06167e-10
0.647925 0.730358 8.49167e-11
