-0.764607 -0.341775 -2.63696e-11
-0.722617 -0.435463 -2.54475e-11
-0.723059 -0.4335 -2.50925e-11
-0.725094 -0.42801 -2.47513e-11
-0.728643 -0.419205 -2.44368e-11
-0.733572 -0.407423 -2.41613e-11
-0.739689 -0.393116 -2.3935e-11
-0.74676 -0.376835 -2.37673e-11
-0.754513 -0.359205 -2.36631e-11
-0.762651 -0.340904 -2.36285e-11
-0.77086 -0.322634 -2.36632e-11
-0.778826 -0.305099 -2.37668e-11
-0.786241 -0.288971 -2.39347e-11
-0.792821 -0.274871 -2.4161e-11
-0.798314 -0.26334 -2.44369e-11
-0.802508 -0.254822 -2.47511e-11
-0.805241 -0.249644 -2.50923e-11
-0.80641 -0.248005 -2.5447e-11
-0.805969 -0.249967 -2.58019e-11
-0.803934 -0.255456 -2.61431e-11
-0.800385 -0.26426 -2.64576e-11
-0.795457 -0.276042 -2.67336e-11
-0.78934 -0.290348 -2.69597e-11
-0.782269 -0.306629 -2.71279e-11
-0.774516 -0.324259 -2.72312e-11
-0.766378 -0.34256 -2.72664e-11
-0.758169 -0.360829 -2.72311e-11
-0.750203 -0.378365 -2.71279e-11
-0.742788 -0.394493 -2.69598e-11
-0.736207 -0.408594 -2.67337e-11
-0.730714 -0.420125 -2.64582e-11
-0.72652 -0.428644 -2.61436e-11
-0.723786 -0.433823 -2.58022e-11
-0.682055 -0.525467 -2.27171e-11
-0.682922 -0.521616 -2.2021e-11
-0.686913 -0.510848 -2.13515e-11
-0.693876 -0.493576 -2.07346e-11
-0.703543 -0.470464 -2.01941e-11
-0.715543 -0.442401 -1.97499e-11
-0.729413 -0.410464 -1.94209e-11
-0.744622 -0.375882 -1.92178e-11
-0.760585 -0.339982 -1.91488e-11
-0.776688 -0.304146 -1.92173e-11
-0.792312 -0.269748 -1.94204e-11
-0.806858 -0.238113 -1.97498e-11
-0.819766 -0.210455 -2.0194e-11
-0.83054 -0.187836 -2.07344e-11
-0.838767 -0.171127 -2.13511e-11
-0.844129 -0.16097 -2.20206e-11
-0.846421 -0.157754 -2.27167e-11
-0.845555 -0.161604 -2.34125e-11
-0.841564 -0.172371 -2.40816e-11
-0.834602 -0.189641 -2.46988e-11
-0.824936 -0.212752 -2.52394e-11
-0.812937 -0.240814 -2.56831e-11
-0.799067 -0.27275 -2.60131e-11
-0.783858 -0.307332 -2.62161e-11
-0.767895 -0.343231 -2.62848e-11
-0.751792 -0.379068 -2.62162e-11
-0.736167 -0.413466 -2.60132e-11
-0.721621 -0.445102 -2.56839e-11
-0.708713 -0.472761 -2.52398e-11
-0.697938 -0.495381 -2.46996e-11
-0.689711 -0.512091 -2.40823e-11
-0.684348 -0.52225 -2.3413e-11
-0.682056 -0.525467 -2.27169e-11
-0.682921 -0.521619 -2.20211e-11
-0.686911 -0.510854 -2.13515e-11
-0.693873 -0.493585 -2.0735e-11
-0.703538 -0.470475 -2.01941e-11
-0.715537 -0.442414 -1.97503e-11
-0.729407 -0.410479 -1.94206e-11
-0.744615 -0.375897 -1.92178e-11
-0.760577 -0.339998 -1.9149e-11
-0.776681 -0.304161 -1.92174e-11
-0.792306 -0.269763 -1.94204e-11
-0.806852 -0.238126 -1.975e-11
-0.819761 -0.210466 -2.01935e-11
-0.830536 -0.187845 -2.0734e-11
-0.838764 -0.171133 -2.13507e-11
-0.844127 -0.160973 -2.202e-11
-0.846421 -0.157754 -2.27164e-11
-0.845556 -0.1616 -2.34123e-11
-0.841567 -0.172364 -2.40813e-11
-0.834606 -0.189632 -2.46985e-11
-0.82494 -0.21274 -2.52395e-11
-0.812943 -0.240801 -2.5683e-11
-0.799073 -0.272735 -2.60126e-11
-0.783865 -0.307316 -2.62161e-11
-0.767903 -0.343215 -2.62848e-11
-0.751799 -0.379053 -2.62161e-11
-0.736174 -0.413451 -2.60135e-11
-0.721627 -0.445089 -2.56839e-11
-0.708718 -0.47275 -2.52401e-11
-0.697942 -0.495372 -2.46994e-11
-0.689714 -0.512085 -2.40825e-11
-0.64448 -0.608329 -1.82824e-11
-0.645738 -0.602738 -1.72723e-11
-0.651533 -0.587105 -1.63006e-11
-0.661641 -0.56203 -1.54047e-11
-0.675676 -0.528477 -1.46201e-11
-0.693096 -0.487735 -1.39758e-11
-0.713233 -0.441371 -1.34968e-11
-0.735313 -0.391165 -1.32023e-11
-0.758487 -0.339047 -1.31026e-11
-0.781865 -0.28702 -1.32023e-11
-0.804548 -0.237083 -1.3497e-11
-0.825666 -0.191155 -1.39757e-11
-0.844405 -0.151001 -1.46198e-11
-0.860047 -0.118165 -1.54044e-11
-0.871989 -0.0939072 -1.62998e-11
-0.879774 -0.0791608 -1.72715e-11
-0.883102 -0.0744922 -1.8282e-11
-0.881845 -0.0800809 -1.92924e-11
-0.876051 -0.0957121 -2.02643e-11
-0.865943 -0.120785 -2.11597e-11
-0.85191 -0.154336 -2.19451e-11
-0.83449 -0.195077 -2.25891e-11
-0.814354 -0.24144 -2.30678e-11
-0.792275 -0.291646 -2.33629e-11
-0.7691 -0.343763 -2.34624e-11
-0.745722 -0.395791 -2.3363e-11
-0.723039 -0.445728 -2.30681e-11
-0.701921 -0.491657 -2.25894e-11
-0.683181 -0.531812 -2.19454e-11
-0.667538 -0.564651 -2.11602e-11
-0.655595 -0.58891 -2.02655e-11
-0.647809 -0.603659 -1.92934e-11
-0.64448 -0.60833 -1.82832e-11
-0.645736 -0.602743 -1.72724e-11
-0.651529 -0.587114 -1.63007e-11
-0.661636 -0.562043 -1.54051e-11
-0.675669 -0.528494 -1.46201e-11
-0.693087 -0.487755 -1.3976e-11
-0.713223 -0.441392 -1.34973e-11
-0.735303 -0.391188 -1.32024e-11
-0.758476 -0.33907 -1.31026e-11
-0.781855 -0.287042 -1.32022e-11
-0.804539 -0.237104 -1.34968e-11
-0.825657 -0.191174 -1.39754e-11
-0.844397 -0.151018 -1.46194e-11
-0.860041 -0.118177 -1.54046e-11
-0.871985 -0.0939159 -1.62995e-11
-0.879772 -0.0791651 -1.72712e-11
-0.883102 -0.074492 -1.82819e-11
-0.881846 -0.0800762 -1.92922e-11
-0.876055 -0.095703 -2.02638e-11
-0.865949 -0.120772 -2.11596e-11
-0.851917 -0.15432 -2.19446e-11
-0.834499 -0.195057 -2.25889e-11
-0.814363 -0.241419 -2.30677e-11
-0.792285 -0.291623 -2.33628e-11
-0.769111 -0.34374 -2.34622e-11
-0.745733 -0.395768 -2.33633e-11
-0.723048 -0.445707 -2.30683e-11
-0.70193 -0.491638 -2.25898e-11
-0.683188 -0.531796 -2.19457e-11
-0.667544 -0.564638 -2.1161e-11
-0.655599 -0.588901 -2.02656e-11
-0.647811 -0.603654 -1.92938e-11
-0.644481 -0.60833 -1.82839e-11
-0.645735 -0.602748 -1.7273e-11
-0.651526 -0.587123 -1.63015e-11
-0.661631 -0.562056 -1.54055e-11
-0.675662 -0.52851 -1.46202e-11
-0.693079 -0.487774 -1.39762e-11
-0.713214 -0.441414 -1.34973e-11
-0.735292 -0.39121 -1.32026e-11
-0.758466 -0.339093 -1.31027e-11
-0.781844 -0.287065 -1.32022e-11
-0.804529 -0.237125 -1.34965e-11
-0.825648 -0.191193 -1.39751e-11
-0.84439 -0.151034 -1.4619e-11
-0.860035 -0.11819 -1.54039e-11
-0.871981 -0.0939246 -1.62991e-11
-0.879769 -0.0791694 -1.72708e-11
-0.883101 -0.0744918 -1.82812e-11
-0.881848 -0.0800715 -1.92917e-11
-0.876058 -0.095694 -2.02633e-11
-0.865954 -0.120759 -2.11591e-11
-0.851924 -0.154303 -2.19442e-11
-0.834507 -0.195038 -2.25885e-11
-0.814373 -0.241397 -2.30673e-11
-0.792295 -0.2916 -2.33626e-11
-0.769121 -0.343717 -2.34625e-11
-0.745743 -0.395745 -2.3363e-11
-0.723058 -0.445686 -2.30685e-11
-0.611335 -0.680865 -1.23151e-11
-0.612936 -0.673749 -1.1029e-11
-0.620311 -0.653852 -9.79228e-12
-0.633177 -0.621937 -8.65247e-12
-0.651039 -0.579232 -7.65316e-12
-0.673211 -0.527378 -6.83331e-12
-0.698841 -0.468367 -6.22458e-12
-0.726943 -0.404467 -5.8491e-12
-0.756438 -0.338133 -5.72242e-12
-0.786193 -0.271915 -5.84904e-12
-0.815063 -0.208357 -6.22447e-12
-0.841941 -0.149902 -6.83315e-12
-0.865792 -0.0987962 -7.65288e-12
-0.8857 -0.0570031 -8.65202e-12
-0.9009 -0.026129 -9.79167e-12
-0.910808 -0.0073604 -1.10287e-11
-0.915044 -0.00141843 -1.23146e-11
-0.913443 -0.00853149 -1.36007e-11
-0.906069 -0.0284262 -1.48375e-11
-0.893205 -0.0603381 -1.5977e-11
-0.875344 -0.103041 -1.6976e-11
-0.853173 -0.154893 -1.77964e-11
-0.827544 -0.213903 -1.84052e-11
-0.799442 -0.277803 -1.8781e-11
-0.769947 -0.344136 -1.89077e-11
-0.740192 -0.410354 -1.87811e-11
-0.711321 -0.473913 -1.84057e-11
-0.684443 -0.532369 -1.77965e-11
-0.660592 -0.583477 -1.6977e-11
-0.640683 -0.625272 -1.59779e-11
-0.625481 -0.656149 -1.48382e-11
-0.615572 -0.674921 -1.36017e-11
-0.611335 -0.680865 -1.23157e-11
-0.612934 -0.673755 -1.10298e-11
-0.620307 -0.653863 -9.79261e-12
-0.63317 -0.621954 -8.65308e-12
-0.65103 -0.579253 -7.65377e-12
-0.6732 -0.527403 -6.83381e-12
-0.698829 -0.468394 -6.22474e-12
-0.72693 -0.404496 -5.84915e-12
-0.756425 -0.338162 -5.72242e-12
-0.78618 -0.271944 -5.84877e-12
-0.815051 -0.208384 -6.22435e-12
-0.841929 -0.149927 -6.83287e-12
-0.865782 -0.0988168 -7.65255e-12
-0.885692 -0.0570193 -8.65136e-12
-0.900894 -0.0261401 -9.79122e-12
-0.910805 -0.00736589 -1.10277e-11
-0.915043 -0.00141817 -1.23144e-11
-0.913445 -0.00852549 -1.36002e-11
-0.906074 -0.0284147 -1.4837e-11
-0.893211 -0.0603215 -1.59767e-11
-0.875352 -0.10302 -1.69759e-11
-0.853183 -0.154869 -1.77957e-11
-0.827556 -0.213876 -1.84054e-11
-0.799455 -0.277774 -1.87806e-11
-0.76996 -0.344106 -1.89077e-11
-0.740205 -0.410325 -1.8781e-11
-0.711334 -0.473886 -1.84061e-11
-0.684455 -0.532345 -1.77972e-11
-0.660601 -0.583457 -1.69774e-11
-0.64069 -0.625256 -1.59785e-11
-0.625487 -0.656138 -1.4839e-11
-0.615575 -0.674915 -1.36027e-11
-0.611336 -0.680866 -1.23164e-11
-0.612932 -0.673761 -1.103e-11
-0.620302 -0.653875 -9.79322e-12
-0.633164 -0.62197 -8.65347e-12
-0.651021 -0.579274 -7.65427e-12
-0.67319 -0.527427 -6.83426e-12
-0.698817 -0.468422 -6.2248e-12
-0.726917 -0.404525 -5.84932e-12
-0.756412 -0.338192 -5.72248e-12
-0.786167 -0.271973 -5.84865e-12
-0.815039 -0.208412 -6.22397e-12
-0.841918 -0.149951 -6.83253e-12
-0.865772 -0.0988375 -7.65216e-12
-0.885684 -0.0570354 -8.65114e-12
-0.900889 -0.0261511 -9.79067e-12
-0.910802 -0.00737139 -1.10272e-11
-0.915042 -0.00141792 -1.23138e-11
-0.913447 -0.00851948 -1.35997e-11
-0.906078 -0.0284032 -1.48362e-11
-0.893218 -0.0603049 -1.59763e-11
-0.875361 -0.102999 -1.69752e-11
-0.853194 -0.154844 -1.77958e-11
-0.827568 -0.213849 -1.84051e-11
-0.799467 -0.277745 -1.87804e-11
-0.769973 -0.344077 -1.89075e-11
-0.740218 -0.410297 -1.87813e-11
-0.711346 -0.473859 -1.84062e-11
-0.684466 -0.532321 -1.77978e-11
-0.660611 -0.583436 -1.69777e-11
-0.640698 -0.62524 -1.59788e-11
-0.625492 -0.656127 -1.48392e-11
-0.615578 -0.67491 -1.36028e-11
-0.611336 -0.680866 -1.23166e-11
-0.61293 -0.673767 -1.10306e-11
-0.620298 -0.653886 -9.79378e-12
-0.633157 -0.621987 -8.65397e-12
-0.651013 -0.579295 -7.65454e-12
-0.673179 -0.527452 -6.83442e-12
-0.698805 -0.468449 -6.22502e-12
-0.726905 -0.404554 -5.84954e-12
-0.756399 -0.338221 -5.72253e-12
-0.786154 -0.272002 -5.8486e-12
-0.815026 -0.208439 -6.22374e-12
-0.841907 -0.149975 -6.83237e-12
-0.865762 -0.0988582 -7.65166e-12
-0.885676 -0.0570516 -8.6508e-12
-0.900883 -0.0261622 -9.79e-12
-0.910799 -0.00737689 -1.10265e-11
-0.915042 -0.00141766 -1.23129e-11
-0.913449 -0.00851348 -1.3599e-11
-0.906083 -0.0283917 -1.48356e-11
-0.893225 -0.0602883 -1.59759e-11
-0.583893 -0.740287 -5.04341e-12
-0.585776 -0.73192 -3.53112e-12
-0.594449 -0.708523 -2.07701e-12
-0.609578 -0.670995 -7.36855e-13
-0.630581 -0.620779 4.37594e-13
-0.656653 -0.559805 1.40182e-12
-0.68679 -0.490415 2.11819e-12
-0.719835 -0.415276 2.55951e-12
-0.754518 -0.337276 2.70833e-12
-0.789505 -0.259412 2.55973e-12
-0.823454 -0.184676 2.11825e-12
-0.855058 -0.11594 1.40227e-12
-0.883104 -0.0558452 4.38372e-13
-0.906513 -0.00670166 -7.36411e-13
-0.924387 0.0296025 -2.07645e-12
-0.936038 0.0516721 -3.53079e-12
-0.941018 0.0586591 -5.04286e-12
-0.939137 0.050295 -6.55542e-12
-0.930465 0.0269013 -8.00954e-12
-0.915338 -0.0106232 -9.34952e-12
-0.894336 -0.0608364 -1.05245e-11
-0.868265 -0.121809 -1.14891e-11
-0.838129 -0.191197 -1.22052e-11
-0.805085 -0.266335 -1.26467e-11
-0.770402 -0.344335 -1.27955e-11
-0.735414 -0.422199 -1.26466e-11
-0.701465 -0.496937 -1.22057e-11
-0.66986 -0.565674 -1.14895e-11
-0.641814 -0.625771 -1.05254e-11
-0.618403 -0.674917 -9.35058e-12
-0.600528 -0.711224 -8.01087e-12
-0.588876 -0.733297 -6.55664e-12
-0.583894 -0.740287 -5.04441e-12
-0.585774 -0.731927 -3.5319e-12
-0.594444 -0.708536 -2.07756e-12
-0.60957 -0.671015 -7.3741e-13
-0.630571 -0.620804 4.37372e-13
-0.65664 -0.559834 1.40149e-12
-0.686776 -0.490447 2.11808e-12
-0.71982 -0.41531 2.55923e-12
-0.754502 -0.337311 2.70822e-12
-0.78949 -0.259446 2.56006e-12
-0.823439 -0.184708 2.11864e-12
-0.855045 -0.115968 1.40249e-12
-0.883092 -0.0558695 4.38816e-13
-0.906504 -0.00672066 -7.35856e-13
-0.92438 0.0295895 -2.07573e-12
-0.936034 0.0516656 -3.53007e-12
-0.941017 0.0586594 -5.04213e-12
-0.939139 0.0503021 -6.55453e-12
-0.930471 0.0269148 -8.00882e-12
-0.915346 -0.0106037 -9.34913e-12
-0.894346 -0.0608117 -1.05241e-11
-0.868278 -0.12178 -1.14885e-11
-0.838143 -0.191165 -1.22049e-11
-0.8051 -0.266301 -1.26463e-11
-0.770418 -0.3443 -1.27955e-11
-0.735429 -0.422165 -1.26469e-11
-0.70148 -0.496905 -1.22059e-11
-0.669874 -0.565646 -1.149e-11
-0.641825 -0.625746 -1.0526e-11
-0.618412 -0.674898 -9.35124e-12
-0.600535 -0.711211 -8.01098e-12
-0.58888 -0.733291 -6.55737e-12
-0.583895 -0.740288 -5.04469e-12
-0.585772 -0.731934 -3.53256e-12
-0.594438 -0.70855 -2.07856e-12
-0.609562 -0.671034 -7.3791e-13
-0.63056 -0.620829 4.36873e-13
-0.656628 -0.559863 1.40132e-12
-0.686762 -0.490479 2.11775e-12
-0.719805 -0.415344 2.55923e-12
-0.754487 -0.337345 2.70839e-12
-0.789475 -0.25948 2.5599e-12
-0.823425 -0.184739 2.11919e-12
-0.855031 -0.115997 1.40282e-12
-0.883081 -0.0558938 4.3926e-13
-0.906495 -0.00673967 -7.35079e-13
-0.924374 0.0295765 -2.07501e-12
-0.93603 0.0516592 -3.52929e-12
-0.941017 0.0586597 -5.04186e-12
-0.939141 0.0503092 -6.55404e-12
-0.930476 0.0269284 -8.00826e-12
-0.915354 -0.0105842 -9.34836e-12
-0.894357 -0.0607869 -1.05236e-11
-0.86829 -0.121751 -1.14878e-11
-0.838157 -0.191133 -1.22043e-11
-0.805115 -0.266267 -1.26462e-11
-0.770433 -0.344265 -1.27957e-11
-0.735445 -0.422132 -1.26472e-11
-0.701495 -0.496873 -1.22062e-11
-0.669887 -0.565617 -1.14901e-11
-0.641837 -0.625722 -1.05265e-11
-0.618421 -0.674879 -9.35191e-12
-0.600541 -0.711198 -8.01176e-12
-0.588883 -0.733284 -6.55781e-12
-0.583895 -0.740288 -5.04552e-12
-0.585769 -0.731941 -3.53334e-12
-0.594433 -0.708563 -2.07889e-12
-0.609554 -0.671054 -7.3852e-13
-0.63055 -0.620854 4.36484e-13
-0.656615 -0.559892 1.40077e-12
-0.686748 -0.490512 2.11747e-12
-0.71979 -0.415378 2.55934e-12
-0.754471 -0.33738 2.70828e-12
-0.789459 -0.259514 2.56012e-12
-0.82341 -0.184771 2.1193e-12
-0.855018 -0.116026 1.40338e-12
-0.883069 -0.0559181 4.39593e-13
-0.906486 -0.00675868 -7.3469e-13
-0.924367 0.0295635 -2.07445e-12
-0.936027 0.0516527 -3.52873e-12
-0.941016 0.05866 -5.04086e-12
-0.939144 0.0503162 -6.55348e-12
-0.930481 0.0269419 -8.00754e-12
-0.915362 -0.0105647 -9.34836e-12
-0.894367 -0.0607622 -1.05232e-11
-0.868303 -0.121722 -1.14878e-11
-0.838171 -0.191101 -1.22043e-11
-0.80513 -0.266233 -1.26463e-11
-0.770448 -0.344231 -1.27956e-11
-0.73546 -0.422098 -1.26472e-11
-0.701509 -0.496841 -1.22064e-11
-0.6699 -0.565588 -1.14906e-11
-0.641848 -0.625698 -1.05269e-11
-0.618431 -0.67486 -9.35241e-12
-0.600548 -0.711185 -8.01254e-12
-0.588887 -0.733278 -6.55859e-12
-0.583896 -0.740288 -5.04652e-12
-0.585767 -0.731948 -3.53378e-12
-0.594428 -0.708577 -2.07934e-12
-0.609546 -0.671073 -7.39131e-13
-0.630539 -0.620878 4.35763e-13
-0.656603 -0.559921 1.40055e-12
-0.686734 -0.490544 2.11714e-12
-0.719774 -0.415413 2.55906e-12
-0.563211 -0.784312 3.2524e-12
-0.565303 -0.775014 4.93283e-12
-0.574939 -0.749017 6.54865e-12
-0.59175 -0.707318 8.03757e-12
-0.615088 -0.651522 9.34286e-12
-0.644057 -0.58377 1.04144e-11
-0.677543 -0.506668 1.12101e-11
-0.714261 -0.423178 1.17003e-11
-0.752799 -0.336509 1.1866e-11
-0.791675 -0.24999 1.17008e-11
-0.829397 -0.166948 1.12104e-11
-0.864513 -0.0905724 1.04149e-11
-0.895676 -0.0237989 9.34358e-12
-0.921688 0.0308066 8.03807e-12
-0.941548 0.0711457 6.54915e-12
-0.954493 0.0956682 4.93322e-12
-0.960027 0.103432 3.25295e-12
-0.957937 0.0941381 1.57235e-12
-0.948302 0.0681442 -4.32987e-14
-0.931493 0.0264492 -1.53255e-12
-0.908157 -0.0293449 -2.83773e-12
-0.879189 -0.0970938 -3.90882e-12
-0.845703 -0.174194 -4.70507e-12
-0.808986 -0.257683 -5.19557e-12
-0.770449 -0.344352 -5.36132e-12
-0.731572 -0.430871 -5.19568e-12
-0.69385 -0.513915 -4.70585e-12
-0.658732 -0.590292 -3.91004e-12
-0.627569 -0.657068 -2.83901e-12
-0.601556 -0.711676 -1.5335e-12
-0.581694 -0.752019 -4.44089e-14
-0.568747 -0.776545 1.57152e-12
-0.563212 -0.784312 3.25123e-12
-0.5653 -0.775022 4.93205e-12
-0.574934 -0.749032 6.54815e-12
-0.591741 -0.70734 8.03679e-12
-0.615076 -0.651549 9.34225e-12
-0.644043 -0.583803 1.0414e-11
-0.677528 -0.506704 1.12099e-11
-0.714244 -0.423216 1.17001e-11
-0.752781 -0.336547 1.18662e-11
-0.791658 -0.250028 1.17007e-11
-0.82938 -0.166983 1.12109e-11
-0.864499 -0.0906043 1.04151e-11
-0.895664 -0.0238259 9.34391e-12
-0.921677 0.0307855 8.03901e-12
-0.94154 0.0711312 6.54998e-12
-0.954489 0.095661 4.93378e-12
-0.960027 0.103432 3.25362e-12
-0.957939 0.0941459 1.5733e-12
-0.948308 0.0681593 -4.24105e-14
-0.931502 0.0264709 -1.53166e-12
-0.908168 -0.0293174 -2.8374e-12
-0.879203 -0.0970616 -3.90898e-12
-0.845718 -0.174158 -4.70485e-12
-0.809003 -0.257645 -5.19562e-12
-0.770466 -0.344314 -5.36132e-12
-0.731589 -0.430833 -5.19579e-12
-0.693866 -0.513879 -4.70596e-12
-0.658747 -0.59026 -3.91021e-12
-0.627581 -0.657041 -2.83928e-12
-0.601566 -0.711655 -1.53372e-12
-0.581702 -0.752004 -4.53526e-14
-0.568751 -0.776538 1.57069e-12
-0.563212 -0.784312 3.25084e-12
-0.565298 -0.77503 4.93128e-12
-0.574928 -0.749047 6.54726e-12
-0.591732 -0.707362 8.03624e-12
-0.615064 -0.651577 9.34214e-12
-0.644029 -0.583835 1.04135e-11
-0.677512 -0.50674 1.12095e-11
-0.714228 -0.423254 1.17003e-11
-0.752764 -0.336586 1.18658e-11
-0.791641 -0.250066 1.17007e-11
-0.829364 -0.167019 1.12113e-11
-0.864484 -0.0906361 1.04152e-11
-0.895651 -0.0238529 9.34447e-12
-0.921667 0.0307643 8.03935e-12
-0.941533 0.0711168 6.55037e-12
-0.954485 0.0956538 4.9345e-12
-0.960026 0.103432 3.25423e-12
-0.957942 0.0941538 1.57402e-12
-0.948314 0.0681743 -4.16889e-14
-0.931511 0.0264925 -1.53105e-12
-0.90818 -0.0292899 -2.83679e-12
-0.879217 -0.0970293 -3.90821e-12
-0.845734 -0.174123 -4.70468e-12
-0.809019 -0.257607 -5.1954e-12
-0.770483 -0.344275 -5.36121e-12
-0.731606 -0.430795 -5.19612e-12
-0.693882 -0.513844 -4.70635e-12
-0.658762 -0.590228 -3.91098e-12
-0.627594 -0.657014 -2.84006e-12
-0.601576 -0.711634 -1.53466e-12
-0.581709 -0.75199 -4.59632e-14
-0.568755 -0.77653 1.56952e-12
-0.563213 -0.784313 3.24984e-12
-0.565295 -0.775038 4.9305e-12
-0.574922 -0.749062 6.54682e-12
-0.591723 -0.707384 8.03574e-12
-0.615053 -0.651604 9.34147e-12
-0.644015 -0.583867 1.04128e-11
-0.677497 -0.506775 1.12095e-11
-0.714211 -0.423292 1.17003e-11
-0.752747 -0.336624 1.1866e-11
-0.791624 -0.250104 1.17008e-11
-0.829348 -0.167054 1.12111e-11
-0.864469 -0.0906679 1.0416e-11
-0.895638 -0.0238799 9.34502e-12
-0.921657 0.0307432 8.04012e-12
-0.941526 0.0711024 6.55098e-12
-0.954481 0.0956466 4.93561e-12
-0.960025 0.103433 3.25506e-12
-0.957945 0.0941616 1.57463e-12
-0.94832 0.0681894 -4.12448e-14
-0.93152 0.0265142 -1.53044e-12
-0.908192 -0.0292624 -2.83623e-12
-0.87923 -0.0969971 -3.90787e-12
-0.84575 -0.174087 -4.70446e-12
-0.809036 -0.257569 -5.19534e-12
-0.7705 -0.344237 -5.36132e-12
-0.731623 -0.430758 -5.19601e-12
-0.693899 -0.513808 -4.70685e-12
-0.658777 -0.590196 -3.9112e-12
-0.627607 -0.656987 -2.84039e-12
-0.601587 -0.711613 -1.53527e-12
-0.581716 -0.751975 -4.65739e-14
-0.568759 -0.776523 1.56919e-12
-0.563214 -0.784313 3.24923e-12
-0.565293 -0.775046 4.92961e-12
-0.574916 -0.749077 6.54604e-12
-0.591714 -0.707405 8.03541e-12
-0.615041 -0.651631 9.34086e-12
-0.644001 -0.583899 1.04127e-11
-0.677481 -0.506811 1.12091e-11
-0.714194 -0.42333 1.16998e-11
-0.75273 -0.336663 1.18659e-11
-0.791607 -0.250141 1.17008e-11
-0.829332 -0.16709 1.12114e-11
-0.864455 -0.0906998 1.04163e-11
-0.895625 -0.0239069 9.34569e-12
-0.921647 0.0307221 8.04062e-12
-0.941519 0.0710879 6.55193e-12
-0.954477 0.0956394 4.93616e-12
-0.960024 0.103433 3.25584e-12
-0.957947 0.0941694 1.57541e-12
-0.948325 0.0682044 -4.05787e-14
-0.931529 0.0265359 -1.53011e-12
-0.908203 -0.029235 -2.83601e-12
-0.879244 -0.0969649 -3.90737e-12
-0.845765 -0.174051 -4.7039e-12
-0.550082 -0.811247 1.22541e-11
-0.552303 -0.801377 1.4038e-11
-0.562533 -0.773778 1.57531e-11
-0.580378 -0.729511 1.73343e-11
-0.605154 -0.670278 1.87197e-11
-0.635907 -0.598353 1.98574e-11
-0.671457 -0.516502 2.07019e-11
-0.710436 -0.427869 2.12227e-11
-0.751347 -0.335861 2.1398e-11
-0.792619 -0.244013 2.12228e-11
-0.832664 -0.155855 2.07027e-11
-0.869944 -0.0747754 1.98573e-11
-0.903026 -0.00388883 1.87205e-11
-0.93064 0.0540802 1.73347e-11
-0.951723 0.0969041 1.57538e-11
-0.965466 0.122937 1.40384e-11
-0.971341 0.131179 1.22548e-11
-0.969122 0.121313 1.04709e-11
-0.958893 0.0937178 8.75566e-12
-0.941049 0.0494544 7.17437e-12
-0.916275 -0.00977638 5.7887e-12
-0.885523 -0.0816985 4.6515e-12
-0.849974 -0.163548 3.80623e-12
-0.810996 -0.25218 3.28576e-12
-0.770085 -0.344187 3.11029e-12
-0.728813 -0.436035 3.28543e-12
-0.688768 -0.524194 3.80568e-12
-0.651487 -0.605276 4.65111e-12
-0.618404 -0.676165 5.78748e-12
-0.590789 -0.734138 7.17332e-12
-0.569704 -0.776965 8.75416e-12
-0.555959 -0.803002 1.04695e-11
-0.550082 -0.811248 1.22535e-11
-0.5523 -0.801386 1.4037e-11
-0.562526 -0.773794 1.57524e-11
-0.580369 -0.729535 1.73335e-11
-0.605142 -0.670307 1.8719e-11
-0.635893 -0.598387 1.98566e-11
-0.67144 -0.51654 2.07019e-11
-0.710418 -0.427909 2.12223e-11
-0.751329 -0.335902 2.13983e-11
-0.792601 -0.244053 2.12231e-11
-0.832646 -0.155893 2.07028e-11
-0.869928 -0.0748092 1.98579e-11
-0.903013 -0.00391748 1.87211e-11
-0.930629 0.0540578 1.73351e-11
-0.951715 0.0968888 1.57545e-11
-0.965462 0.12293 1.40393e-11
-0.97134 0.131179 1.22556e-11
-0.969124 0.121321 1.04719e-11
-0.9589 0.0937338 8.75605e-12
-0.941059 0.0494774 7.17498e-12
-0.916287 -0.00974722 5.78926e-12
-0.885538 -0.0816643 4.65195e-12
-0.849991 -0.16351 3.8064e-12
-0.811013 -0.252139 3.28582e-12
-0.770103 -0.344146 3.11012e-12
-0.728831 -0.435995 3.28554e-12
-0.688785 -0.524157 3.80534e-12
-0.651503 -0.605242 4.65e-12
-0.618417 -0.676137 5.78715e-12
-0.5908 -0.734115 7.17265e-12
-0.569711 -0.77695 8.75344e-12
-0.555963 -0.802994 1.04685e-11
-0.550083 -0.811248 1.22524e-11
-0.552297 -0.801394 1.40359e-11
-0.56252 -0.77381 1.57517e-11
-0.580359 -0.729558 1.73328e-11
-0.605129 -0.670336 1.87189e-11
-0.635878 -0.598421 1.98561e-11
-0.671424 -0.516577 2.07015e-11
-0.710401 -0.427949 2.12223e-11
-0.751311 -0.335943 2.13984e-11
-0.792582 -0.244093 2.1223e-11
-0.832629 -0.155931 2.07029e-11
-0.869912 -0.074843 1.98583e-11
-0.902999 -0.00394615 1.87216e-11
-0.930618 0.0540354 1.7336e-11
-0.951708 0.0968735 1.57551e-11
-0.965457 0.122922 1.40399e-11
-0.971339 0.13118 1.22561e-11
-0.969127 0.121329 1.04723e-11
-0.958906 0.0937497 8.75672e-12
-0.941068 0.0495004 7.1757e-12
-0.9163 -0.00971805 5.78981e-12
-0.885552 -0.0816301 4.65228e-12
-0.850008 -0.163472 3.80712e-12
-0.811031 -0.252099 3.28609e-12
-0.770121 -0.344105 3.11001e-12
-0.728849 -0.435955 3.28543e-12
-0.688802 -0.524119 3.80507e-12
-0.651518 -0.605209 4.64961e-12
-0.618431 -0.676108 5.78659e-12
-0.59081 -0.734093 7.17199e-12
-0.569719 -0.776934 8.75255e-12
-0.555968 -0.802987 1.04678e-11
-0.550084 -0.811248 1.22518e-11
-0.552294 -0.801402 1.40354e-11
-0.562514 -0.773826 1.57512e-11
-0.58035 -0.729581 1.7332e-11
-0.605117 -0.670365 1.87182e-11
-0.635863 -0.598456 1.98556e-11
-0.671407 -0.516615 2.07014e-11
-0.710383 -0.427989 2.12221e-11
-0.751293 -0.335984 2.13982e-11
-0.792564 -0.244133 2.12234e-11
-0.832612 -0.155968 2.07034e-11
-0.869897 -0.0748768 1.98587e-11
-0.902986 -0.00397481 1.8722e-11
-0.930607 0.054013 1.73364e-11
-0.9517 0.0968582 1.57559e-11
-0.965453 0.122914 1.40406e-11
-0.971339 0.13118 1.2257e-11
-0.96913 0.121338 1.0473e-11
-0.958912 0.0937657 8.75766e-12
-0.941078 0.0495235 7.17632e-12
-0.916312 -0.00968889 5.79031e-12
-0.885567 -0.0815959 4.653e-12
-0.850024 -0.163434 3.80718e-12
-0.811049 -0.252059 3.28632e-12
-0.770139 -0.344065 3.11001e-12
-0.728868 -0.435915 3.28487e-12
-0.688819 -0.524081 3.80462e-12
-0.651534 -0.605175 4.64923e-12
-0.618444 -0.676079 5.78587e-12
-0.590821 -0.73407 7.17171e-12
-0.569727 -0.776919 8.75167e-12
-0.555972 -0.802979 1.04671e-11
-0.550085 -0.811249 1.2251e-11
-0.552292 -0.801411 1.40347e-11
-0.562508 -0.773842 1.57505e-11
-0.58034 -0.729604 1.73315e-11
-0.605105 -0.670394 1.87176e-11
-0.635848 -0.59849 1.98553e-11
-0.67139 -0.516653 2.07008e-11
-0.710365 -0.42803 2.12221e-11
-0.751274 -0.336024 2.13983e-11
-0.792546 -0.244173 2.12233e-11
-0.832595 -0.156006 2.07037e-11
-0.869881 -0.0749106 1.98592e-11
-0.902972 -0.00400348 1.87225e-11
-0.930596 0.0539905 1.73376e-11
-0.951692 0.0968428 1.57567e-11
-0.965449 0.122907 1.40415e-11
-0.971338 0.13118 1.22581e-11
-0.969133 0.121346 1.04742e-11
-0.958918 0.0937817 8.75816e-12
-0.941087 0.0495465 7.17737e-12
-0.916325 -0.00965973 5.79098e-12
-0.885582 -0.0815617 4.65322e-12
-0.850041 -0.163396 3.80729e-12
-0.811067 -0.252019 3.28654e-12
-0.770158 -0.344024 3.11001e-12
-0.728886 -0.435875 3.28515e-12
-0.688837 -0.524044 3.80418e-12
-0.65155 -0.605141 4.64873e-12
-0.618458 -0.676051 5.78537e-12
-0.590832 -0.734048 7.17049e-12
-0.569735 -0.776904 8.75111e-12
-0.555976 -0.802971 1.04666e-11
-0.54501 -0.820059 2.16152e-11
-0.547275 -0.809995 2.34343e-11
-0.557705 -0.781856 2.51831e-11
-0.575901 -0.736721 2.67951e-11
-0.601162 -0.676327 2.82083e-11
-0.632518 -0.602993 2.93677e-11
-0.668764 -0.519538 3.02293e-11
-0.708507 -0.429168 3.07597e-11
-0.75022 -0.335357 3.09387e-11
-0.7923 -0.24171 3.076e-11
-0.833129 -0.151824 3.02293e-11
-0.87114 -0.0691557 2.9368e-11
-0.904871 0.00311995 2.82083e-11
-0.933025 0.0622249 2.67958e-11
-0.954522 0.105888 2.51839e-11
-0.968534 0.132431 2.34351e-11
-0.974524 0.140834 2.16162e-11
-0.972261 0.130775 1.97976e-11
-0.961833 0.102639 1.80487e-11
-0.943639 0.0575085 1.64362e-11
-0.918379 -0.00288297 1.50237e-11
-0.887025 -0.0762144 1.38639e-11
-0.850779 -0.159668 1.30022e-11
-0.811037 -0.250036 1.24714e-11
-0.769324 -0.343847 1.22923e-11
-0.727244 -0.437494 1.2471e-11
-0.686414 -0.527381 1.30016e-11
-0.648403 -0.610052 1.3863e-11
-0.614671 -0.68233 1.50224e-11
-0.586515 -0.741438 1.64352e-11
-0.565017 -0.785105 1.8047e-11
-0.551003 -0.811652 1.97961e-11
-0.545011 -0.820059 2.16146e-11
-0.547272 -0.810004 2.34334e-11
-0.557699 -0.781872 2.51826e-11
-0.575891 -0.736745 2.67945e-11
-0.601149 -0.676356 2.82074e-11
-0.632503 -0.603028 2.93667e-11
-0.668747 -0.519576 3.02288e-11
-0.708489 -0.429209 3.07597e-11
-0.750201 -0.335399 3.09388e-11
-0.792281 -0.24175 3.07601e-11
-0.833112 -0.151863 3.02298e-11
-0.871124 -0.0691901 2.93682e-11
-0.904857 0.00309073 2.8209e-11
-0.933014 0.0622021 2.67966e-11
-0.954514 0.105872 2.51844e-11
-0.96853 0.132423 2.3436e-11
-0.974523 0.140835 2.16167e-11
-0.972264 0.130783 1.97982e-11
-0.961839 0.102655 1.80491e-11
-0.943649 0.0575319 1.64368e-11
-0.918392 -0.00285323 1.50242e-11
-0.88704 -0.0761795 1.38642e-11
-0.850796 -0.159629 1.30026e-11
-0.811055 -0.249995 1.24715e-11
-0.769343 -0.343805 1.22921e-11
-0.727263 -0.437454 1.24707e-11
-0.686432 -0.527343 1.30013e-11
-0.648419 -0.610017 1.38626e-11
-0.614685 -0.682301 1.50221e-11
-0.586526 -0.741415 1.64345e-11
-0.565025 -0.785089 1.80462e-11
-0.551007 -0.811644 1.97953e-11
-0.545012 -0.82006 2.16138e-11
-0.547269 -0.810012 2.34329e-11
-0.557693 -0.781888 2.51816e-11
-0.575881 -0.736768 2.67941e-11
-0.601136 -0.676386 2.8207e-11
-0.632488 -0.603063 2.93665e-11
-0.66873 -0.519615 3.02285e-11
-0.708471 -0.42925 3.07591e-11
-0.750183 -0.33544 3.09387e-11
-0.792263 -0.241791 3.07602e-11
-0.833094 -0.151901 3.023e-11
-0.871108 -0.0692246 2.93688e-11
-0.904843 0.00306151 2.82097e-11
-0.933003 0.0621792 2.67973e-11
-0.954506 0.105857 2.51854e-11
-0.968525 0.132416 2.34368e-11
-0.974522 0.140835 2.16178e-11
-0.972267 0.130792 1.97991e-11
-0.961845 0.102672 1.80497e-11
-0.943658 0.0575554 1.64377e-11
-0.918404 -0.0028235 1.50248e-11
-0.887055 -0.0761446 1.38649e-11
-0.850813 -0.15959 1.3003e-11
-0.811073 -0.249954 1.24719e-11
-0.769361 -0.343763 1.22922e-11
-0.727281 -0.437413 1.24707e-11
-0.686449 -0.527304 1.30009e-11
-0.648435 -0.609983 1.38622e-11
-0.614698 -0.682271 1.50215e-11
-0.586537 -0.741392 1.6434e-11
-0.565033 -0.785073 1.80457e-11
-0.551012 -0.811636 1.97944e-11
-0.545013 -0.82006 2.16131e-11
-0.547266 -0.810021 2.34319e-11
-0.557686 -0.781904 2.51807e-11
-0.575872 -0.736792 2.67931e-11
-0.601124 -0.676416 2.82061e-11
-0.632473 -0.603097 2.93663e-11
-0.668713 -0.519654 3.02282e-11
-0.708453 -0.429291 3.07593e-11
-0.750164 -0.335482 3.09388e-11
-0.792244 -0.241832 3.07605e-11
-0.833077 -0.15194 3.02304e-11
-0.871092 -0.069259 2.93694e-11
-0.904829 0.00303228 2.82102e-11
-0.932992 0.0621563 2.67979e-11
-0.954498 0.105841 2.51862e-11
-0.968521 0.132408 2.34376e-11
-0.974522 0.140835 2.16186e-11
-0.97227 0.1308 1.98002e-11
-0.961852 0.102688 1.80506e-11
-0.943668 0.0575788 1.64384e-11
-0.918417 -0.00279376 1.50253e-11
-0.88707 -0.0761098 1.3865e-11
-0.85083 -0.159552 1.30032e-11
-0.811091 -0.249913 1.24719e-11
-0.76938 -0.343722 1.22924e-11
-0.727299 -0.437372 1.24708e-11
-0.686467 -0.527266 1.30005e-11
-0.648451 -0.609948 1.38616e-11
-0.614712 -0.682242 1.5021e-11
-0.586548 -0.741369 1.64331e-11
-0.565041 -0.785058 1.80449e-11
-0.551016 -0.811628 1.97937e-11
-0.545013 -0.82006 2.16124e-11
-0.547264 -0.810029 2.34313e-11
-0.55768 -0.781921 2.51804e-11
-0.575862 -0.736815 2.67922e-11
-0.601111 -0.676446 2.82057e-11
-0.632458 -0.603132 2.93655e-11
-0.668696 -0.519692 3.0228e-11
-0.708434 -0.429332 3.0759e-11
-0.750145 -0.335524 3.09388e-11
-0.792226 -0.241873 3.07605e-11
-0.833059 -0.151978 3.02309e-11
-0.871076 -0.0692935 2.93696e-11
-0.904816 0.00300305 2.82109e-11
-0.932981 0.0621335 2.67983e-11
-0.95449 0.105825 2.51869e-11
-0.968516 0.1324 2.34383e-11
-0.974521 0.140836 2.16194e-11
-0.972273 0.130809 1.98009e-11
-0.961858 0.102704 1.80516e-11
-0.943678 0.0576023 1.64393e-11
-0.91843 -0.00276403 1.50261e-11
-0.887085 -0.0760749 1.38658e-11
-0.850847 -0.159513 1.30033e-11
-0.811109 -0.249872 1.24721e-11
-0.769399 -0.34368 1.22924e-11
-0.727318 -0.437331 1.24706e-11
-0.686484 -0.527227 1.30004e-11
-0.648466 -0.609914 1.38613e-11
-0.614726 -0.682213 1.50202e-11
-0.586559 -0.741347 1.64324e-11
-0.565048 -0.785042 1.80441e-11
-0.55102 -0.811621 1.97926e-11
-0.545014 -0.820061 2.16114e-11
-0.547261 -0.810038 2.34304e-11
-0.557673 -0.781937 2.51795e-11
-0.548192 -0.810407 3.09772e-11
-0.550413 -0.800537 3.27611e-11
-0.560643 -0.772938 3.44761e-11
-0.578489 -0.728671 3.60571e-11
-0.603264 -0.669436 3.74433e-11
-0.634018 -0.597511 3.85801e-11
-0.669568 -0.515659 3.9425e-11
-0.708547 -0.427026 3.99455e-11
-0.749459 -0.335017 4.01212e-11
-0.790731 -0.243168 3.99456e-11
-0.830776 -0.15501 3.94255e-11
-0.868056 -0.0739291 3.85803e-11
-0.901139 -0.00304191 3.74435e-11
-0.928753 0.0549276 3.60579e-11
-0.949836 0.0977519 3.4477e-11
-0.96358 0.123785 3.27618e-11
-0.969455 0.132027 3.09779e-11
-0.967235 0.122161 2.91936e-11
-0.957007 0.0945655 2.74784e-11
-0.939163 0.0503018 2.58973e-11
-0.914388 -0.00892952 2.45117e-11
-0.883636 -0.0808522 2.33745e-11
-0.848087 -0.162702 2.25295e-11
-0.809108 -0.251335 2.20087e-11
-0.768196 -0.343343 2.18329e-11
-0.726925 -0.435192 2.20086e-11
-0.686879 -0.523352 2.25287e-11
-0.649598 -0.604435 2.33734e-11
-0.616514 -0.675324 2.45106e-11
-0.588899 -0.733297 2.5896e-11
-0.567814 -0.776125 2.7477e-11
-0.554069 -0.802162 2.9192e-11
-0.548192 -0.810408 3.09762e-11
-0.55041 -0.800545 3.27601e-11
-0.560637 -0.772954 3.44757e-11
-0.578479 -0.728694 3.60564e-11
-0.603252 -0.669466 3.74424e-11
-0.634003 -0.597545 3.85795e-11
-0.669551 -0.515697 3.9425e-11
-0.70853 -0.427066 3.99454e-11
-0.749441 -0.335058 4.01212e-11
-0.790713 -0.243208 3.99462e-11
-0.830759 -0.155048 3.94259e-11
-0.868041 -0.0739629 3.85809e-11
-0.901126 -0.00307057 3.74441e-11
-0.928742 0.0549052 3.60584e-11
-0.949829 0.0977366 3.44778e-11
-0.963575 0.123778 3.27628e-11
-0.969454 0.132027 3.09787e-11
-0.967238 0.122169 2.91945e-11
-0.957013 0.0945815 2.74792e-11
-0.939172 0.0503248 2.5898e-11
-0.914401 -0.00890035 2.45126e-11
-0.883651 -0.080818 2.33745e-11
-0.848104 -0.162665 2.25295e-11
-0.809126 -0.251295 2.20088e-11
-0.768215 -0.343302 2.18329e-11
-0.726943 -0.435152 2.20085e-11
-0.686896 -0.523314 2.25284e-11
-0.649614 -0.604401 2.33733e-11
-0.616528 -0.675296 2.45102e-11
-0.58891 -0.733275 2.58955e-11
-0.567822 -0.776109 2.74766e-11
-0.554073 -0.802154 2.91915e-11
-0.548193 -0.810408 3.09754e-11
-0.550407 -0.800554 3.27594e-11
-0.56063 -0.77297 3.44748e-11
-0.57847 -0.728717 3.6056e-11
-0.60324 -0.669495 3.74417e-11
-0.633989 -0.59758 3.85793e-11
-0.669535 -0.515735 3.94246e-11
-0.708512 -0.427106 3.99453e-11
-0.749423 -0.335099 4.01212e-11
-0.790695 -0.243248 3.99462e-11
-0.830742 -0.155085 3.94259e-11
-0.868025 -0.0739967 3.85816e-11
-0.901112 -0.00309923 3.74444e-11
-0.928731 0.0548828 3.60594e-11
-0.949821 0.0977213 3.44786e-11
-0.963571 0.12377 3.27631e-11
-0.969453 0.132028 3.09792e-11
-0.967241 0.122177 2.9195e-11
-0.957019 0.0945975 2.74797e-11
-0.939182 0.0503478 2.58987e-11
-0.914413 -0.00887119 2.45128e-11
-0.883665 -0.0807838 2.33755e-11
-0.84812 -0.162627 2.253e-11
-0.809143 -0.251254 2.20089e-11
-0.768233 -0.343261 2.1833e-11
-0.726961 -0.435112 2.20081e-11
-0.686913 -0.523277 2.25282e-11
-0.649629 -0.604367 2.33726e-11
-0.616541 -0.675267 2.45094e-11
-0.588921 -0.733252 2.58947e-11
-0.567829 -0.776094 2.74756e-11
-0.554078 -0.802147 2.91908e-11
-0.548194 -0.810408 3.09746e-11
-0.550404 -0.800562 3.27587e-11
-0.560624 -0.772986 3.44739e-11
-0.57846 -0.72874 3.60554e-11
-0.603227 -0.669524 3.74412e-11
-0.633974 -0.597614 3.85788e-11
-0.669518 -0.515773 3.94246e-11
-0.708494 -0.427146 3.99453e-11
-0.749404 -0.33514 4.01214e-11
-0.790676 -0.243288 3.99463e-11
-0.830724 -0.155123 3.94267e-11
-0.868009 -0.0740305 3.85817e-11
-0.901099 -0.0031279 3.7445e-11
-0.92872 0.0548604 3.60595e-11
-0.949813 0.0977059 3.44794e-11
-0.963567 0.123762 3.27642e-11
-0.969452 0.132028 3.098e-11
-0.967243 0.122186 2.9196e-11
-0.957026 0.0946135 2.74806e-11
-0.939191 0.0503708 2.58994e-11
-0.914425 -0.00884203 2.45134e-11
-0.88368 -0.0807496 2.33756e-11
-0.848137 -0.162589 2.25301e-11
-0.809161 -0.251214 2.20093e-11
-0.768251 -0.343221 2.1833e-11
-0.726979 -0.435072 2.20077e-11
-0.686931 -0.523239 2.2528e-11
-0.649645 -0.604333 2.3372e-11
-0.616555 -0.675238 2.45088e-11
-0.588932 -0.73323 2.58943e-11
-0.567837 -0.776079 2.74749e-11
-0.554082 -0.802139 2.91902e-11
-0.548195 -0.810409 3.09739e-11
-0.550402 -0.80057 3.27577e-11
-0.560618 -0.773002 3.44733e-11
-0.578451 -0.728763 3.60546e-11
-0.603215 -0.669553 3.74407e-11
-0.633959 -0.597648 3.85786e-11
-0.669501 -0.515811 3.94242e-11
-0.708476 -0.427186 3.9945e-11
-0.749386 -0.33518 4.01212e-11
-0.790658 -0.243329 3.99466e-11
-0.830707 -0.15516 3.94266e-11
-0.867994 -0.0740643 3.85824e-11
-0.901085 -0.00315657 3.74458e-11
-0.92871 0.054838 3.60607e-11
-0.949805 0.0976906 3.44798e-11
-0.963562 0.123755 3.2765e-11
-0.969451 0.132028 3.09809e-11
-0.967246 0.122194 2.9197e-11
-0.957032 0.0946294 2.74811e-11
-0.939201 0.0503938 2.59002e-11
-0.914438 -0.00881286 2.45142e-11
-0.883695 -0.0807154 2.3376e-11
-0.848153 -0.162551 2.25305e-11
-0.809179 -0.251174 2.20092e-11
-0.76827 -0.34318 2.18329e-11
-0.726997 -0.435032 2.20078e-11
-0.686948 -0.523201 2.25273e-11
-0.64966 -0.604299 2.33717e-11
-0.616568 -0.67521 2.45082e-11
-0.588942 -0.733207 2.58935e-11
-0.567845 -0.776064 2.74742e-11
-0.554086 -0.802131 2.91891e-11
-0.559503 -0.782664 3.99787e-11
-0.561596 -0.773367 4.16593e-11
-0.571232 -0.747369 4.32751e-11
-0.588043 -0.705669 4.47643e-11
-0.611381 -0.649872 4.60699e-11
-0.640351 -0.582119 4.71411e-11
-0.673838 -0.505016 4.79368e-11
-0.710556 -0.421524 4.84275e-11
-0.749095 -0.334853 4.85928e-11
-0.787972 -0.248333 4.84274e-11
-0.825694 -0.165289 4.79372e-11
-0.860812 -0.0889123 4.71414e-11
-0.891975 -0.0221376 4.60701e-11
-0.917987 0.0324688 4.47648e-11
-0.937847 0.0728087 4.3276e-11
-0.950793 0.0973316 4.16598e-11
-0.956327 0.105095 3.99794e-11
-0.954236 0.0958015 3.82991e-11
-0.944601 0.0698072 3.66828e-11
-0.927793 0.0281114 3.51939e-11
-0.904455 -0.0276837 3.38882e-11
-0.875487 -0.0954338 3.28172e-11
-0.842001 -0.172536 3.20208e-11
-0.805283 -0.256026 3.15309e-11
-0.766745 -0.342697 3.13651e-11
-0.727868 -0.429217 3.15306e-11
-0.690145 -0.512262 3.20207e-11
-0.655027 -0.588641 3.28162e-11
-0.623862 -0.655418 3.38873e-11
-0.597849 -0.710027 3.51927e-11
-0.577987 -0.75037 3.66815e-11
-0.56504 -0.774897 3.82976e-11
-0.559504 -0.782664 3.99781e-11
-0.561593 -0.773374 4.16584e-11
-0.571226 -0.747384 4.32747e-11
-0.588034 -0.705691 4.47638e-11
-0.61137 -0.649899 4.60693e-11
-0.640337 -0.582151 4.71405e-11
-0.673822 -0.505051 4.79369e-11
-0.71054 -0.421562 4.8427e-11
-0.749077 -0.334892 4.85927e-11
-0.787955 -0.248371 4.84274e-11
-0.825678 -0.165325 4.79375e-11
-0.860797 -0.0889442 4.71418e-11
-0.891962 -0.0221646 4.60708e-11
-0.917976 0.0324477 4.47656e-11
-0.93784 0.0727942 4.32765e-11
-0.950789 0.0973244 4.16607e-11
-0.956326 0.105096 3.99803e-11
-0.954239 0.0958093 3.82995e-11
-0.944607 0.0698222 3.66836e-11
-0.927801 0.028133 3.51946e-11
-0.904467 -0.0276562 3.38887e-11
-0.875501 -0.0954016 3.28177e-11
-0.842016 -0.1725 3.20213e-11
-0.8053 -0.255988 3.1531e-11
-0.766762 -0.342658 3.13654e-11
-0.727885 -0.429179 3.15305e-11
-0.690161 -0.512227 3.20203e-11
-0.655041 -0.588609 3.2816e-11
-0.623875 -0.655391 3.38871e-11
-0.59786 -0.710006 3.51923e-11
-0.577995 -0.750356 3.6681e-11
-0.565044 -0.77489 3.82968e-11
-0.559505 -0.782665 3.99773e-11
-0.561591 -0.773382 4.16578e-11
-0.571221 -0.747399 4.32739e-11
-0.588025 -0.705713 4.47632e-11
-0.611358 -0.649927 4.60685e-11
-0.640323 -0.582184 4.71402e-11
-0.673807 -0.505087 4.79365e-11
-0.710523 -0.4216 4.84268e-11
-0.74906 -0.33493 4.85929e-11
-0.787938 -0.248409 4.84275e-11
-0.825662 -0.16536 4.79379e-11
-0.860782 -0.088976 4.71421e-11
-0.891949 -0.0221916 4.60713e-11
-0.917966 0.0324266 4.4766e-11
-0.937833 0.0727798 4.32771e-11
-0.950785 0.0973172 4.16615e-11
-0.956326 0.105096 3.9981e-11
-0.954242 0.0958172 3.83006e-11
-0.944613 0.0698373 3.66842e-11
-0.92781 0.0281547 3.51951e-11
-0.904479 -0.0276287 3.38894e-11
-0.875515 -0.0953694 3.28178e-11
-0.842032 -0.172464 3.20215e-11
-0.805316 -0.25595 3.15311e-11
-0.766779 -0.34262 3.13655e-11
-0.727902 -0.429141 3.15304e-11
-0.690177 -0.512191 3.20199e-11
-0.655056 -0.588577 3.28156e-11
-0.623888 -0.655364 3.38861e-11
-0.59787 -0.709985 3.51917e-11
-0.578002 -0.750342 3.66803e-11
-0.565048 -0.774883 3.82962e-11
-0.559506 -0.782665 3.99768e-11
-0.561588 -0.77339 4.16571e-11
-0.571215 -0.747414 4.3273e-11
-0.588016 -0.705735 4.47626e-11
-0.611346 -0.649954 4.6068e-11
-0.640309 -0.582216 4.71397e-11
-0.673791 -0.505123 4.79362e-11
-0.710506 -0.421638 4.84267e-11
-0.749043 -0.334969 4.85927e-11
-0.787921 -0.248446 4.84278e-11
-0.825645 -0.165396 4.79379e-11
-0.860767 -0.0890079 4.71425e-11
-0.891937 -0.0222186 4.60718e-11
-0.917956 0.0324055 4.47671e-11
-0.937825 0.0727654 4.32776e-11
-0.950781 0.0973101 4.16625e-11
-0.956325 0.105096 3.99815e-11
-0.954244 0.095825 3.83014e-11
-0.944619 0.0698523 3.6685e-11
-0.927819 0.0281764 3.51956e-11
-0.90449 -0.0276013 3.38901e-11
-0.875529 -0.0953372 3.28184e-11
-0.842047 -0.172428 3.20219e-11
-0.805333 -0.255912 3.15312e-11
-0.766797 -0.342581 3.13651e-11
-0.727919 -0.429104 3.15302e-11
-0.690194 -0.512156 3.20199e-11
-0.655071 -0.588545 3.2815e-11
-0.6239 -0.655337 3.38858e-11
-0.59788 -0.709964 3.51909e-11
-0.578009 -0.750327 3.66796e-11
-0.565052 -0.774875 3.82955e-11
-0.559506 -0.782665 3.99759e-11
-0.561585 -0.773398 4.16563e-11
-0.571209 -0.747429 4.32724e-11
-0.588007 -0.705756 4.47621e-11
-0.611335 -0.649981 4.60677e-11
-0.640295 -0.582248 4.71393e-11
-0.673776 -0.505158 4.79358e-11
-0.710489 -0.421676 4.84267e-11
-0.749026 -0.335007 4.85928e-11
-0.787904 -0.248484 4.84277e-11
-0.825629 -0.165431 4.79384e-11
-0.860753 -0.0890397 4.71432e-11
-0.891924 -0.0222456 4.60723e-11
-0.917946 0.0323844 4.47676e-11
-0.937818 0.0727509 4.32786e-11
-0.950777 0.0973029 4.16628e-11
-0.956324 0.105097 3.99826e-11
-0.954247 0.0958328 3.83023e-11
-0.944625 0.0698674 3.66855e-11
-0.927828 0.0281981 3.51964e-11
-0.904502 -0.0275738 3.38903e-11
-0.875543 -0.095305 3.28188e-11
-0.842063 -0.172393 3.20223e-11
-0.578511 -0.737895 4.8275e-11
-0.580394 -0.729527 4.97872e-11
-0.589067 -0.70613 5.12413e-11
-0.604196 -0.668601 5.25819e-11
-0.6252 -0.618384 5.37567e-11
-0.651272 -0.557408 5.47208e-11
-0.681411 -0.488016 5.54373e-11
-0.714456 -0.412875 5.58784e-11
-0.74914 -0.334872 5.60275e-11
-0.784129 -0.257006 5.58785e-11
-0.818078 -0.182268 5.54373e-11
-0.849684 -0.11353 5.47209e-11
-0.87773 -0.0534334 5.37571e-11
-0.90114 -0.00428843 5.25822e-11
-0.919014 0.0320168 5.1242e-11
-0.930666 0.054087 4.97879e-11
-0.935646 0.0610743 4.82755e-11
-0.933765 0.0527099 4.67634e-11
-0.925093 0.0293155 4.53086e-11
-0.909965 -0.0082101 4.39691e-11
-0.888962 -0.0584247 4.27941e-11
-0.862891 -0.119399 4.18295e-11
-0.832754 -0.188789 4.11135e-11
-0.799709 -0.263929 4.0672e-11
-0.765025 -0.341931 4.05231e-11
-0.730036 -0.419798 4.06716e-11
-0.696086 -0.494538 4.11127e-11
-0.664481 -0.563277 4.18289e-11
-0.636433 -0.623375 4.27929e-11
-0.613022 -0.672523 4.39676e-11
-0.595146 -0.708831 4.53077e-11
-0.583494 -0.730905 4.67619e-11
-0.578512 -0.737895 4.82744e-11
-0.580392 -0.729534 4.97866e-11
-0.589062 -0.706143 5.12409e-11
-0.604188 -0.668621 5.25813e-11
-0.62519 -0.618409 5.37559e-11
-0.65126 -0.557437 5.47204e-11
-0.681396 -0.488048 5.54371e-11
-0.714441 -0.412909 5.58784e-11
-0.749125 -0.334907 5.60273e-11
-0.784114 -0.25704 5.58786e-11
-0.818064 -0.182299 5.54378e-11
-0.84967 -0.113558 5.47213e-11
-0.877719 -0.0534577 5.37575e-11
-0.901131 -0.00430743 5.25827e-11
-0.919008 0.0320038 5.12425e-11
-0.930662 0.0540806 4.97883e-11
-0.935645 0.0610746 4.82762e-11
-0.933767 0.052717 4.67638e-11
-0.925099 0.029329 4.53094e-11
-0.909973 -0.00819059 4.39696e-11
-0.888973 -0.0584 4.27943e-11
-0.862904 -0.11937 4.183e-11
-0.832768 -0.188757 4.11134e-11
-0.799724 -0.263895 4.06718e-11
-0.765041 -0.341897 4.05229e-11
-0.730052 -0.419764 4.06715e-11
-0.696101 -0.494506 4.11129e-11
-0.664494 -0.563248 4.18286e-11
-0.636445 -0.623351 4.27921e-11
-0.613031 -0.672504 4.39671e-11
-0.595153 -0.708818 4.5307e-11
-0.583498 -0.730898 4.67609e-11
-0.578512 -0.737896 4.82734e-11
-0.580389 -0.729542 4.97861e-11
-0.589056 -0.706157 5.12404e-11
-0.60418 -0.66864 5.25807e-11
-0.625179 -0.618433 5.37554e-11
-0.651247 -0.557466 5.47199e-11
-0.681382 -0.48808 5.54365e-11
-0.714426 -0.412943 5.58783e-11
-0.749109 -0.334942 5.60275e-11
-0.784098 -0.257074 5.58786e-11
-0.818049 -0.182331 5.54381e-11
-0.849657 -0.113587 5.47216e-11
-0.877707 -0.053482 5.37579e-11
-0.901122 -0.00432644 5.25833e-11
-0.919001 0.0319908 5.12432e-11
-0.930658 0.0540741 4.97892e-11
-0.935645 0.0610749 4.82768e-11
-0.933769 0.052724 4.67644e-11
-0.925104 0.0293426 4.53103e-11
-0.909982 -0.00817108 4.39698e-11
-0.888983 -0.0583753 4.27949e-11
-0.862916 -0.119341 4.18303e-11
-0.832782 -0.188725 4.11138e-11
-0.799739 -0.263861 4.06719e-11
-0.765056 -0.341862 4.05229e-11
-0.730067 -0.41973 4.06715e-11
-0.696116 -0.494474 4.11124e-11
-0.664507 -0.56322 4.18282e-11
-0.636456 -0.623327 4.27921e-11
-0.61304 -0.672485 4.39666e-11
-0.59516 -0.708805 4.53064e-11
-0.583501 -0.730892 4.67605e-11
-0.578513 -0.737896 4.82729e-11
-0.580387 -0.729549 4.97853e-11
-0.589051 -0.70617 5.12397e-11
-0.604172 -0.66866 5.25803e-11
-0.625169 -0.618458 5.37551e-11
-0.651235 -0.557495 5.47195e-11
-0.681368 -0.488112 5.54368e-11
-0.714411 -0.412977 5.58781e-11
-0.749094 -0.334976 5.60273e-11
-0.784083 -0.257108 5.58789e-11
-0.818035 -0.182363 5.5438e-11
-0.849644 -0.113616 5.47221e-11
-0.877696 -0.0535063 5.37583e-11
-0.901113 -0.00434545 5.25839e-11
-0.918995 0.0319778 5.1244e-11
-0.930654 0.0540676 4.97897e-11
-0.935644 0.0610752 4.82779e-11
-0.933772 0.0527311 4.67653e-11
-0.925109 0.0293561 4.53105e-11
-0.90999 -0.00815157 4.39703e-11
-0.888994 -0.0583506 4.27952e-11
-0.862929 -0.119312 4.18306e-11
-0.832796 -0.188693 4.11141e-11
-0.799754 -0.263827 4.06725e-11
-0.765072 -0.341827 4.05228e-11
-0.730082 -0.419696 4.06714e-11
-0.69613 -0.494442 4.1112e-11
-0.66452 -0.563191 4.18278e-11
-0.636467 -0.623303 4.27916e-11
-0.613049 -0.672466 4.39656e-11
-0.595166 -0.708792 4.53059e-11
-0.583505 -0.730885 4.67599e-11
-0.578514 -0.737896 4.82723e-11
-0.580385 -0.729556 4.97847e-11
-0.589046 -0.706184 5.1239e-11
-0.604164 -0.668679 5.25796e-11
-0.625158 -0.618483 5.37547e-11
-0.651222 -0.557524 5.47192e-11
-0.681354 -0.488144 5.54361e-11
-0.714396 -0.413011 5.5878e-11
-0.604484 -0.677821 5.55467e-11
-0.606086 -0.670704 5.68333e-11
-0.613461 -0.650806 5.807e-11
-0.626328 -0.61889 5.92095e-11
-0.644191 -0.576184 6.02085e-11
-0.666363 -0.524327 6.10286e-11
-0.691994 -0.465313 6.16376e-11
-0.720098 -0.40141 6.20129e-11
-0.749594 -0.335074 6.21398e-11
-0.77935 -0.268853 6.20134e-11
-0.808222 -0.205292 6.16379e-11
-0.8351 -0.146835 6.10286e-11
-0.858952 -0.0957265 6.02089e-11
-0.878861 -0.0539316 5.92101e-11
-0.894062 -0.0230562 5.80702e-11
-0.903971 -0.00428678 5.68334e-11
-0.908206 0.00165544 5.5547e-11
-0.906606 -0.00545793 5.42608e-11
-0.899232 -0.0253535 5.30245e-11
-0.886366 -0.0572668 5.18846e-11
-0.868505 -0.0999714 5.0885e-11
-0.846333 -0.151826 5.00653e-11
-0.820703 -0.210839 4.94559e-11
-0.7926 -0.274741 4.90806e-11
-0.763103 -0.341077 4.8954e-11
-0.733347 -0.407298 4.90806e-11
-0.704475 -0.470859 4.94556e-11
-0.677596 -0.529318 5.00647e-11
-0.653743 -0.580429 5.08845e-11
-0.633834 -0.622226 5.18833e-11
-0.618632 -0.653104 5.30238e-11
-0.608722 -0.671876 5.42598e-11
-0.604485 -0.677821 5.5546e-11
-0.606084 -0.67071 5.68322e-11
-0.613457 -0.650818 5.80694e-11
-0.626321 -0.618907 5.9209e-11
-0.644182 -0.576205 6.02081e-11
-0.666353 -0.524352 6.10283e-11
-0.691982 -0.465341 6.16377e-11
-0.720085 -0.401439 6.20131e-11
-0.749581 -0.335103 6.21397e-11
-0.779337 -0.268882 6.20132e-11
-0.80821 -0.205319 6.16381e-11
-0.835089 -0.146859 6.1029e-11
-0.858943 -0.0957472 6.02089e-11
-0.878853 -0.0539478 5.92104e-11
-0.894057 -0.0230673 5.80706e-11
-0.903968 -0.00429228 5.68339e-11
-0.908206 0.0016557 5.55478e-11
-0.906608 -0.00545192 5.42615e-11
-0.899236 -0.025342 5.30246e-11
-0.886373 -0.0572502 5.18847e-11
-0.868514 -0.0999503 5.08856e-11
-0.846343 -0.151802 5.00655e-11
-0.820715 -0.210811 4.94561e-11
-0.792612 -0.274712 4.90807e-11
-0.763117 -0.341047 4.8954e-11
-0.73336 -0.407269 4.90806e-11
-0.704487 -0.470832 4.94553e-11
-0.677607 -0.529294 5.00643e-11
-0.653753 -0.580408 5.08842e-11
-0.633841 -0.62221 5.18834e-11
-0.618637 -0.653093 5.30231e-11
-0.608725 -0.67187 5.42597e-11
-0.604485 -0.677821 5.55455e-11
-0.606082 -0.670716 5.68318e-11
-0.613452 -0.650829 5.80685e-11
-0.626314 -0.618924 5.92086e-11
-0.644173 -0.576226 6.02077e-11
-0.666342 -0.524376 6.10278e-11
-0.69197 -0.465368 6.16374e-11
-0.720072 -0.401468 6.20129e-11
-0.749568 -0.335133 6.21397e-11
-0.779324 -0.268911 6.20134e-11
-0.808197 -0.205347 6.16384e-11
-0.835078 -0.146884 6.10297e-11
-0.858933 -0.0957679 6.02098e-11
-0.878846 -0.053964 5.9211e-11
-0.894051 -0.0230783 5.80713e-11
-0.903964 -0.00429777 5.6834e-11
-0.908205 0.00165596 5.55482e-11
-0.90661 -0.00544592 5.42624e-11
-0.899241 -0.0253305 5.30255e-11
-0.88638 -0.0572336 5.18854e-11
-0.868522 -0.0999293 5.08859e-11
-0.846354 -0.151777 5.00659e-11
-0.820727 -0.210784 4.94563e-11
-0.792625 -0.274683 4.9081e-11
-0.76313 -0.341018 4.89538e-11
-0.733373 -0.40724 4.90801e-11
-0.7045 -0.470805 4.94552e-11
-0.677619 -0.52927 5.0064e-11
-0.653763 -0.580387 5.08836e-11
-0.633849 -0.622193 5.18826e-11
-0.618643 -0.653082 5.30222e-11
-0.608728 -0.671865 5.42591e-11
-0.604486 -0.677821 5.5545e-11
-0.60608 -0.670722 5.68312e-11
-0.613448 -0.650841 5.80683e-11
-0.626307 -0.61894 5.92084e-11
-0.644164 -0.576247 6.02076e-11
-0.666332 -0.524401 6.10275e-11
-0.691958 -0.465395 6.1637e-11
-0.720059 -0.401497 6.2013e-11
-0.749555 -0.335162 6.21395e-11
-0.779311 -0.268939 6.20137e-11
-0.808185 -0.205374 6.16387e-11
-0.835067 -0.146908 6.10299e-11
-0.858923 -0.0957885 6.02101e-11
-0.878838 -0.0539801 5.92114e-11
-0.894045 -0.0230894 5.80717e-11
-0.903961 -0.00430328 5.68351e-11
-0.908205 0.00165621 5.5549e-11
-0.906612 -0.00543992 5.42627e-11
-0.899245 -0.025319 5.30258e-11
-0.886387 -0.057217 5.18859e-11
-0.636425 -0.60475 6.15144e-11
-0.637683 -0.599158 6.25249e-11
-0.643478 -0.583524 6.3497e-11
-0.653587 -0.558447 6.43927e-11
-0.667622 -0.524892 6.51774e-11
-0.685044 -0.484148 6.58213e-11
-0.705182 -0.43778 6.63005e-11
-0.727263 -0.387571 6.65952e-11
-0.750439 -0.33545 6.66946e-11
-0.773819 -0.283419 6.65953e-11
-0.796504 -0.233479 6.63002e-11
-0.817622 -0.187548 6.58217e-11
-0.836363 -0.147392 6.51779e-11
-0.852006 -0.114553 6.43927e-11
-0.863949 -0.090294 6.34969e-11
-0.871734 -0.0755466 6.25254e-11
-0.875062 -0.0708777 6.15148e-11
-0.873805 -0.0764668 6.05041e-11
-0.868011 -0.092099 5.95324e-11
-0.857903 -0.117174 5.86369e-11
-0.843868 -0.150727 5.78521e-11
-0.826448 -0.19147 5.72079e-11
-0.80631 -0.237837 5.67292e-11
-0.784229 -0.288045 5.64341e-11
-0.761053 -0.340166 5.63343e-11
-0.737674 -0.392197 5.6434e-11
-0.714988 -0.442138 5.67289e-11
-0.693869 -0.48807 5.72075e-11
-0.675128 -0.528227 5.78515e-11
-0.659485 -0.561068 5.86362e-11
-0.64754 -0.585329 5.9532e-11
-0.639754 -0.600079 6.05038e-11
-0.636425 -0.60475 6.1514e-11
-0.637681 -0.599163 6.25249e-11
-0.643474 -0.583533 6.34967e-11
-0.653582 -0.55846 6.43921e-11
-0.667615 -0.524909 6.51776e-11
-0.685035 -0.484167 6.58212e-11
-0.705173 -0.437802 6.63001e-11
-0.727253 -0.387594 6.65951e-11
-0.750429 -0.335473 6.66948e-11
-0.773808 -0.283442 6.65951e-11
-0.796494 -0.2335 6.63008e-11
-0.817613 -0.187567 6.58218e-11
-0.836355 -0.147408 6.51783e-11
-0.851999 -0.114566 6.43932e-11
-0.863945 -0.0903026 6.34978e-11
-0.871732 -0.0755509 6.25259e-11
-0.875062 -0.0708775 6.15153e-11
-0.873807 -0.0764621 6.05046e-11
-0.868014 -0.0920899 5.95329e-11
-0.857908 -0.117161 5.86374e-11
-0.843875 -0.150711 5.78524e-11
-0.826456 -0.191451 5.72081e-11
-0.806319 -0.237815 5.67296e-11
-0.784239 -0.288022 5.64341e-11
-0.761064 -0.340143 5.63343e-11
-0.737684 -0.392174 5.64339e-11
-0.714998 -0.442117 5.67285e-11
-0.693878 -0.488051 5.72071e-11
-0.675136 -0.528211 5.78512e-11
-0.659491 -0.561055 5.86363e-11
-0.647545 -0.58532 5.95316e-11
-0.639756 -0.600074 6.05028e-11
-0.636425 -0.60475 6.15137e-11
-0.63768 -0.599168 6.25243e-11
-0.643471 -0.583542 6.34962e-11
-0.653577 -0.558473 6.43916e-11
-0.667608 -0.524925 6.5177e-11
-0.685027 -0.484187 6.58211e-11
-0.705163 -0.437823 6.62999e-11
-0.727243 -0.387616 6.6595e-11
-0.750418 -0.335496 6.66944e-11
-0.773798 -0.283464 6.65952e-11
-0.796484 -0.233522 6.63007e-11
-0.817604 -0.187586 6.5822e-11
-0.836348 -0.147424 6.51786e-11
-0.851993 -0.114579 6.43934e-11
-0.86394 -0.0903113 6.34982e-11
-0.871729 -0.0755552 6.25263e-11
-0.875061 -0.0708773 6.15158e-11
-0.873808 -0.0764573 6.05053e-11
-0.868018 -0.0920809 5.95335e-11
-0.857913 -0.117148 5.86379e-11
-0.843882 -0.150694 5.78531e-11
-0.826464 -0.191431 5.72082e-11
-0.806329 -0.237794 5.67295e-11
-0.784249 -0.288 5.64343e-11
-0.761074 -0.34012 5.63344e-11
-0.737694 -0.392152 5.64336e-11
-0.715008 -0.442095 5.67283e-11
-0.673105 -0.52149 6.59494e-11
-0.673972 -0.517638 6.66456e-11
-0.677963 -0.506868 6.73146e-11
-0.684927 -0.489595 6.79317e-11
-0.694595 -0.466481 6.84722e-11
-0.706596 -0.438414 6.8916e-11
-0.720468 -0.406474 6.92458e-11
-0.735678 -0.371888 6.94487e-11
-0.751642 -0.335985 6.95173e-11
-0.767747 -0.300145 6.94488e-11
-0.783373 -0.265744 6.92457e-11
-0.797921 -0.234105 6.89163e-11
-0.81083 -0.206444 6.84722e-11
-0.821605 -0.183823 6.79318e-11
-0.829832 -0.167113 6.73151e-11
-0.835195 -0.156954 6.66455e-11
-0.837488 -0.153738 6.59495e-11
-0.836622 -0.157588 6.52531e-11
-0.83263 -0.168356 6.45838e-11
-0.825667 -0.185628 6.39673e-11
-0.816 -0.208741 6.34263e-11
-0.804 -0.236807 6.29828e-11
-0.790128 -0.268746 6.26527e-11
-0.774918 -0.303331 6.24492e-11
-0.758954 -0.339234 6.23807e-11
-0.742849 -0.375075 6.24495e-11
-0.727223 -0.409476 6.26525e-11
-0.712675 -0.441116 6.29825e-11
-0.699765 -0.468778 6.3426e-11
-0.688989 -0.4914 6.39666e-11
-0.680762 -0.508112 6.45834e-11
-0.675398 -0.518272 6.52524e-11
-0.673105 -0.52149 6.59488e-11
-0.67397 -0.517641 6.66453e-11
-0.677961 -0.506875 6.73145e-11
-0.684923 -0.489604 6.79314e-11
-0.69459 -0.466492 6.84721e-11
-0.70659 -0.438428 6.89159e-11
-0.720461 -0.406489 6.92457e-11
-0.735671 -0.371904 6.94488e-11
-0.751635 -0.336001 6.95173e-11
-0.76774 -0.30016 6.94489e-11
-0.783367 -0.265759 6.9246e-11
-0.797915 -0.234118 6.89164e-11
-0.810825 -0.206455 6.84728e-11
-0.821601 -0.183832 6.79322e-11
-0.829829 -0.167119 6.73154e-11
-0.835194 -0.156957 6.6646e-11
-0.837487 -0.153738 6.59499e-11
-0.836623 -0.157585 6.52536e-11
-0.832633 -0.16835 6.45843e-11
-0.825671 -0.185619 6.39672e-11
-0.816005 -0.20873 6.34265e-11
-0.804006 -0.236793 6.29828e-11
-0.790135 -0.268731 6.26529e-11
-0.774925 -0.303316 6.24495e-11
-0.758961 -0.339218 6.23809e-11
-0.742856 -0.375059 6.24492e-11
-0.727229 -0.409462 6.26524e-11
-0.712681 -0.441103 6.29821e-11
-0.699771 -0.468767 6.34259e-11
-0.688994 -0.491391 6.39667e-11
-0.680765 -0.508106 6.45831e-11
-0.713115 -0.43124 6.86803e-11
-0.713557 -0.429277 6.90352e-11
-0.715593 -0.423786 6.93764e-11
-0.719143 -0.414979 6.96912e-11
-0.724072 -0.403194 6.99666e-11
-0.730191 -0.388884 7.01931e-11
-0.737263 -0.3726 7.03611e-11
-0.745018 -0.354966 7.04645e-11
-0.753158 -0.33666 7.04997e-11
-0.761369 -0.318387 7.04648e-11
-0.769336 -0.300848 7.03611e-11
-0.776753 -0.284716 7.0193e-11
-0.783335 -0.270613 6.9967e-11
-0.788829 -0.25908 6.96914e-11
-0.793023 -0.25056 6.9377e-11
-0.795758 -0.245381 6.90355e-11
-0.796926 -0.243741 6.86804e-11
-0.796485 -0.245704 6.83255e-11
-0.79445 -0.251194 6.79844e-11
-0.7909 -0.26 6.76696e-11
-0.785971 -0.271785 6.73938e-11
-0.779853 -0.286094 6.71677e-11
-0.77278 -0.302378 6.69996e-11
-0.765025 -0.320012 6.6896e-11
-0.756886 -0.338317 6.68611e-11
-0.748675 -0.35659 6.68959e-11
-0.740707 -0.37413 6.69995e-11
-0.73329 -0.390262 6.71675e-11
-0.726708 -0.404365 6.73937e-11
-0.721214 -0.415899 6.76694e-11
-0.717019 -0.42442 6.7984e-11
-0.714285 -0.4296 6.83251e-11
-0.754919 -0.33747 6.96029e-11
