0.219642 0.686294 -0.182497
0.392038 0.620107 -0.178743
0.386552 0.614589 -0.200907
0.37453 0.611443 -0.222219
0.356432 0.610789 -0.24186
0.332955 0.612652 -0.259076
0.305001 0.616962 -0.273205
0.273644 0.623552 -0.283704
0.240088 0.632169 -0.290169
0.205625 0.642482 -0.292353
0.171576 0.654095 -0.29017
0.139252 0.666562 -0.283706
0.109895 0.679403 -0.273208
0.0846319 0.692125 -0.25908
0.0644342 0.704238 -0.241865
0.050078 0.715279 -0.222224
0.0421151 0.724821 -0.200912
0.0408513 0.7325 -0.178748
0.0463354 0.738018 -0.156584
0.0583564 0.741165 -0.135271
0.0764525 0.74182 -0.11563
0.0999283 0.739957 -0.098413
0.127882 0.735648 -0.0842834
0.159238 0.729058 -0.0737838
0.192793 0.720441 -0.0673175
0.227257 0.710129 -0.0651331
0.261306 0.698516 -0.0673146
0.29363 0.686049 -0.0737781
0.322988 0.673209 -0.0842752
0.348252 0.660487 -0.0984026
0.368451 0.648373 -0.115617
0.382809 0.637332 -0.135258
0.390773 0.627789 -0.156569
0.551414 0.536484 -0.167626
0.540654 0.52566 -0.211102
0.517071 0.519488 -0.252908
0.481572 0.518205 -0.291436
0.43552 0.52186 -0.325206
0.380686 0.530314 -0.352921
0.319176 0.543241 -0.373515
0.253355 0.560144 -0.386197
0.185751 0.580374 -0.39048
0.118964 0.603154 -0.386199
0.0555579 0.627608 -0.373519
-0.00202907 0.652796 -0.352926
-0.0515843 0.677751 -0.325213
-0.0912035 0.701513 -0.291444
-0.119364 0.72317 -0.252917
-0.134984 0.741888 -0.211112
-0.137463 0.756949 -0.167636
-0.126706 0.767775 -0.12416
-0.103125 0.773948 -0.0823538
-0.0676287 0.775232 -0.0438248
-0.0215792 0.771578 -0.0100533
0.0332532 0.763125 0.017663
0.0947616 0.750199 0.0382589
0.160582 0.733297 0.0509429
0.228186 0.713067 0.0552277
0.294974 0.690288 0.0509486
0.358381 0.665834 0.03827
0.415969 0.640646 0.0176791
0.465526 0.615691 -0.0100327
0.505148 0.591929 -0.0438006
0.533311 0.570271 -0.082327
0.548934 0.551552 -0.124131
0.551416 0.53649 -0.167607
0.540661 0.525664 -0.211083
0.517084 0.519489 -0.25289
0.48159 0.518204 -0.29142
0.435542 0.521857 -0.325192
0.380712 0.530309 -0.35291
0.319205 0.543234 -0.373508
0.253385 0.560136 -0.386193
0.185781 0.580365 -0.39048
0.118993 0.603144 -0.386203
0.0555848 0.627597 -0.373526
-0.00200524 0.652785 -0.352937
-0.0515645 0.67774 -0.325226
-0.0911884 0.701503 -0.29146
-0.119354 0.723161 -0.252934
-0.13498 0.741881 -0.211131
-0.137465 0.756944 -0.167655
-0.126713 0.767771 -0.124179
-0.103139 0.773946 -0.0823716
-0.0676468 0.775233 -0.0438408
-0.0216017 0.77158 -0.0100669
0.0332274 0.76313 0.0176522
0.0947333 0.750206 0.0382515
0.160552 0.733305 0.0509391
0.228156 0.713077 0.0552277
0.294945 0.690298 0.0509523
0.358354 0.665845 0.0382774
0.415945 0.640657 0.0176898
0.465506 0.615702 -0.0100191
0.505133 0.591939 -0.0437846
0.533301 0.57028 -0.0823091
0.691646 0.438638 -0.149573
0.676025 0.422923 -0.212691
0.641788 0.413963 -0.273383
0.590251 0.4121 -0.329317
0.523394 0.417407 -0.378344
0.443787 0.42968 -0.41858
0.354489 0.448447 -0.448478
0.258932 0.472987 -0.46689
0.160786 0.502357 -0.473107
0.0638253 0.535428 -0.466892
-0.0282256 0.570929 -0.448483
-0.111829 0.607497 -0.418588
-0.183772 0.643726 -0.378354
-0.24129 0.678223 -0.329329
-0.282173 0.709663 -0.273396
-0.30485 0.736838 -0.212705
-0.308449 0.758704 -0.149588
-0.292831 0.77442 -0.0864698
-0.258598 0.783382 -0.025777
-0.207065 0.785247 0.0301585
-0.140211 0.779941 0.0791872
-0.0606069 0.76767 0.119425
0.0286894 0.748904 0.149326
0.124246 0.724366 0.16774
0.222391 0.694997 0.17396
0.319353 0.661926 0.167748
0.411405 0.626425 0.149342
0.495011 0.589857 0.119448
0.566957 0.553629 0.0792169
0.624478 0.519131 0.0301935
0.665365 0.48769 -0.0257381
0.688046 0.460513 -0.0864285
0.691649 0.438646 -0.149545
0.676036 0.422929 -0.212663
0.641807 0.413965 -0.273357
0.590277 0.412099 -0.329294
0.523427 0.417403 -0.378324
0.443825 0.429673 -0.418564
0.35453 0.448437 -0.448467
0.258975 0.472975 -0.466884
0.16083 0.502343 -0.473107
0.0638673 0.535412 -0.466898
-0.0281865 0.570913 -0.448494
-0.111794 0.607481 -0.418603
-0.183743 0.64371 -0.378374
-0.241268 0.678208 -0.329352
-0.282159 0.70965 -0.273422
-0.304844 0.736828 -0.212732
-0.308451 0.758696 -0.149616
-0.292843 0.774415 -0.0864973
-0.258617 0.78338 -0.0258029
-0.207091 0.785247 0.0301351
-0.140244 0.779945 0.0791673
-0.0606445 0.767677 0.119409
0.0286483 0.748914 0.149315
0.124203 0.724378 0.167734
0.222348 0.695011 0.17396
0.319311 0.661941 0.167754
0.411366 0.626441 0.149352
0.494976 0.589874 0.119464
0.566928 0.553644 0.0792368
0.624457 0.519145 0.0302168
0.665351 0.487703 -0.0257121
0.68804 0.460524 -0.0864009
0.691652 0.438655 -0.149517
0.676047 0.422934 -0.212636
0.641826 0.413967 -0.273331
0.590304 0.412098 -0.32927
0.523459 0.417399 -0.378304
0.443862 0.429666 -0.418549
0.354571 0.448428 -0.448456
0.259018 0.472963 -0.466879
0.160873 0.502329 -0.473107
0.0639094 0.535397 -0.466903
-0.0281475 0.570897 -0.448505
-0.11176 0.607465 -0.418619
-0.183714 0.643694 -0.378394
-0.241246 0.678194 -0.329376
-0.282145 0.709637 -0.273448
-0.304838 0.736817 -0.21276
-0.308454 0.758687 -0.149644
-0.292854 0.774409 -0.0865249
-0.258637 0.783378 -0.0258289
-0.207118 0.785248 0.0301118
-0.140277 0.779949 0.0791475
-0.0606821 0.767684 0.119394
0.0286072 0.748924 0.149304
0.12416 0.72439 0.167729
0.222304 0.695024 0.17396
0.319269 0.661957 0.167759
0.411327 0.626457 0.149363
0.807346 0.330329 -0.125279
0.787464 0.310328 -0.205612
0.743888 0.298923 -0.282858
0.678294 0.296552 -0.354049
0.593202 0.303307 -0.416449
0.491881 0.318927 -0.467659
0.378226 0.342813 -0.505712
0.256604 0.374047 -0.529146
0.131689 0.411427 -0.53706
0.00828042 0.453519 -0.52915
-0.108878 0.498704 -0.505719
-0.215285 0.545246 -0.467669
-0.306852 0.591356 -0.416461
-0.380059 0.635263 -0.354064
-0.432093 0.675279 -0.282875
-0.460955 0.709867 -0.20563
-0.465535 0.737696 -0.125296
-0.445658 0.757699 -0.0449627
-0.402088 0.769106 0.0322846
-0.336498 0.771479 0.103477
-0.251409 0.764726 0.165879
-0.150092 0.749108 0.217092
-0.0364392 0.725223 0.255148
0.0851816 0.693992 0.278585
0.210097 0.656612 0.286503
0.333506 0.614521 0.278596
0.450666 0.569337 0.255169
0.557076 0.522795 0.217122
0.648646 0.476684 0.165917
0.721858 0.432777 0.103522
0.773897 0.39276 0.0323342
0.802764 0.358171 -0.0449102
0.80735 0.330339 -0.125243
0.787478 0.310335 -0.205577
0.743913 0.298926 -0.282825
0.678328 0.296551 -0.35402
0.593243 0.303302 -0.416423
0.491929 0.318919 -0.467639
0.378278 0.342801 -0.505699
0.256659 0.374031 -0.529139
0.131744 0.41141 -0.53706
0.00833393 0.4535 -0.529157
-0.108829 0.498684 -0.505733
-0.215241 0.545225 -0.467689
-0.306815 0.591336 -0.416487
-0.380031 0.635244 -0.354094
-0.432075 0.675263 -0.282908
-0.460947 0.709853 -0.205665
-0.465538 0.737686 -0.125332
-0.445672 0.757692 -0.0449978
-0.402112 0.769103 0.0322516
-0.336531 0.77148 0.103447
-0.251451 0.764731 0.165854
-0.15014 0.749116 0.217072
-0.0364915 0.725236 0.255135
0.0851268 0.694007 0.278578
0.210041 0.65663 0.286503
0.333452 0.614541 0.278603
0.450617 0.569357 0.255182
0.557032 0.522816 0.217142
0.64861 0.476704 0.165942
0.72183 0.432795 0.103551
0.773879 0.392776 0.0323672
0.802756 0.358185 -0.0448751
0.807353 0.33035 -0.125207
0.787492 0.310342 -0.205542
0.743937 0.298929 -0.282792
0.678361 0.29655 -0.35399
0.593284 0.303297 -0.416398
0.491977 0.31891 -0.467619
0.378331 0.342789 -0.505685
0.256714 0.374016 -0.529132
0.131799 0.411392 -0.53706
0.00838743 0.45348 -0.529163
-0.108779 0.498663 -0.505746
-0.215197 0.545205 -0.467709
-0.306778 0.591316 -0.416512
-0.380003 0.635226 -0.354123
-0.432057 0.675246 -0.282941
-0.46094 0.709839 -0.2057
-0.465542 0.737675 -0.125368
-0.445686 0.757685 -0.0450328
-0.402136 0.7691 0.0322186
-0.336565 0.771481 0.103418
-0.251492 0.764736 0.165828
-0.150188 0.749125 0.217052
-0.0365438 0.725248 0.255121
0.085072 0.694022 0.278571
0.209986 0.656647 0.286503
0.333399 0.61456 0.27861
0.450567 0.569378 0.255196
0.556988 0.522836 0.217161
0.648573 0.476724 0.165967
0.721802 0.432814 0.103581
0.773861 0.392793 0.0324002
0.802749 0.358199 -0.0448401
0.807356 0.330361 -0.125171
0.787506 0.310349 -0.205507
0.743961 0.298932 -0.282759
0.678395 0.296549 -0.35396
0.593326 0.303292 -0.416373
0.492024 0.318901 -0.4676
0.378383 0.342776 -0.505671
0.256768 0.374001 -0.529125
0.131854 0.411374 -0.53706
0.00844094 0.453461 -0.52917
-0.108729 0.498643 -0.50576
-0.215153 0.545184 -0.467729
-0.306742 0.591296 -0.416537
-0.379975 0.635207 -0.354153
-0.432039 0.675229 -0.282974
-0.460932 0.709825 -0.205735
-0.465545 0.737664 -0.125404
-0.4457 0.757678 -0.0450679
-0.40216 0.769097 0.0321856
-0.336598 0.771482 0.103388
0.894067 0.215719 -0.0956752
0.870688 0.1922 -0.190137
0.819448 0.17879 -0.28097
0.742317 0.176002 -0.364681
0.642259 0.183945 -0.438056
0.523119 0.202312 -0.498273
0.389474 0.230399 -0.543019
0.246461 0.267126 -0.570574
0.0995764 0.311081 -0.57988
-0.0455366 0.360576 -0.570578
-0.183301 0.413708 -0.543027
-0.308423 0.468435 -0.498284
-0.416093 0.522655 -0.438071
-0.502176 0.574284 -0.364699
-0.563362 0.621338 -0.280989
-0.5973 0.662009 -0.190158
-0.602686 0.694733 -0.0956962
-0.579313 0.718254 -0.00123351
-0.528079 0.731667 0.0895999
-0.450954 0.734457 0.173314
-0.3509 0.726517 0.24669
-0.231763 0.708152 0.306911
-0.0981213 0.680067 0.35166
0.0448898 0.643342 0.379219
0.191775 0.599388 0.388529
0.336889 0.549894 0.379232
0.474655 0.496763 0.351684
0.59978 0.442036 0.306946
0.707455 0.387815 0.246735
0.793543 0.336185 0.173366
0.854734 0.28913 0.0896582
0.888679 0.248458 -0.0011717
0.894071 0.215731 -0.0956332
0.870705 0.192209 -0.190096
0.819477 0.178793 -0.280931
0.742357 0.176001 -0.364647
0.642308 0.183939 -0.438026
0.523175 0.202302 -0.498249
0.389536 0.230385 -0.543003
0.246526 0.267108 -0.570566
0.0996413 0.31106 -0.57988
-0.0454737 0.360553 -0.570586
-0.183242 0.413684 -0.543043
-0.308371 0.468411 -0.498308
-0.41605 0.522632 -0.4381
-0.502143 0.574262 -0.364734
-0.56334 0.621319 -0.281028
-0.597291 0.661993 -0.190199
-0.60269 0.694721 -0.0957382
-0.579329 0.718246 -0.00127472
-0.528108 0.731664 0.0895611
-0.450993 0.734458 0.173279
-0.350949 0.726523 0.246661
-0.231819 0.708162 0.306887
-0.0981829 0.680081 0.351644
0.0448254 0.64336 0.379211
0.19171 0.599409 0.388529
0.336826 0.549917 0.37924
0.474597 0.496787 0.3517
0.599728 0.44206 0.306969
0.707412 0.387839 0.246765
0.79351 0.336207 0.173401
0.854713 0.28915 0.089697
0.88867 0.248474 -0.00113049
0.894075 0.215744 -0.0955912
0.870721 0.192217 -0.190055
0.819506 0.178797 -0.280892
0.742396 0.176 -0.364612
0.642357 0.183933 -0.437996
0.523231 0.202292 -0.498226
0.389597 0.23037 -0.542986
0.24659 0.26709 -0.570557
0.0997062 0.311039 -0.57988
-0.0454107 0.36053 -0.570594
-0.183184 0.41366 -0.543059
-0.308319 0.468387 -0.498331
-0.416007 0.522608 -0.43813
-0.50211 0.57424 -0.364769
-0.563319 0.621299 -0.281067
-0.597282 0.661976 -0.190241
-0.602694 0.694708 -0.0957802
-0.579346 0.718238 -0.00131593
-0.528136 0.73166 0.0895223
-0.451032 0.734459 0.173244
-0.350998 0.726529 0.246631
-0.231876 0.708172 0.306864
-0.0982444 0.680096 0.351628
0.0447609 0.643378 0.379203
0.191645 0.59943 0.388529
0.336763 0.54994 0.379248
0.474538 0.496811 0.351716
0.599677 0.442084 0.306992
0.707369 0.387862 0.246794
0.793477 0.336229 0.173436
0.854692 0.289169 0.0897358
0.888661 0.24849 -0.00108928
0.894079 0.215756 -0.0955491
0.870738 0.192225 -0.190014
0.819534 0.1788 -0.280853
0.742436 0.175999 -0.364577
0.642405 0.183927 -0.437967
0.523287 0.202281 -0.498203
0.389659 0.230356 -0.54297
0.246655 0.267072 -0.570549
0.0997712 0.311019 -0.57988
-0.0453478 0.360507 -0.570603
-0.183125 0.413636 -0.543075
-0.308267 0.468362 -0.498354
-0.415964 0.522585 -0.43816
-0.502077 0.574218 -0.364804
-0.563298 0.62128 -0.281106
-0.597273 0.66196 -0.190282
-0.602698 0.694696 -0.0958223
-0.579363 0.718229 -0.00135715
-0.528165 0.731656 0.0894835
-0.451072 0.734461 0.173209
-0.351046 0.726534 0.246601
-0.231932 0.708183 0.306841
-0.0983059 0.68011 0.351612
0.0446964 0.643396 0.379195
0.19158 0.59945 0.388529
0.3367 0.549963 0.379256
0.47448 0.496835 0.351733
0.599625 0.442108 0.307016
0.707326 0.387886 0.246824
0.793445 0.336251 0.173471
0.854671 0.289189 0.0897746
0.888652 0.248507 -0.00104807
0.894083 0.215769 -0.0955071
0.870754 0.192233 -0.189973
0.819563 0.178804 -0.280814
0.742475 0.175997 -0.364542
0.642454 0.183921 -0.437937
0.523343 0.202271 -0.498179
0.38972 0.230341 -0.542954
0.246719 0.267054 -0.570541
0.948477 0.0992125 -0.0619008
0.922499 0.0730801 -0.166862
0.865565 0.0581788 -0.26779
0.779861 0.0550813 -0.360805
0.668682 0.0639067 -0.442334
0.5363 0.0843157 -0.509244
0.387801 0.115524 -0.558963
0.228894 0.156333 -0.589581
0.0656837 0.205173 -0.599921
-0.0955576 0.260169 -0.589586
-0.248633 0.319206 -0.558972
-0.387662 0.380016 -0.509257
-0.507299 0.440263 -0.442351
-0.602949 0.49763 -0.360825
-0.670935 0.549914 -0.267811
-0.708645 0.595105 -0.166885
-0.71463 0.631466 -0.0619242
-0.688659 0.657601 0.0430374
-0.631731 0.672505 0.143966
-0.546034 0.675605 0.236984
-0.43486 0.666782 0.318516
-0.302482 0.646376 0.38543
-0.153987 0.615169 0.435153
0.00491911 0.574363 0.465775
0.168129 0.525524 0.476119
0.329372 0.470529 0.465789
0.48245 0.411493 0.43518
0.621482 0.350683 0.385469
0.741124 0.290436 0.318566
0.83678 0.233068 0.237042
0.904772 0.180783 0.144031
0.942489 0.13559 0.0431061
0.948481 0.0992264 -0.0618541
0.922517 0.0730892 -0.166816
0.865596 0.0581828 -0.267746
0.779905 0.05508 -0.360766
0.668736 0.0639002 -0.442301
0.536362 0.0843043 -0.509218
0.38787 0.115508 -0.558946
0.228966 0.156313 -0.589572
0.0657558 0.20515 -0.599921
-0.0954877 0.260144 -0.589595
-0.248568 0.31918 -0.55899
-0.387604 0.379989 -0.509283
-0.507251 0.440237 -0.442384
-0.602913 0.497606 -0.360863
-0.670912 0.549892 -0.267854
-0.708635 0.595086 -0.166931
-0.714634 0.631452 -0.0619708
-0.688678 0.657592 0.0429916
-0.631763 0.672501 0.143923
-0.546078 0.675606 0.236945
-0.434914 0.666789 0.318483
-0.302544 0.646387 0.385404
-0.154055 0.615185 0.435135
0.00484747 0.574383 0.465766
0.168057 0.525547 0.476119
0.329302 0.470555 0.465798
0.482385 0.411519 0.435197
0.621424 0.35071 0.385495
0.741076 0.290462 0.318599
0.836743 0.233092 0.237081
0.904749 0.180804 0.144074
0.942479 0.135608 0.0431519
0.948485 0.0992403 -0.0618074
0.922536 0.0730983 -0.16677
0.865628 0.0581868 -0.267703
0.779949 0.0550788 -0.360728
0.66879 0.0638937 -0.442268
0.536425 0.0842928 -0.509192
0.387938 0.115492 -0.558928
0.229037 0.156293 -0.589563
0.065828 0.205127 -0.599921
-0.0954178 0.260118 -0.589604
-0.248504 0.319153 -0.559008
-0.387546 0.379963 -0.509309
-0.507203 0.44021 -0.442417
-0.602876 0.497581 -0.360902
-0.670888 0.54987 -0.267897
-0.708626 0.595068 -0.166976
-0.714639 0.631438 -0.0620175
-0.688696 0.657583 0.0429458
-0.631795 0.672497 0.14388
-0.546122 0.675607 0.236907
-0.434968 0.666795 0.31845
-0.302607 0.646399 0.385378
-0.154124 0.615201 0.435117
0.00477583 0.574403 0.465757
0.167985 0.52557 0.476119
0.329232 0.47058 0.465807
0.48232 0.411546 0.435215
0.621367 0.350737 0.38552
0.741028 0.290488 0.318632
0.836707 0.233117 0.23712
0.904725 0.180826 0.144117
0.94247 0.135626 0.0431977
0.94849 0.0992542 -0.0617608
0.922554 0.0731075 -0.166725
0.86566 0.0581908 -0.26766
0.779992 0.0550775 -0.360689
0.668844 0.0638872 -0.442235
0.536487 0.0842813 -0.509166
0.388007 0.115476 -0.55891
0.229109 0.156273 -0.589554
0.0659001 0.205104 -0.599921
-0.0953478 0.260093 -0.589613
-0.248439 0.319126 -0.559026
-0.387489 0.379936 -0.509335
-0.507156 0.440184 -0.44245
-0.60284 0.497557 -0.360941
-0.670865 0.549849 -0.267941
-0.708616 0.59505 -0.167022
-0.714643 0.631424 -0.0620642
-0.688715 0.657574 0.0429
-0.631827 0.672493 0.143837
-0.546165 0.675609 0.236868
-0.435023 0.666802 0.318417
-0.302669 0.64641 0.385352
-0.154192 0.615217 0.435099
0.00470419 0.574423 0.465748
0.167913 0.525593 0.476119
0.329162 0.470605 0.465816
0.482255 0.411573 0.435233
0.621309 0.350763 0.385546
0.74098 0.290514 0.318665
0.83667 0.233141 0.237159
0.904702 0.180848 0.14416
0.94246 0.135645 0.0432435
0.948494 0.0992682 -0.0617141
0.922573 0.0731166 -0.166679
0.865691 0.0581948 -0.267617
0.780036 0.0550762 -0.36065
0.668899 0.0638807 -0.442202
0.536549 0.0842698 -0.50914
0.388075 0.11546 -0.558892
0.229181 0.156253 -0.589545
0.0659723 0.205081 -0.599921
-0.0952779 0.260068 -0.589622
-0.248374 0.3191 -0.559044
-0.387431 0.379909 -0.509361
-0.507108 0.440158 -0.442483
-0.602803 0.497532 -0.36098
-0.670841 0.549827 -0.267984
-0.708606 0.595032 -0.167068
-0.714648 0.631411 -0.0621109
-0.688733 0.657564 0.0428542
-0.631858 0.672489 0.143794
-0.546209 0.67561 0.236829
-0.435077 0.666808 0.318384
-0.302732 0.646421 0.385326
-0.15426 0.615233 0.435081
0.968484 -0.0147132 -0.0252534
0.940906 -0.0424553 -0.13668
0.880464 -0.0582745 -0.243824
0.789482 -0.0615628 -0.34257
0.671454 -0.0521938 -0.429121
0.530918 -0.0305276 -0.500152
0.373272 0.00260328 -0.552934
0.204577 0.0459256 -0.585438
0.0313129 0.0977746 -0.596414
-0.13986 0.156158 -0.585442
-0.302365 0.218832 -0.552943
-0.449957 0.283387 -0.500166
-0.576964 0.347345 -0.429138
-0.678506 0.408246 -0.34259
-0.75068 0.46375 -0.243847
-0.790713 0.511725 -0.136704
-0.797066 0.550326 -0.0252782
-0.769496 0.578071 0.0861488
-0.709061 0.593892 0.193295
-0.618085 0.597184 0.292042
-0.500063 0.587817 0.378597
-0.359531 0.566154 0.449632
-0.201889 0.533025 0.502418
-0.0331946 0.489705 0.534926
0.140069 0.437858 0.545908
0.311243 0.379476 0.53494
0.473751 0.316803 0.502446
0.621347 0.252247 0.449673
0.748359 0.188289 0.378649
0.849907 0.127387 0.292104
0.922087 0.0718816 0.193363
0.962128 0.0239052 0.0862217
0.968488 -0.0146984 -0.0252038
0.940926 -0.0424457 -0.136631
0.880498 -0.0582703 -0.243779
0.789528 -0.0615641 -0.342528
0.671512 -0.0522007 -0.429086
0.530984 -0.0305398 -0.500125
0.373345 0.00258628 -0.552915
0.204653 0.0459044 -0.585428
0.0313895 0.0977501 -0.596414
-0.139786 0.156131 -0.585452
-0.302296 0.218803 -0.552962
-0.449896 0.283359 -0.500193
-0.576913 0.347317 -0.429173
-0.678467 0.40822 -0.342631
-0.750655 0.463727 -0.243893
-0.790702 0.511705 -0.136753
-0.797071 0.550311 -0.0253277
-0.769515 0.578061 0.0861002
-0.709095 0.593888 0.193249
-0.618131 0.597185 0.292001
-0.500121 0.587824 0.378561
-0.359597 0.566166 0.449604
-0.201961 0.533042 0.502399
-0.0332706 0.489726 0.534916
0.139992 0.437882 0.545908
0.311169 0.379503 0.53495
0.473682 0.316831 0.502465
0.621286 0.252275 0.4497
0.748308 0.188317 0.378684
0.849868 0.127413 0.292145
0.922062 0.0719046 0.193409
0.962117 0.0239244 0.0862703
0.968493 -0.0146837 -0.0251543
0.940945 -0.042436 -0.136583
0.880532 -0.058266 -0.243733
0.789575 -0.0615655 -0.342487
0.671569 -0.0522076 -0.429051
0.53105 -0.0305519 -0.500097
0.373418 0.00256928 -0.552896
0.204729 0.0458833 -0.585418
0.0314661 0.0977256 -0.596414
-0.139712 0.156104 -0.585462
-0.302227 0.218775 -0.552981
-0.449835 0.28333 -0.500221
-0.576863 0.347289 -0.429208
-0.678428 0.408194 -0.342673
-0.75063 0.463704 -0.243939
-0.790692 0.511686 -0.136801
-0.797075 0.550296 -0.0253773
-0.769535 0.578051 0.0860515
-0.709129 0.593884 0.193203
-0.618178 0.597186 0.29196
-0.500178 0.587831 0.378526
-0.359663 0.566178 0.449576
-0.202034 0.533059 0.50238
-0.0333467 0.489747 0.534907
0.139916 0.437907 0.545908
0.311095 0.37953 0.53496
0.473613 0.316859 0.502484
0.621225 0.252304 0.449728
0.748257 0.188345 0.378719
0.849829 0.127439 0.292186
0.922037 0.0719276 0.193455
0.962107 0.0239437 0.0863189
0.968498 -0.0146689 -0.0251047
0.940965 -0.0424263 -0.136534
0.880565 -0.0582618 -0.243687
0.789621 -0.0615668 -0.342446
0.671627 -0.0522145 -0.429016
0.531117 -0.0305641 -0.500069
0.37349 0.00255228 -0.552877
0.204805 0.0458621 -0.585409
0.0315427 0.097701 -0.596414
-0.139638 0.156077 -0.585471
-0.302158 0.218747 -0.553
-0.449774 0.283302 -0.500248
-0.576812 0.347262 -0.429243
-0.67839 0.408168 -0.342714
-0.750605 0.463681 -0.243985
-0.790682 0.511667 -0.13685
-0.79708 0.550282 -0.0254269
-0.769554 0.578042 0.0860029
-0.709162 0.59388 0.193157
-0.618224 0.597188 0.291919
-0.500236 0.587838 0.378491
-0.35973 0.56619 0.449549
-0.202106 0.533076 0.502361
-0.0334227 0.489769 0.534897
0.139839 0.437931 0.545908
0.311021 0.379557 0.534969
0.473544 0.316888 0.502503
0.621163 0.252333 0.449755
0.748206 0.188372 0.378754
0.849791 0.127465 0.292228
0.922012 0.0719507 0.193501
0.962097 0.0239629 0.0863675
0.968502 -0.0146541 -0.0250551
0.940984 -0.0424166 -0.136485
0.880599 -0.0582575 -0.243641
0.789668 -0.0615682 -0.342405
0.671684 -0.0522214 -0.428981
0.531183 -0.0305763 -0.500042
0.373563 0.00253528 -0.552858
0.204881 0.0458409 -0.585399
0.0316193 0.0976765 -0.596414
-0.139563 0.15605 -0.585481
-0.302089 0.218718 -0.553019
-0.449713 0.283273 -0.500276
-0.576761 0.347234 -0.429278
-0.678351 0.408142 -0.342755
-0.75058 0.463658 -0.24403
-0.790671 0.511648 -0.136899
-0.797085 0.550267 -0.0254764
-0.769574 0.578032 0.0859543
-0.709196 0.593875 0.193112
-0.618271 0.597189 0.291877
-0.500293 0.587845 0.378456
-0.359796 0.566202 0.449521
-0.202179 0.533093 0.502342
-0.0334988 0.48979 0.534887
0.139762 0.437956 0.545908
0.310946 0.379583 0.534979
0.473475 0.316916 0.502522
0.621102 0.252361 0.449783
0.748156 0.1884 0.378789
0.849752 0.127491 0.292269
0.921987 0.0719737 0.193547
0.962086 0.0239822 0.0864161
0.95332 -0.12168 0.0128588
0.925201 -0.149966 -0.100751
0.863576 -0.166095 -0.209995
0.77081 -0.169448 -0.310675
0.65047 -0.159895 -0.398922
0.50718 -0.137805 -0.471346
0.346445 -0.104024 -0.525161
0.174444 -0.0598533 -0.558302
-0.00221501 -0.00698829 -0.569494
-0.176742 0.0525389 -0.558307
-0.342432 0.116441 -0.525171
-0.492916 0.182262 -0.47136
-0.622411 0.247472 -0.39894
-0.725943 0.309567 -0.310696
-0.799531 0.366158 -0.210018
-0.840348 0.415073 -0.100776
-0.846826 0.454431 0.0128335
-0.818715 0.482719 0.126444
-0.757097 0.498851 0.235689
-0.664338 0.502207 0.336372
-0.544003 0.492657 0.424622
-0.400717 0.470569 0.497049
-0.239986 0.436791 0.550869
-0.0679865 0.392622 0.584015
0.108672 0.339759 0.595212
0.283201 0.280233 0.58403
0.448893 0.216332 0.550898
0.59938 0.150511 0.497091
0.728881 0.0852999 0.424676
0.832419 0.0232047 0.336435
0.906014 -0.0333886 0.235759
0.946839 -0.0823052 0.126518
0.953324 -0.121665 0.0129093
0.925221 -0.149956 -0.100701
0.86361 -0.166091 -0.209948
0.770858 -0.169449 -0.310633
0.650529 -0.159902 -0.398887
0.507247 -0.137817 -0.471317
0.346519 -0.104042 -0.525142
0.174521 -0.0598748 -0.558292
-0.0021369 -0.00701329 -0.569494
-0.176667 0.0525114 -0.558317
-0.342361 0.116412 -0.52519
-0.492853 0.182233 -0.471388
-0.62236 0.247444 -0.398976
-0.725903 0.30954 -0.310738
-0.799505 0.366135 -0.210065
-0.840338 0.415053 -0.100825
-0.846831 0.454416 0.012783
-0.818735 0.482709 0.126394
-0.757131 0.498847 0.235643
-0.664385 0.502208 0.33633
-0.544062 0.492664 0.424586
-0.400785 0.470581 0.497021
-0.24006 0.436809 0.55085
-0.0680641 0.392644 0.584005
0.108594 0.339784 0.595212
0.283125 0.28026 0.584039
0.448822 0.216361 0.550918
0.599318 0.15054 0.497119
0.72883 0.0853282 0.424711
0.83238 0.0232311 0.336477
0.905989 -0.0333652 0.235806
0.946828 -0.0822856 0.126568
0.953329 -0.12165 0.0129599
0.925241 -0.149946 -0.100652
0.863644 -0.166087 -0.209902
0.770905 -0.169451 -0.310591
0.650587 -0.159909 -0.398851
0.507315 -0.137829 -0.471289
0.346593 -0.104059 -0.525123
0.174599 -0.0598964 -0.558282
-0.0020588 -0.00703828 -0.569494
-0.176591 0.052484 -0.558327
-0.342291 0.116383 -0.52521
-0.492791 0.182203 -0.471416
-0.622308 0.247416 -0.399012
-0.725864 0.309514 -0.31078
-0.79948 0.366111 -0.210112
-0.840327 0.415034 -0.100875
-0.846836 0.454401 0.0127325
-0.818755 0.482699 0.126345
-0.757165 0.498842 0.235596
-0.664433 0.502209 0.336288
-0.544121 0.492671 0.424551
-0.400853 0.470594 0.496993
-0.240134 0.436826 0.550831
-0.0681416 0.392665 0.583995
0.108516 0.339809 0.595212
0.283049 0.280288 0.584049
0.448752 0.216389 0.550937
0.599256 0.150569 0.497147
0.728778 0.0853565 0.424747
0.83234 0.0232575 0.336519
0.905963 -0.0333417 0.235853
0.946818 -0.0822659 0.126617
0.953334 -0.121635 0.0130104
0.925261 -0.149936 -0.100602
0.863679 -0.166082 -0.209855
0.770952 -0.169452 -0.310549
0.650646 -0.159916 -0.398815
0.507382 -0.137842 -0.471261
0.346667 -0.104076 -0.525103
0.174676 -0.059918 -0.558273
-0.00198069 -0.00706327 -0.569494
-0.176515 0.0524565 -0.558337
-0.342221 0.116354 -0.525229
-0.492729 0.182174 -0.471444
-0.622256 0.247387 -0.399047
-0.725824 0.309487 -0.310822
-0.799454 0.366088 -0.210158
-0.840317 0.415014 -0.100925
-0.84684 0.454386 0.0126819
-0.818775 0.482689 0.126295
-0.7572 0.498838 0.235549
-0.66448 0.502211 0.336246
-0.544179 0.492678 0.424515
-0.40092 0.470606 0.496965
-0.240208 0.436843 0.550811
-0.0682192 0.392687 0.583985
0.108438 0.339834 0.595212
0.282974 0.280315 0.584059
0.448682 0.216418 0.550956
0.599194 0.150598 0.497175
0.728726 0.0853849 0.424783
0.832301 0.0232839 0.336561
0.905938 -0.0333182 0.235899
0.946807 -0.0822463 0.126667
0.953339 -0.12162 0.0130609
0.925281 -0.149926 -0.100553
0.863713 -0.166078 -0.209808
0.771 -0.169453 -0.310507
0.650704 -0.159923 -0.398779
0.50745 -0.137854 -0.471233
0.346741 -0.104094 -0.525084
0.174754 -0.0599396 -0.558263
-0.00190259 -0.00708827 -0.569494
-0.17644 0.0524291 -0.558346
-0.34215 0.116325 -0.525248
-0.492667 0.182145 -0.471472
-0.622204 0.247359 -0.399083
-0.725785 0.309461 -0.310864
-0.799429 0.366065 -0.210205
-0.840306 0.414994 -0.100974
-0.846845 0.454371 0.0126314
-0.818795 0.48268 0.126246
-0.757234 0.498834 0.235503
-0.664527 0.502212 0.336204
-0.544238 0.492685 0.424479
-0.400988 0.470618 0.496937
-0.240282 0.43686 0.550792
-0.0682967 0.392708 0.583975
0.10836 0.339859 0.595212
0.282898 0.280343 0.584069
0.448611 0.216447 0.550976
0.599131 0.150627 0.497203
0.728674 0.0854132 0.424819
0.832261 0.0233103 0.336603
0.905912 -0.0332948 0.235946
0.946797 -0.0822266 0.126716
0.953344 -0.121605 0.0131115
0.925301 -0.149917 -0.100503
0.863747 -0.166073 -0.209762
0.903567 -0.217578 0.0509712
0.875989 -0.245321 -0.0604563
0.815547 -0.26114 -0.167602
0.724564 -0.264428 -0.266348
0.606535 -0.255059 -0.3529
0.465997 -0.233393 -0.423932
0.308351 -0.200261 -0.476714
0.139653 -0.156939 -0.509218
-0.0336117 -0.105089 -0.520195
-0.204786 -0.0467057 -0.509223
-0.367293 0.0159686 -0.476723
-0.514886 0.0805251 -0.423945
-0.641894 0.144483 -0.352917
-0.743437 0.205384 -0.266368
-0.815611 0.260889 -0.167625
-0.855644 0.308864 -0.0604806
-0.861998 0.347466 0.0509464
-0.834427 0.375211 0.162374
-0.773992 0.391033 0.269521
-0.683015 0.394324 0.368269
-0.564992 0.384958 0.454825
-0.424459 0.363294 0.52586
-0.266815 0.330165 0.578647
-0.0981198 0.286844 0.611155
0.0751451 0.234997 0.622137
0.246321 0.176614 0.61117
0.40883 0.113941 0.578675
0.556427 0.0493843 0.525901
0.68344 -0.014574 0.454877
0.784989 -0.0754764 0.368331
0.85717 -0.130983 0.26959
0.897211 -0.178959 0.162447
0.903572 -0.217563 0.0510207
0.876009 -0.245311 -0.0604077
0.815581 -0.261136 -0.167556
0.72461 -0.264429 -0.266307
0.606593 -0.255066 -0.352865
0.466064 -0.233405 -0.423904
0.308423 -0.200278 -0.476695
0.139729 -0.15696 -0.509208
-0.0335351 -0.105114 -0.520195
-0.204712 -0.0467326 -0.509232
-0.367224 0.0159403 -0.476742
-0.514825 0.0804965 -0.423973
-0.641843 0.144455 -0.352952
-0.743398 0.205359 -0.26641
-0.815586 0.260866 -0.16767
-0.855634 0.308845 -0.0605292
-0.862002 0.347451 0.0508968
-0.834447 0.375201 0.162326
-0.774026 0.391029 0.269475
-0.683062 0.394325 0.368228
-0.56505 0.384965 0.454789
-0.424525 0.363306 0.525833
-0.266888 0.330182 0.578628
-0.0981958 0.286866 0.611146
0.0750685 0.235021 0.622137
0.246247 0.176641 0.611179
0.408761 0.113969 0.578694
0.556366 0.0494129 0.525929
0.68339 -0.0145463 0.454912
0.78495 -0.0754505 0.368372
0.857145 -0.13096 0.269636
0.897201 -0.17894 0.162496
0.903577 -0.217549 0.0510703
0.876028 -0.245301 -0.060359
0.815614 -0.261131 -0.16751
0.724657 -0.264431 -0.266265
0.60665 -0.255073 -0.35283
0.46613 -0.233417 -0.423877
0.308496 -0.200295 -0.476676
0.139806 -0.156981 -0.509198
-0.0334585 -0.105138 -0.520195
-0.204638 -0.0467595 -0.509242
-0.367155 0.015912 -0.476761
-0.514764 0.080468 -0.424
-0.641792 0.144427 -0.352987
-0.743359 0.205333 -0.266451
-0.815561 0.260843 -0.167716
-0.855624 0.308826 -0.0605778
-0.862007 0.347436 0.0508472
-0.834466 0.375191 0.162277
-0.77406 0.391024 0.26943
-0.683108 0.394327 0.368187
-0.565107 0.384971 0.454754
-0.424591 0.363318 0.525805
-0.26696 0.330199 0.578609
-0.0982719 0.286887 0.611136
0.0749919 0.235046 0.622137
0.246173 0.176668 0.611189
0.408692 0.113997 0.578713
0.556305 0.0494414 0.525957
0.683339 -0.0145185 0.454947
0.784912 -0.0754246 0.368414
0.85712 -0.130937 0.269681
0.89719 -0.178921 0.162544
0.903581 -0.217534 0.0511198
0.876048 -0.245291 -0.0603104
0.815648 -0.261127 -0.167464
0.724703 -0.264432 -0.266224
0.606708 -0.25508 -0.352795
0.466196 -0.233429 -0.423849
0.308568 -0.200312 -0.476657
0.139882 -0.157002 -0.509189
-0.0333819 -0.105163 -0.520195
-0.204564 -0.0467865 -0.509252
-0.367086 0.0158837 -0.47678
-0.514703 0.0804394 -0.424028
-0.641742 0.1444 -0.353022
-0.743321 0.205307 -0.266492
-0.815536 0.26082 -0.167762
-0.855613 0.308806 -0.0606264
-0.862012 0.347422 0.0507977
-0.834486 0.375182 0.162228
-0.774093 0.39102 0.269384
-0.683155 0.394328 0.368146
-0.565165 0.384978 0.454719
-0.424658 0.36333 0.525778
-0.267033 0.330216 0.57859
-0.0983479 0.286908 0.611126
0.0749153 0.23507 0.622137
0.246098 0.176695 0.611199
0.408623 0.114026 0.578732
0.556244 0.04947 0.525984
0.683288 -0.0144907 0.454982
0.784873 -0.0753988 0.368455
0.857095 -0.130914 0.269727
0.89718 -0.178902 0.162593
0.903586 -0.217519 0.0511694
0.876067 -0.245282 -0.0602618
0.815682 -0.261123 -0.167419
0.72475 -0.264434 -0.266183
0.606765 -0.255087 -0.35276
0.466263 -0.233441 -0.423821
0.308641 -0.200329 -0.476638
0.139958 -0.157023 -0.509179
-0.0333053 -0.105187 -0.520195
-0.20449 -0.0468134 -0.509261
-0.367017 0.0158554 -0.476799
-0.514642 0.0804108 -0.424056
-0.641691 0.144372 -0.353057
-0.743282 0.205281 -0.266533
-0.815511 0.260797 -0.167808
-0.855603 0.308787 -0.060675
-0.862017 0.347407 0.0507481
-0.834505 0.375172 0.16218
-0.774127 0.391016 0.269338
-0.683201 0.394329 0.368105
-0.565222 0.384985 0.454684
-0.424724 0.363343 0.52575
-0.267106 0.330233 0.578571
-0.098424 0.286929 0.611117
0.0748387 0.235095 0.622137
0.246024 0.176722 0.611208
0.408554 0.114054 0.578751
0.556183 0.0494986 0.526012
0.683237 -0.0144629 0.455017
0.784834 -0.0753729 0.368496
0.85707 -0.13089 0.269773
0.89717 -0.178882 0.162642
0.821138 -0.298722 0.0876191
0.79516 -0.324854 -0.0173439
0.738225 -0.339756 -0.118273
0.652519 -0.342854 -0.211291
0.541338 -0.334028 -0.292821
0.408954 -0.313619 -0.359732
0.260453 -0.28241 -0.409452
0.101543 -0.2416 -0.440071
-0.0616707 -0.192759 -0.450411
-0.222915 -0.137762 -0.440075
-0.375993 -0.0787239 -0.409461
-0.515024 -0.0179126 -0.359745
-0.634664 0.0423348 -0.292838
-0.730315 0.099703 -0.21131
-0.798303 0.151988 -0.118295
-0.836013 0.197179 -0.0173668
-0.841998 0.233542 0.0875957
-0.816027 0.259677 0.192559
-0.759098 0.274581 0.29349
-0.673399 0.277681 0.386509
-0.562223 0.268858 0.468043
-0.429843 0.248451 0.534958
-0.281345 0.217245 0.584682
-0.122436 0.176437 0.615304
0.0407766 0.127597 0.625649
0.202022 0.0726019 0.615318
0.355103 0.0135643 0.584708
0.494137 -0.0472469 0.534997
0.613782 -0.107495 0.468093
0.709439 -0.164864 0.386568
0.777433 -0.21715 0.293555
0.815151 -0.262343 0.192628
0.821143 -0.298708 0.0876658
0.795178 -0.324845 -0.0172981
0.738256 -0.339752 -0.11823
0.652563 -0.342855 -0.211252
0.541393 -0.334035 -0.292788
0.409016 -0.31363 -0.359706
0.260521 -0.282426 -0.409435
0.101614 -0.24162 -0.440062
-0.0615986 -0.192782 -0.450411
-0.222845 -0.137788 -0.440084
-0.375929 -0.0787506 -0.409479
-0.514967 -0.0179396 -0.359771
-0.634616 0.0423086 -0.292871
-0.730279 0.0996787 -0.211349
-0.798279 0.151966 -0.118338
-0.836004 0.197161 -0.0174126
-0.842003 0.233528 0.087549
-0.816046 0.259668 0.192513
-0.75913 0.274577 0.293447
-0.673443 0.277682 0.386471
-0.562278 0.268865 0.46801
-0.429905 0.248463 0.534932
-0.281413 0.217261 0.584664
-0.122508 0.176457 0.615295
0.0407045 0.12762 0.625649
0.201952 0.0726273 0.615327
0.355038 0.0135909 0.584726
0.49408 -0.04722 0.535022
0.613734 -0.107468 0.468126
0.709403 -0.164839 0.386606
0.777409 -0.217128 0.293598
0.815141 -0.262325 0.192674
0.821147 -0.298694 0.0877124
0.795197 -0.324836 -0.0172524
0.738288 -0.339748 -0.118187
0.652607 -0.342856 -0.211213
0.541447 -0.334041 -0.292755
0.409079 -0.313642 -0.359681
0.26059 -0.282442 -0.409417
0.101686 -0.24164 -0.440053
-0.0615264 -0.192805 -0.450411
-0.222775 -0.137813 -0.440094
-0.375864 -0.0787772 -0.409497
-0.514909 -0.0179665 -0.359797
-0.634568 0.0422824 -0.292904
-0.730243 0.0996543 -0.211388
-0.798256 0.151944 -0.118381
-0.835994 0.197143 -0.0174584
-0.842007 0.233514 0.0875023
-0.816064 0.259659 0.192468
-0.759162 0.274573 0.293404
-0.673487 0.277684 0.386432
-0.562332 0.268871 0.467977
-0.429968 0.248474 0.534906
-0.281482 0.217277 0.584646
-0.12258 0.176477 0.615286
0.0406323 0.127644 0.625649
0.201882 0.0726526 0.615336
0.354973 0.0136176 0.584744
0.494022 -0.047193 0.535048
0.613686 -0.107442 0.468159
0.709366 -0.164815 0.386645
0.777386 -0.217106 0.293641
0.815131 -0.262307 0.192719
0.821151 -0.29868 0.0877591
0.795215 -0.324827 -0.0172066
0.73832 -0.339744 -0.118144
0.652651 -0.342857 -0.211174
0.541501 -0.334048 -0.292722
0.409141 -0.313653 -0.359655
0.260658 -0.282458 -0.409399
0.101757 -0.24166 -0.440043
-0.0614542 -0.192828 -0.450411
-0.222705 -0.137838 -0.440103
-0.375799 -0.0788039 -0.409515
-0.514851 -0.0179934 -0.359823
-0.63452 0.0422563 -0.292937
-0.730206 0.0996299 -0.211427
-0.798232 0.151923 -0.118424
-0.835984 0.197125 -0.0175042
-0.842012 0.2335 0.0874557
-0.816083 0.25965 0.192422
-0.759193 0.274569 0.293361
-0.673531 0.277685 0.386393
-0.562386 0.268878 0.467944
-0.43003 0.248486 0.53488
-0.28155 0.217293 0.584628
-0.122651 0.176497 0.615277
0.0405602 0.127667 0.625649
0.201812 0.072678 0.615345
0.354908 0.0136442 0.584762
0.493965 -0.0471661 0.535074
0.613638 -0.107416 0.468192
0.70933 -0.164791 0.386684
0.777362 -0.217085 0.293684
0.815121 -0.262289 0.192765
0.821156 -0.298666 0.0878058
0.795234 -0.324818 -0.0171608
0.738351 -0.33974 -0.118101
0.652695 -0.342859 -0.211135
0.541555 -0.334054 -0.292689
0.409204 -0.313665 -0.359629
0.260726 -0.282474 -0.409381
0.101829 -0.24168 -0.440034
-0.0613821 -0.192851 -0.450411
-0.222635 -0.137864 -0.440112
-0.375734 -0.0788305 -0.409533
-0.514794 -0.0180203 -0.359849
-0.634472 0.0422301 -0.29297
-0.73017 0.0996055 -0.211465
-0.798209 0.151901 -0.118467
-0.835975 0.197107 -0.01755
-0.842016 0.233486 0.087409
-0.816101 0.25964 0.192376
-0.759225 0.274565 0.293317
-0.673574 0.277686 0.386354
-0.56244 0.268884 0.467911
-0.430093 0.248497 0.534854
-0.281619 0.217309 0.58461
0.7092 -0.361992 0.121394
0.68582 -0.385512 0.0269292
0.634579 -0.398923 -0.0639057
0.557446 -0.40171 -0.14762
0.457385 -0.393768 -0.220996
0.338241 -0.375399 -0.281215
0.204592 -0.347312 -0.325962
0.0615756 -0.310584 -0.353518
-0.0853137 -0.266628 -0.362824
-0.230431 -0.217132 -0.353522
-0.368199 -0.163998 -0.32597
-0.493324 -0.109269 -0.281227
-0.600998 -0.0550471 -0.221011
-0.687083 -0.00341657 -0.147637
-0.748271 0.0436387 -0.0639251
-0.78221 0.0843106 0.0269086
-0.787596 0.117036 0.121373
-0.764223 0.140557 0.215839
-0.712987 0.153971 0.306675
-0.63586 0.156761 0.390391
-0.535803 0.14882 0.46377
-0.416663 0.130455 0.523992
-0.283017 0.102369 0.568743
-0.140002 0.0656429 0.596303
0.0068873 0.0216879 0.605613
0.152005 -0.0278072 0.596315
0.289776 -0.0809401 0.568767
0.414905 -0.135669 0.524027
0.522583 -0.189891 0.463814
0.608673 -0.241523 0.390443
0.669866 -0.288579 0.306733
0.703812 -0.329253 0.2159
0.709204 -0.36198 0.121436
0.685837 -0.385503 0.0269704
0.634608 -0.398919 -0.0638669
0.557485 -0.401712 -0.147585
0.457434 -0.393773 -0.220966
0.338297 -0.37541 -0.281192
0.204654 -0.347326 -0.325946
0.0616401 -0.310602 -0.35351
-0.0852487 -0.266648 -0.362824
-0.230368 -0.217154 -0.353531
-0.368141 -0.164022 -0.325986
-0.493273 -0.109293 -0.28125
-0.600955 -0.0550707 -0.221041
-0.68705 -0.00343852 -0.147672
-0.74825 0.0436192 -0.0639639
-0.782201 0.0842943 0.0268674
-0.7876 0.117023 0.121331
-0.764239 0.140549 0.215797
-0.713016 0.153967 0.306636
-0.635899 0.156762 0.390356
-0.535852 0.148826 0.46374
-0.416719 0.130465 0.523968
-0.283079 0.102383 0.568727
-0.140066 0.0656609 0.596294
0.00682235 0.0217086 0.605613
0.151943 -0.0277843 0.596323
0.289718 -0.0809161 0.568783
0.414853 -0.135645 0.52405
0.52254 -0.189868 0.463844
0.60864 -0.241501 0.390478
0.669845 -0.28856 0.306772
0.703803 -0.329236 0.215942
0.709208 -0.361967 0.121478
0.685853 -0.385495 0.0270116
0.634636 -0.398916 -0.063828
0.557525 -0.401713 -0.14755
0.457482 -0.393779 -0.220937
0.338353 -0.37542 -0.281168
0.204715 -0.347341 -0.32593
0.0617046 -0.31062 -0.353502
-0.0851838 -0.266669 -0.362824
-0.230305 -0.217177 -0.353539
-0.368082 -0.164046 -0.326002
-0.493221 -0.109317 -0.281273
-0.600912 -0.0550942 -0.22107
-0.687018 -0.00346047 -0.147707
-0.748228 0.0435997 -0.0640027
-0.782192 0.0842779 0.0268262
-0.787604 0.117011 0.121289
-0.764256 0.140541 0.215756
-0.713045 0.153964 0.306597
-0.635939 0.156763 0.390321
-0.535901 0.148832 0.46371
-0.416775 0.130475 0.523945
-0.28314 0.102398 0.56871
-0.140131 0.0656788 0.596286
0.00675741 0.0217294 0.605613
0.15188 -0.0277615 0.596331
0.289659 -0.0808921 0.568799
0.414801 -0.135621 0.524073
0.522497 -0.189844 0.463874
0.608607 -0.241479 0.390513
0.669824 -0.28854 0.306811
0.703794 -0.32922 0.215983
0.709212 -0.361955 0.12152
0.68587 -0.385487 0.0270528
0.634665 -0.398912 -0.0637892
0.557564 -0.401714 -0.147515
0.457531 -0.393785 -0.220907
0.338409 -0.37543 -0.281145
0.204777 -0.347355 -0.325914
0.0617691 -0.310638 -0.353494
-0.0851189 -0.26669 -0.362824
-0.230242 -0.2172 -0.353547
-0.368024 -0.16407 -0.326018
-0.493169 -0.109342 -0.281297
-0.600869 -0.0551178 -0.2211
-0.686985 -0.00348242 -0.147742
-0.748207 0.0435802 -0.0640416
-0.782184 0.0842616 0.026785
-0.787608 0.116998 0.121247
-0.764272 0.140533 0.215715
-0.713073 0.15396 0.306558
-0.635978 0.156764 0.390286
-0.535949 0.148838 0.463681
-0.416831 0.130486 0.523922
-0.283202 0.102412 0.568694
-0.140195 0.0656968 0.596278
0.00669246 0.0217502 0.605613
0.151817 -0.0277387 0.596339
0.289601 -0.0808681 0.568815
0.414749 -0.135596 0.524097
0.522454 -0.189821 0.463903
0.608575 -0.241457 0.390548
0.669803 -0.288521 0.306849
0.703785 -0.329204 0.216024
0.709216 -0.361942 0.121562
0.685887 -0.385479 0.0270941
0.634693 -0.398908 -0.0637504
0.557604 -0.401715 -0.14748
0.45758 -0.393791 -0.220877
0.338466 -0.375441 -0.281122
0.204839 -0.347369 -0.325898
0.0618335 -0.310656 -0.353485
0.572055 -0.404959 0.150999
0.552172 -0.424961 0.0706618
0.508594 -0.436366 -0.0065879
0.442997 -0.438737 -0.0777818
0.357901 -0.431982 -0.140184
0.256576 -0.416361 -0.191397
0.142916 -0.392474 -0.229451
0.0212886 -0.361239 -0.252886
-0.103632 -0.323857 -0.2608
-0.227046 -0.281764 -0.25289
-0.344209 -0.236577 -0.229458
-0.450621 -0.190033 -0.191407
-0.542191 -0.14392 -0.140197
-0.615401 -0.100012 -0.0777967
-0.667438 -0.0599939 -0.00660441
-0.696301 -0.0254049 0.0706443
-0.700882 0.00242612 0.150981
-0.681004 0.0224297 0.231318
-0.637431 0.033837 0.308569
-0.571839 0.0362098 0.379764
-0.486747 0.0294569 0.442169
-0.385425 0.0138378 0.493384
-0.271767 -0.0100474 0.531442
-0.150141 -0.0412806 0.55488
-0.0252206 -0.0786618 0.562798
0.0981938 -0.120754 0.554891
0.215359 -0.165941 0.531463
0.321774 -0.212485 0.493414
0.413348 -0.258597 0.442207
0.486562 -0.302507 0.379809
0.538604 -0.342526 0.308618
0.567472 -0.377116 0.231371
0.572058 -0.404948 0.151034
0.552186 -0.424954 0.0706968
0.508619 -0.436363 -0.00655488
0.443031 -0.438738 -0.0777521
0.357942 -0.431987 -0.140159
0.256624 -0.41637 -0.191377
0.142968 -0.392486 -0.229438
0.0213434 -0.361255 -0.252879
-0.103577 -0.323875 -0.2608
-0.226992 -0.281783 -0.252897
-0.34416 -0.236597 -0.229472
-0.450577 -0.190053 -0.191426
-0.542155 -0.14394 -0.140222
-0.615374 -0.10003 -0.0778264
-0.66742 -0.0600105 -0.00663742
-0.696294 -0.0254188 0.0706092
-0.700885 0.00241548 0.150945
-0.681018 0.0224227 0.231283
-0.637456 0.033834 0.308536
-0.571872 0.0362108 0.379735
-0.486788 0.0294619 0.442144
-0.385473 0.0138466 0.493364
-0.27182 -0.0100351 0.531428
-0.150196 -0.0412654 0.554873
-0.0252759 -0.0786441 0.562798
0.0981403 -0.120735 0.554898
0.21531 -0.16592 0.531476
0.32173 -0.212464 0.493434
0.413311 -0.258577 0.442232
0.486535 -0.302488 0.379839
0.538586 -0.342509 0.308651
0.567465 -0.377102 0.231406
0.572062 -0.404938 0.15107
0.5522 -0.424947 0.0707319
0.508643 -0.43636 -0.00652187
0.443064 -0.438739 -0.0777224
0.357984 -0.431992 -0.140133
0.256672 -0.416379 -0.191357
0.143021 -0.392499 -0.229424
0.0213982 -0.36127 -0.252872
-0.103522 -0.323892 -0.2608
-0.226939 -0.281802 -0.252904
-0.34411 -0.236617 -0.229486
-0.450533 -0.190074 -0.191446
-0.542118 -0.14396 -0.140247
-0.615346 -0.100049 -0.0778561
-0.667402 -0.0600271 -0.00667043
-0.696286 -0.0254327 0.0705742
-0.700888 0.00240484 0.150909
-0.681032 0.0224157 0.231248
-0.63748 0.0338309 0.308503
-0.571906 0.0362118 0.379705
-0.48683 0.0294669 0.442118
-0.385521 0.0138554 0.493344
-0.271872 -0.0100228 0.531415
-0.150251 -0.0412501 0.554866
-0.0253311 -0.0786265 0.562798
0.0980868 -0.120716 0.554905
0.21526 -0.1659 0.53149
0.321686 -0.212443 0.493454
0.413275 -0.258557 0.442257
0.486507 -0.302469 0.379868
0.538568 -0.342492 0.308684
0.567457 -0.377088 0.231441
0.572065 -0.404927 0.151106
0.552214 -0.42494 0.0707669
0.508667 -0.436357 -0.00648885
0.443098 -0.43874 -0.0776927
0.358025 -0.431997 -0.140108
0.256719 -0.416387 -0.191337
0.143073 -0.392511 -0.22941
0.0214531 -0.361285 -0.252865
-0.103466 -0.32391 -0.2608
-0.226885 -0.281822 -0.252911
-0.34406 -0.236638 -0.229499
-0.450489 -0.190095 -0.191466
-0.542081 -0.14398 -0.140272
-0.615318 -0.100068 -0.0778858
-0.667384 -0.0600437 -0.00670344
-0.696279 -0.0254466 0.0705391
-0.700892 0.0023942 0.150874
-0.681046 0.0224087 0.231213
-0.637504 0.0338278 0.30847
-0.571939 0.0362128 0.379675
0.414973 -0.425971 0.175295
0.39935 -0.441686 0.112173
0.365111 -0.450648 0.0514774
0.31357 -0.45251 -0.00446046
0.246709 -0.447203 -0.0534906
0.167097 -0.434929 -0.0937288
0.0777934 -0.416161 -0.123629
-0.0177705 -0.39162 -0.142042
-0.115922 -0.362248 -0.14826
-0.212889 -0.329175 -0.142045
-0.304946 -0.293671 -0.123634
-0.388555 -0.257101 -0.0937366
-0.460503 -0.22087 -0.0535005
-0.518025 -0.18637 -0.00447213
-0.55891 -0.154928 0.0514644
-0.581588 -0.127751 0.11216
-0.585187 -0.105884 0.175281
-0.569569 -0.0901667 0.238403
-0.535334 -0.0812039 0.299099
-0.483797 -0.0793395 0.355039
-0.416939 -0.0846453 0.40407
-0.33733 -0.0969175 0.444311
-0.248028 -0.115684 0.474213
-0.152465 -0.140225 0.492629
-0.0543133 -0.169595 0.49885
0.0426548 -0.202668 0.492637
0.134713 -0.238171 0.474229
0.218324 -0.274741 0.444334
0.290275 -0.310973 0.4041
0.3478 -0.345473 0.355074
0.38869 -0.376916 0.299138
0.411372 -0.404094 0.238444
0.414975 -0.425962 0.175323
0.399361 -0.441681 0.112201
0.36513 -0.450645 0.0515033
0.313597 -0.452511 -0.00443712
0.246742 -0.447207 -0.0534707
0.167135 -0.434936 -0.0937132
0.0778345 -0.416171 -0.123618
-0.0177274 -0.391632 -0.142036
-0.115879 -0.362262 -0.14826
-0.212847 -0.32919 -0.14205
-0.304907 -0.293687 -0.123645
-0.38852 -0.257117 -0.0937522
-0.460474 -0.220886 -0.0535204
-0.518003 -0.186385 -0.00449548
-0.558896 -0.154941 0.0514385
-0.581583 -0.127762 0.112132
-0.58519 -0.105892 0.175253
-0.56958 -0.0901722 0.238375
-0.535353 -0.0812063 0.299073
-0.483824 -0.0793387 0.355015
-0.416972 -0.0846414 0.404051
-0.337367 -0.0969106 0.444295
-0.248069 -0.115675 0.474203
-0.152508 -0.140213 0.492623
-0.0543567 -0.169582 0.49885
0.0426127 -0.202653 0.492643
0.134674 -0.238155 0.47424
0.21829 -0.274725 0.44435
0.290246 -0.310957 0.40412
0.347778 -0.345458 0.355097
0.388676 -0.376903 0.299164
0.411366 -0.404083 0.238472
0.414978 -0.425954 0.175351
0.399372 -0.441675 0.112228
0.365149 -0.450643 0.0515292
0.313623 -0.452512 -0.00441377
0.246775 -0.447211 -0.0534509
0.167172 -0.434943 -0.0936976
0.0778757 -0.41618 -0.123607
-0.0176843 -0.391644 -0.142031
-0.115835 -0.362276 -0.14826
-0.212805 -0.329205 -0.142056
-0.304868 -0.293703 -0.123656
-0.388486 -0.257133 -0.0937678
-0.460445 -0.220901 -0.0535402
-0.517981 -0.1864 -0.00451882
-0.558882 -0.154954 0.0514125
-0.581577 -0.127773 0.112104
-0.585193 -0.1059 0.175225
-0.569591 -0.0901777 0.238348
-0.535372 -0.0812087 0.299048
-0.48385 -0.079338 0.354992
-0.417004 -0.0846375 0.404031
-0.337405 -0.0969037 0.44428
-0.24811 -0.115665 0.474192
-0.152551 -0.140201 0.492618
-0.0544001 -0.169568 0.49885
0.0425707 -0.202638 0.492648
0.134635 -0.238139 0.474251
0.24399 -0.42422 0.193349
0.233228 -0.435045 0.149868
0.209643 -0.441218 0.108059
0.17414 -0.442501 0.0695266
0.128083 -0.438845 0.0357527
0.0732436 -0.430391 0.00803508
0.0117276 -0.417463 -0.0125613
-0.0541005 -0.400557 -0.0252448
-0.121711 -0.380325 -0.0295282
-0.188506 -0.357543 -0.0252467
-0.251918 -0.333086 -0.012565
-0.309511 -0.307896 0.0080297
-0.359072 -0.282938 0.0357459
-0.398695 -0.259174 0.0695186
-0.426859 -0.237515 0.10805
-0.44248 -0.218794 0.149859
-0.444959 -0.203731 0.193339
-0.434201 -0.192905 0.23682
-0.410618 -0.186731 0.27863
-0.375118 -0.185447 0.317163
-0.329064 -0.189102 0.350938
-0.274225 -0.197555 0.378658
-0.212711 -0.210482 0.399256
-0.146883 -0.227387 0.411941
-0.0792726 -0.247618 0.416226
-0.0124773 -0.2704 0.411947
0.0509361 -0.294856 0.399267
0.108531 -0.320047 0.378674
0.158093 -0.345005 0.350959
0.197719 -0.36877 0.317188
0.225885 -0.390429 0.278657
0.241509 -0.40915 0.236849
0.243991 -0.424214 0.193368
0.233236 -0.435041 0.149887
0.209656 -0.441217 0.108077
0.174158 -0.442502 0.0695427
0.128106 -0.438848 0.0357664
0.0732695 -0.430396 0.00804582
0.0117559 -0.417469 -0.0125539
-0.0540709 -0.400566 -0.0252411
-0.121681 -0.380335 -0.0295282
-0.188477 -0.357553 -0.0252505
-0.251891 -0.333097 -0.0125724
-0.309488 -0.307907 0.00801896
-0.359052 -0.282949 0.0357322
-0.39868 -0.259184 0.0695025
-0.426849 -0.237524 0.108032
-0.442476 -0.218802 0.14984
-0.444961 -0.203737 0.19332
-0.434209 -0.192909 0.236801
-0.410631 -0.186733 0.278613
-0.375136 -0.185446 0.317147
-0.329086 -0.189099 0.350925
-0.274251 -0.19755 0.378647
-0.212739 -0.210476 0.399248
-0.146913 -0.227378 0.411937
-0.0793025 -0.247609 0.416226
-0.0125063 -0.27039 0.41195
0.0509092 -0.294845 0.399274
0.108507 -0.320036 0.378684
0.158073 -0.344994 0.350973
0.197704 -0.36876 0.317204
0.225875 -0.39042 0.278675
0.0656767 -0.399773 0.204467
0.06019 -0.405293 0.182299
0.0481649 -0.40844 0.160982
0.0300636 -0.409094 0.141336
0.00658157 -0.40723 0.124116
-0.0213787 -0.40292 0.109985
-0.0527429 -0.396328 0.0994834
-0.0863055 -0.387709 0.0930166
-0.120777 -0.377394 0.0908328
-0.154833 -0.365778 0.0930157
-0.187164 -0.353309 0.0994815
-0.216528 -0.340465 0.109982
-0.241796 -0.327741 0.124113
-0.261998 -0.315624 0.141332
-0.276357 -0.304581 0.160977
-0.284322 -0.295037 0.182294
-0.285586 -0.287357 0.204462
-0.280101 -0.281837 0.226631
-0.268077 -0.278689 0.247948
-0.249977 -0.278034 0.267595
-0.226496 -0.279898 0.284815
-0.198537 -0.284208 0.298948
-0.167173 -0.290799 0.30945
-0.133611 -0.299418 0.315917
-0.0991396 -0.309733 0.318102
-0.0650838 -0.321348 0.31592
-0.0327523 -0.333817 0.309455
-0.00338753 -0.346661 0.298956
0.021882 -0.359385 0.284825
0.0420853 -0.371502 0.267607
0.056446 -0.382545 0.247962
0.0644121 -0.39209 0.226646
-0.113114 -0.353571 0.208223
