-0.922573 0.281813 6.28204e-11
-0.934528 0.242503 6.21934e-11
-0.934152 0.243213 6.1942e-11
-0.93333 0.245407 6.16999e-11
-0.932092 0.248999 6.14773e-11
-0.930487 0.253851 6.12818e-11
-0.928576 0.259778 6.11212e-11
-0.926432 0.26655 6.10023e-11
-0.924138 0.273909 6.09293e-11
-0.921782 0.281571 6.09044e-11
-0.919454 0.289241 6.09292e-11
-0.917245 0.296626 6.10023e-11
-0.915238 0.30344 6.11215e-11
-0.913512 0.309423 6.1282e-11
-0.912131 0.314345 6.14772e-11
-0.91115 0.318015 6.16997e-11
-0.910607 0.320294 6.1942e-11
-0.910521 0.321094 6.21933e-11
-0.910896 0.320383 6.24448e-11
-0.911718 0.31819 6.26863e-11
-0.912956 0.314599 6.29095e-11
-0.914561 0.309746 6.31049e-11
-0.916472 0.30382 6.32653e-11
-0.918616 0.297048 6.3384e-11
-0.92091 0.289689 6.34574e-11
-0.923266 0.282028 6.34821e-11
-0.925593 0.274357 6.34575e-11
-0.927803 0.266973 6.33844e-11
-0.92981 0.260158 6.32651e-11
-0.931536 0.254175 6.31047e-11
-0.932917 0.249253 6.29097e-11
-0.933898 0.245582 6.26865e-11
-0.934442 0.243303 6.24449e-11
-0.945926 0.204673 6.03362e-11
-0.945189 0.206067 5.98427e-11
-0.943576 0.21037 5.93685e-11
-0.941148 0.217416 5.89311e-11
-0.938 0.226935 5.85482e-11
-0.93425 0.23856 5.82339e-11
-0.930045 0.251844 5.79999e-11
-0.925545 0.266279 5.78562e-11
-0.920924 0.281308 5.78078e-11
-0.916359 0.296354 5.78564e-11
-0.912024 0.310839 5.80002e-11
-0.908088 0.324206 5.82338e-11
-0.904701 0.335942 5.85481e-11
-0.901994 0.345596 5.89314e-11
-0.90007 0.352797 5.93687e-11
-0.899003 0.357267 5.98427e-11
-0.898835 0.358835 6.03362e-11
-0.899571 0.357442 6.08293e-11
-0.901184 0.35314 6.13035e-11
-0.903611 0.346094 6.17407e-11
-0.90676 0.336576 6.21238e-11
-0.910509 0.324952 6.24384e-11
-0.914714 0.311667 6.26719e-11
-0.919214 0.297233 6.28162e-11
-0.923835 0.282204 6.28647e-11
-0.928401 0.267158 6.28161e-11
-0.932735 0.252673 6.26719e-11
-0.936671 0.239305 6.24383e-11
-0.940058 0.227568 6.21241e-11
-0.942766 0.217914 6.17406e-11
-0.94469 0.210713 6.13037e-11
-0.945757 0.206242 6.08295e-11
-0.945926 0.204673 6.03365e-11
-0.94519 0.206066 5.9843e-11
-0.943577 0.210368 5.93687e-11
-0.94115 0.217412 5.89312e-11
-0.938001 0.22693 5.85486e-11
-0.934252 0.238554 5.82339e-11
-0.930047 0.251838 5.80005e-11
-0.925547 0.266272 5.78565e-11
-0.920926 0.281301 5.78076e-11
-0.916361 0.296347 5.78561e-11
-0.912026 0.310833 5.79999e-11
-0.90809 0.324201 5.82338e-11
-0.904703 0.335938 5.85482e-11
-0.901995 0.345592 5.89312e-11
-0.90007 0.352794 5.93685e-11
-0.899003 0.357266 5.98426e-11
-0.898834 0.358835 6.03361e-11
-0.89957 0.357443 6.08291e-11
-0.901183 0.353142 6.13034e-11
-0.90361 0.346098 6.17407e-11
-0.906758 0.336581 6.21242e-11
-0.910507 0.324957 6.24383e-11
-0.914712 0.311673 6.26719e-11
-0.919212 0.29724 6.28159e-11
-0.923833 0.282211 6.28648e-11
-0.928399 0.267165 6.2816e-11
-0.932733 0.252679 6.26718e-11
-0.936669 0.239311 6.24384e-11
-0.940057 0.227573 6.21246e-11
-0.942765 0.217918 6.17411e-11
-0.944689 0.210716 6.13041e-11
-0.956329 0.169778 5.73205e-11
-0.95526 0.171802 5.66041e-11
-0.952918 0.178049 5.59154e-11
-0.949394 0.188278 5.52811e-11
-0.944822 0.202097 5.47246e-11
-0.939379 0.218974 5.42682e-11
-0.933274 0.23826 5.3929e-11
-0.926742 0.259216 5.37203e-11
-0.920032 0.281034 5.36493e-11
-0.913404 0.302878 5.37205e-11
-0.907112 0.323907 5.39289e-11
-0.901398 0.343314 5.42684e-11
-0.896481 0.360352 5.47246e-11
-0.89255 0.374367 5.52807e-11
-0.889757 0.38482 5.59153e-11
-0.888208 0.39131 5.66042e-11
-0.887963 0.393587 5.73204e-11
-0.889032 0.391564 5.80362e-11
-0.891374 0.385318 5.8725e-11
-0.894898 0.37509 5.93593e-11
-0.899469 0.361272 5.99159e-11
-0.904912 0.344396 6.03725e-11
-0.911017 0.32511 6.07115e-11
-0.917549 0.304155 6.09204e-11
-0.924259 0.282336 6.09909e-11
-0.930887 0.260492 6.09202e-11
-0.937179 0.239463 6.07117e-11
-0.942894 0.220056 6.03728e-11
-0.947811 0.203017 5.9916e-11
-0.951742 0.189001 5.93596e-11
-0.954535 0.178547 5.87252e-11
-0.956084 0.172056 5.80366e-11
-0.956329 0.169778 5.73205e-11
-0.955261 0.171801 5.66045e-11
-0.952919 0.178045 5.59156e-11
-0.949395 0.188273 5.52811e-11
-0.944824 0.20209 5.4725e-11
-0.939382 0.218966 5.42685e-11
-0.933277 0.238251 5.39294e-11
-0.926745 0.259206 5.37202e-11
-0.920035 0.281025 5.36496e-11
-0.913407 0.302869 5.37201e-11
-0.907115 0.323898 5.3929e-11
-0.9014 0.343306 5.42683e-11
-0.896483 0.360345 5.47247e-11
-0.892552 0.374362 5.52808e-11
-0.889758 0.384817 5.59151e-11
-0.888208 0.391308 5.66037e-11
-0.887963 0.393587 5.73199e-11
-0.889032 0.391566 5.80361e-11
-0.891373 0.385322 5.87245e-11
-0.894896 0.375095 5.93589e-11
-0.899467 0.361279 5.99157e-11
-0.904909 0.344404 6.03721e-11
-0.911014 0.325119 6.07112e-11
-0.917546 0.304164 6.09203e-11
-0.924256 0.282346 6.0991e-11
-0.930884 0.260502 6.09208e-11
-0.937176 0.239472 6.07115e-11
-0.942891 0.220064 6.03726e-11
-0.947809 0.203024 5.99162e-11
-0.95174 0.189007 5.93599e-11
-0.954534 0.178551 5.87256e-11
-0.956084 0.172058 5.80368e-11
-0.956329 0.169778 5.73209e-11
-0.955261 0.171799 5.66047e-11
-0.952921 0.178042 5.59158e-11
-0.949397 0.188268 5.52813e-11
-0.944827 0.202083 5.47253e-11
-0.939385 0.218958 5.42686e-11
-0.93328 0.238242 5.39296e-11
-0.926748 0.259197 5.37203e-11
-0.920038 0.281015 5.36495e-11
-0.91341 0.302859 5.372e-11
-0.907118 0.323889 5.39291e-11
-0.901403 0.343298 5.42682e-11
-0.896485 0.360338 5.47242e-11
-0.892553 0.374356 5.52802e-11
-0.889759 0.384813 5.59152e-11
-0.888209 0.391306 5.66037e-11
-0.887963 0.393587 5.73195e-11
-0.889031 0.391568 5.80359e-11
-0.891371 0.385326 5.87244e-11
-0.894894 0.375101 5.93589e-11
-0.899465 0.361286 5.99153e-11
-0.904907 0.344412 6.03722e-11
-0.911011 0.325128 6.07111e-11
-0.917544 0.304174 6.09204e-11
-0.924253 0.282356 6.09909e-11
-0.930881 0.260511 6.09207e-11
-0.937174 0.239481 6.0712e-11
-0.965338 0.139159 5.32617e-11
-0.963977 0.141735 5.235e-11
-0.960997 0.149686 5.14738e-11
-0.956511 0.162705 5.0666e-11
-0.950693 0.180293 4.99581e-11
-0.943765 0.201773 4.93772e-11
-0.935995 0.22632 4.89452e-11
-0.92768 0.252991 4.86795e-11
-0.919141 0.280761 4.85897e-11
-0.910705 0.308563 4.86797e-11
-0.902697 0.335328 4.89454e-11
-0.895424 0.360028 4.93773e-11
-0.889166 0.381714 4.99583e-11
-0.884163 0.399551 5.0666e-11
-0.880607 0.412856 5.14738e-11
-0.878636 0.421116 5.23503e-11
-0.878325 0.424014 5.32616e-11
-0.879685 0.421439 5.41729e-11
-0.882666 0.41349 5.50494e-11
-0.887151 0.400472 5.5857e-11
-0.892969 0.382885 5.65655e-11
-0.899896 0.361406 5.71465e-11
-0.907666 0.336859 5.75782e-11
-0.915981 0.310188 5.78439e-11
-0.92452 0.282418 5.79338e-11
-0.932956 0.254616 5.78436e-11
-0.940965 0.227851 5.75783e-11
-0.948238 0.20315 5.71461e-11
-0.954496 0.181464 5.65653e-11
-0.9595 0.163625 5.58575e-11
-0.963055 0.15032 5.50499e-11
-0.965027 0.142059 5.41736e-11
-0.965338 0.139159 5.32621e-11
-0.963978 0.141733 5.23503e-11
-0.960998 0.149681 5.14741e-11
-0.956513 0.162698 5.06661e-11
-0.950695 0.180284 4.99585e-11
-0.943768 0.201763 4.93773e-11
-0.935998 0.226309 4.89455e-11
-0.927684 0.252979 4.86796e-11
-0.919145 0.280749 4.85897e-11
-0.910709 0.308551 4.86797e-11
-0.9027 0.335317 4.89455e-11
-0.895427 0.360018 4.93769e-11
-0.889168 0.381705 4.99579e-11
-0.884165 0.399545 5.06656e-11
-0.880609 0.412851 5.14739e-11
-0.878637 0.421114 5.23498e-11
-0.878325 0.424014 5.32611e-11
-0.879685 0.421442 5.41726e-11
-0.882664 0.413495 5.5049e-11
-0.887149 0.400479 5.58569e-11
-0.892966 0.382894 5.65645e-11
-0.899893 0.361416 5.71459e-11
-0.907663 0.33687 5.75778e-11
-0.915977 0.3102 5.78437e-11
-0.924516 0.28243 5.79339e-11
-0.932952 0.254628 5.78439e-11
-0.940961 0.227862 5.75782e-11
-0.948235 0.203161 5.71465e-11
-0.954494 0.181473 5.65656e-11
-0.959498 0.163632 5.5858e-11
-0.963054 0.150325 5.50502e-11
-0.965026 0.142061 5.41738e-11
-0.965339 0.139159 5.32625e-11
-0.963979 0.141731 5.23511e-11
-0.961 0.149676 5.14748e-11
-0.956515 0.162691 5.06669e-11
-0.950698 0.180275 4.99589e-11
-0.943772 0.201753 4.93777e-11
-0.936002 0.226298 4.89456e-11
-0.927688 0.252967 4.86797e-11
-0.919149 0.280737 4.85895e-11
-0.910712 0.308539 4.86794e-11
-0.902704 0.335305 4.8945e-11
-0.89543 0.360008 4.93767e-11
-0.889171 0.381696 4.99576e-11
-0.884166 0.399538 5.06655e-11
-0.88061 0.412846 5.1473e-11
-0.878637 0.421111 5.23495e-11
-0.878324 0.424014 5.32607e-11
-0.879684 0.421444 5.41722e-11
-0.882662 0.413499 5.50487e-11
-0.887146 0.400485 5.58567e-11
-0.892963 0.382902 5.65644e-11
-0.89989 0.361426 5.7146e-11
-0.907659 0.336882 5.7578e-11
-0.915973 0.310212 5.78436e-11
-0.924513 0.282443 5.79338e-11
-0.932949 0.254641 5.78439e-11
-0.940958 0.227874 5.75787e-11
-0.948232 0.203171 5.7147e-11
-0.954491 0.181482 5.65658e-11
-0.959496 0.163639 5.58583e-11
-0.963053 0.150329 5.50505e-11
-0.965026 0.142064 5.41742e-11
-0.965339 0.139159 5.32631e-11
-0.96398 0.141728 5.23517e-11
-0.961001 0.149672 5.14748e-11
-0.956518 0.162685 5.06669e-11
-0.950701 0.180267 4.99591e-11
-0.943775 0.201742 4.93777e-11
-0.936006 0.226286 4.89459e-11
-0.927692 0.252955 4.86801e-11
-0.919152 0.280724 4.85897e-11
-0.910716 0.308527 4.86792e-11
-0.902707 0.335294 4.89451e-11
-0.895433 0.359997 4.93764e-11
-0.889173 0.381687 4.99573e-11
-0.884168 0.399531 5.0665e-11
-0.880611 0.412842 5.14728e-11
-0.878638 0.421109 5.23491e-11
-0.878324 0.424014 5.32604e-11
-0.879683 0.421446 5.4172e-11
-0.882661 0.413504 5.50485e-11
-0.887144 0.400492 5.58562e-11
-0.972606 0.113992 4.83165e-11
-0.971006 0.117021 4.72445e-11
-0.967501 0.12637 4.6214e-11
-0.962227 0.141679 4.52643e-11
-0.955385 0.16236 4.44318e-11
-0.947239 0.187618 4.37486e-11
-0.938102 0.216483 4.32406e-11
-0.928326 0.247845 4.29286e-11
-0.918284 0.280499 4.2823e-11
-0.908365 0.313191 4.29288e-11
-0.898948 0.344663 4.32404e-11
-0.890396 0.373707 4.37486e-11
-0.883037 0.399207 4.44315e-11
-0.877154 0.420182 4.52641e-11
-0.872973 0.435826 4.62143e-11
-0.870656 0.445539 4.72443e-11
-0.87029 0.448947 4.83161e-11
-0.871889 0.445919 4.93879e-11
-0.875394 0.436572 5.04183e-11
-0.880668 0.421264 5.13682e-11
-0.887509 0.400584 5.22007e-11
-0.895655 0.375327 5.28841e-11
-0.904792 0.346463 5.33916e-11
-0.914568 0.315101 5.37043e-11
-0.92461 0.282447 5.381e-11
-0.934529 0.249756 5.37043e-11
-0.943946 0.218283 5.3392e-11
-0.952499 0.189238 5.28843e-11
-0.959858 0.163738 5.22011e-11
-0.965741 0.142762 5.13687e-11
-0.969922 0.127116 5.04187e-11
-0.97224 0.117402 4.93884e-11
-0.972607 0.113992 4.83167e-11
-0.971007 0.117019 4.72452e-11
-0.967503 0.126365 4.62144e-11
-0.962229 0.141671 4.52646e-11
-0.955388 0.16235 4.44321e-11
-0.947243 0.187606 4.37488e-11
-0.938107 0.21647 4.32411e-11
-0.92833 0.247831 4.29287e-11
-0.918289 0.280485 4.28229e-11
-0.908369 0.313176 4.29287e-11
-0.898952 0.34465 4.32406e-11
-0.890399 0.373695 4.37483e-11
-0.88304 0.399196 4.44317e-11
-0.877156 0.420174 4.52638e-11
-0.872975 0.435821 4.62135e-11
-0.870656 0.445536 4.72438e-11
-0.870289 0.448947 4.83157e-11
-0.871888 0.445922 4.93872e-11
-0.875392 0.436577 5.04179e-11
-0.880665 0.421272 5.13677e-11
-0.887506 0.400594 5.22003e-11
-0.895651 0.375339 5.28839e-11
-0.904787 0.346476 5.33914e-11
-0.914564 0.315115 5.37041e-11
-0.924605 0.282462 5.38096e-11
-0.934525 0.24977 5.37042e-11
-0.943942 0.218296 5.3392e-11
-0.952495 0.18925 5.28844e-11
-0.959855 0.163748 5.22014e-11
-0.965739 0.14277 5.13689e-11
-0.969921 0.127121 5.04189e-11
-0.97224 0.117404 4.93888e-11
-0.972607 0.113992 4.83172e-11
-0.971008 0.117016 4.72452e-11
-0.967505 0.126359 4.62147e-11
-0.962232 0.141663 4.5265e-11
-0.955392 0.16234 4.44328e-11
-0.947247 0.187594 4.37493e-11
-0.938111 0.216456 4.32411e-11
-0.928334 0.247817 4.29288e-11
-0.918293 0.28047 4.28228e-11
-0.908373 0.313162 4.29284e-11
-0.898956 0.344636 4.32404e-11
-0.890403 0.373683 4.37482e-11
-0.883043 0.399186 4.4431e-11
-0.877159 0.420165 4.52636e-11
-0.872976 0.435815 4.62129e-11
-0.870657 0.445533 4.72435e-11
-0.870289 0.448947 4.83151e-11
-0.871887 0.445925 4.93872e-11
-0.87539 0.436583 5.04171e-11
-0.880663 0.42128 5.13674e-11
-0.887503 0.400604 5.21998e-11
-0.895647 0.375351 5.28833e-11
-0.904783 0.34649 5.33913e-11
-0.91456 0.31513 5.37041e-11
-0.924601 0.282476 5.38098e-11
-0.934521 0.249784 5.37045e-11
-0.943938 0.21831 5.33918e-11
-0.952492 0.189262 5.28848e-11
-0.959852 0.163758 5.22015e-11
-0.965737 0.142778 5.13695e-11
-0.969919 0.127127 5.04195e-11
-0.972239 0.117407 4.93893e-11
-0.972607 0.113992 4.83178e-11
-0.97101 0.117013 4.72457e-11
-0.967507 0.126354 4.62149e-11
-0.962235 0.141655 4.52653e-11
-0.955395 0.16233 4.44328e-11
-0.947251 0.187582 4.37491e-11
-0.938115 0.216443 4.32414e-11
-0.928339 0.247802 4.29289e-11
-0.918298 0.280456 4.28229e-11
-0.908378 0.313148 4.29282e-11
-0.89896 0.344623 4.32404e-11
-0.890406 0.373671 4.37479e-11
-0.883046 0.399176 4.4431e-11
-0.877161 0.420157 4.52633e-11
-0.872978 0.435809 4.62125e-11
-0.870657 0.44553 4.72433e-11
-0.870289 0.448947 4.83149e-11
-0.871886 0.445927 4.93864e-11
-0.875388 0.436588 5.04171e-11
-0.88066 0.421288 5.13669e-11
-0.887499 0.400615 5.21995e-11
-0.895643 0.375363 5.2883e-11
-0.904779 0.346503 5.33911e-11
-0.914555 0.315144 5.37039e-11
-0.924596 0.282491 5.38098e-11
-0.934516 0.249798 5.37047e-11
-0.943934 0.218323 5.33924e-11
-0.952488 0.189275 5.2885e-11
-0.959849 0.163769 5.2202e-11
-0.965734 0.142786 5.13699e-11
-0.969918 0.127133 5.04201e-11
-0.972239 0.11741 4.93897e-11
-0.972608 0.113992 4.8318e-11
-0.971011 0.11701 4.72464e-11
-0.967509 0.126348 4.62157e-11
-0.962237 0.141647 4.52656e-11
-0.955398 0.162319 4.44328e-11
-0.947255 0.18757 4.37496e-11
-0.938119 0.216429 4.32417e-11
-0.928343 0.247788 4.29285e-11
-0.977855 0.0952445 4.26739e-11
-0.976077 0.0986105 4.14828e-11
-0.972182 0.108998 4.0338e-11
-0.966321 0.126009 3.92827e-11
-0.958719 0.148988 3.83578e-11
-0.949668 0.177054 3.75986e-11
-0.939516 0.209127 3.70343e-11
-0.928652 0.243974 3.66871e-11
-0.917495 0.280258 3.65699e-11
-0.906473 0.316583 3.66874e-11
-0.89601 0.351553 3.70348e-11
-0.886507 0.383825 3.75988e-11
-0.87833 0.412159 3.83577e-11
-0.871794 0.435465 3.92826e-11
-0.867148 0.452848 4.0338e-11
-0.864573 0.463641 4.1483e-11
-0.864166 0.467427 4.26737e-11
-0.865944 0.464063 4.38646e-11
-0.869838 0.453677 4.50097e-11
-0.875698 0.436667 4.60651e-11
-0.8833 0.413689 4.699e-11
-0.892351 0.385625 4.77492e-11
-0.902503 0.353553 4.83135e-11
-0.913366 0.318706 4.86607e-11
-0.924523 0.282422 4.8778e-11
-0.935546 0.246097 4.86611e-11
-0.946009 0.211126 4.83137e-11
-0.955512 0.178854 4.77495e-11
-0.963689 0.150519 4.69906e-11
-0.970226 0.127212 4.60655e-11
-0.974872 0.109827 4.50102e-11
-0.977448 0.0990329 4.38652e-11
-0.977855 0.0952446 4.26745e-11
-0.976078 0.0986075 4.14832e-11
-0.972184 0.108992 4.03388e-11
-0.966324 0.126 3.9283e-11
-0.958723 0.148977 3.83581e-11
-0.949673 0.17704 3.75993e-11
-0.939521 0.209112 3.70349e-11
-0.928657 0.243958 3.66874e-11
-0.9175 0.280242 3.65699e-11
-0.906478 0.316567 3.66872e-11
-0.896014 0.351538 3.70342e-11
-0.886511 0.383812 3.75984e-11
-0.878333 0.412147 3.83573e-11
-0.871796 0.435456 3.92822e-11
-0.86715 0.452842 4.03374e-11
-0.864573 0.463637 4.14825e-11
-0.864166 0.467427 4.26731e-11
-0.865943 0.464066 4.3864e-11
-0.869836 0.453683 4.50094e-11
-0.875695 0.436676 4.60646e-11
-0.883296 0.4137 4.69898e-11
-0.892346 0.385638 4.7749e-11
-0.902498 0.353568 4.8313e-11
-0.913361 0.318721 4.86608e-11
-0.924518 0.282438 4.87781e-11
-0.935541 0.246113 4.8661e-11
-0.946005 0.211141 4.83138e-11
-0.955508 0.178867 4.775e-11
-0.963686 0.150531 4.69907e-11
-0.970224 0.127221 4.60658e-11
-0.97487 0.109833 4.50106e-11
-0.977447 0.0990361 4.3866e-11
-0.977855 0.0952447 4.26747e-11
-0.976079 0.0986044 4.14841e-11
-0.972187 0.108986 4.03388e-11
-0.966327 0.125991 3.92836e-11
-0.958727 0.148966 3.83585e-11
-0.949677 0.177027 3.75994e-11
-0.939525 0.209097 3.7035e-11
-0.928662 0.243943 3.66875e-11
-0.917505 0.280225 3.65702e-11
-0.906483 0.316551 3.6687e-11
-0.896019 0.351523 3.7034e-11
-0.886515 0.383798 3.7598e-11
-0.878337 0.412136 3.8357e-11
-0.871799 0.435447 3.92817e-11
-0.867151 0.452836 4.03371e-11
-0.864574 0.463634 4.1482e-11
-0.864165 0.467427 4.26726e-11
-0.865941 0.464069 4.38636e-11
-0.869833 0.453689 4.50089e-11
-0.875692 0.436685 4.60643e-11
-0.883292 0.413712 4.69893e-11
-0.892342 0.385652 4.77484e-11
-0.902493 0.353582 4.8313e-11
-0.913356 0.318737 4.86605e-11
-0.924514 0.282455 4.87781e-11
-0.935536 0.246129 4.8661e-11
-0.946 0.211156 4.83144e-11
-0.955504 0.178881 4.77502e-11
-0.963683 0.150542 4.69914e-11
-0.970221 0.12723 4.60663e-11
-0.974869 0.109839 4.50113e-11
-0.977447 0.0990394 4.38663e-11
-0.977856 0.0952448 4.26755e-11
-0.97608 0.0986013 4.14846e-11
-0.972189 0.10898 4.03396e-11
-0.96633 0.125982 3.92838e-11
-0.958731 0.148954 3.83589e-11
-0.949681 0.177014 3.75995e-11
-0.93953 0.209082 3.70351e-11
-0.928667 0.243927 3.66878e-11
-0.91751 0.280209 3.65699e-11
-0.906487 0.316535 3.6687e-11
-0.896023 0.351508 3.70337e-11
-0.886519 0.383785 3.75979e-11
-0.87834 0.412124 3.83568e-11
-0.871801 0.435438 3.9281e-11
-0.867153 0.452829 4.03363e-11
-0.864575 0.463631 4.14816e-11
-0.864165 0.467427 4.26724e-11
-0.86594 0.464072 4.38634e-11
-0.869831 0.453695 4.50082e-11
-0.875689 0.436694 4.60638e-11
-0.883289 0.413723 4.69892e-11
-0.892338 0.385665 4.77484e-11
-0.902489 0.353597 4.8313e-11
-0.913352 0.318753 4.86605e-11
-0.924509 0.282471 4.87778e-11
-0.935531 0.246145 4.86611e-11
-0.945996 0.211171 4.83143e-11
-0.9555 0.178894 4.77505e-11
-0.963679 0.150553 4.69915e-11
-0.970219 0.127239 4.60671e-11
-0.974867 0.109846 4.50114e-11
-0.977446 0.0990426 4.38671e-11
-0.977856 0.0952449 4.26759e-11
-0.976082 0.0985983 4.14851e-11
-0.972191 0.108974 4.034e-11
-0.966333 0.125973 3.92842e-11
-0.958734 0.148943 3.83594e-11
-0.949685 0.177 3.75997e-11
-0.939535 0.209067 3.70353e-11
-0.928672 0.243911 3.66878e-11
-0.917515 0.280193 3.65697e-11
-0.906492 0.316519 3.66869e-11
-0.896027 0.351493 3.70339e-11
-0.886523 0.383771 3.75973e-11
-0.878343 0.412113 3.83565e-11
-0.871804 0.435429 3.92808e-11
-0.867155 0.452823 4.0336e-11
-0.864575 0.463628 4.14808e-11
-0.864165 0.467427 4.26715e-11
-0.865939 0.464075 4.38625e-11
-0.869829 0.453701 4.50076e-11
-0.875686 0.436703 4.60634e-11
-0.883285 0.413735 4.69886e-11
-0.892334 0.385678 4.7748e-11
-0.902484 0.353612 4.83129e-11
-0.980882 0.0836367 3.65518e-11
-0.978994 0.0872101 3.52873e-11
-0.97486 0.0982378 3.4072e-11
-0.968638 0.116296 3.29518e-11
-0.960567 0.140691 3.19699e-11
-0.950959 0.170485 3.11641e-11
-0.940181 0.204534 3.05647e-11
-0.928648 0.241528 3.01962e-11
-0.916804 0.280046 3.00717e-11
-0.905103 0.318609 3.01962e-11
-0.893995 0.355733 3.05651e-11
-0.883907 0.389993 3.11641e-11
-0.875226 0.420072 3.19698e-11
-0.868287 0.444814 3.29517e-11
-0.863356 0.463268 3.4072e-11
-0.860622 0.474725 3.52875e-11
-0.86019 0.478745 3.65519e-11
-0.862077 0.475173 3.78159e-11
-0.866211 0.464147 3.90317e-11
-0.872432 0.44609 4.01517e-11
-0.880502 0.421697 4.11342e-11
-0.890111 0.391904 4.194e-11
-0.900888 0.357856 4.25389e-11
-0.912421 0.320862 4.29073e-11
-0.924265 0.282344 4.30321e-11
-0.935966 0.243782 4.29075e-11
-0.947074 0.206657 4.2539e-11
-0.957163 0.172396 4.19404e-11
-0.965843 0.142316 4.11341e-11
-0.972783 0.117573 4.01522e-11
-0.977715 0.0991172 3.90322e-11
-0.98045 0.0876585 3.78163e-11
-0.980882 0.0836368 3.65522e-11
-0.978995 0.0872068 3.52881e-11
-0.974862 0.0982314 3.40727e-11
-0.968641 0.116287 3.29521e-11
-0.960571 0.140679 3.19702e-11
-0.950963 0.170471 3.11645e-11
-0.940186 0.204518 3.05656e-11
-0.928654 0.241511 3.01962e-11
-0.916809 0.280029 3.00717e-11
-0.905108 0.318592 3.0196e-11
-0.894 0.355717 3.05647e-11
-0.883911 0.389979 3.11637e-11
-0.87523 0.42006 3.19693e-11
-0.86829 0.444804 3.29512e-11
-0.863357 0.463261 3.40717e-11
-0.860622 0.474722 3.52868e-11
-0.86019 0.478745 3.65512e-11
-0.862076 0.475177 3.78155e-11
-0.866209 0.464154 3.90311e-11
-0.872429 0.4461 4.0151e-11
-0.880498 0.421709 4.11337e-11
-0.890106 0.391918 4.19397e-11
-0.900883 0.357872 4.25383e-11
-0.912415 0.320879 4.29074e-11
-0.92426 0.282361 4.3032e-11
-0.935961 0.243798 4.29077e-11
-0.94707 0.206673 4.25391e-11
-0.957158 0.17241 4.19404e-11
-0.96584 0.142328 4.11347e-11
-0.972781 0.117582 4.01528e-11
-0.977713 0.0991239 3.90325e-11
-0.980449 0.0876619 3.78168e-11
-0.980882 0.0836369 3.6553e-11
-0.978997 0.0872036 3.52884e-11
-0.974864 0.0982249 3.40731e-11
-0.968644 0.116277 3.29524e-11
-0.960575 0.140667 3.19708e-11
-0.950968 0.170457 3.11645e-11
-0.940191 0.204502 3.05655e-11
-0.928659 0.241494 3.01964e-11
-0.916814 0.280012 3.00718e-11
-0.905113 0.318575 3.01961e-11
-0.894004 0.355701 3.05646e-11
-0.883915 0.389964 3.11635e-11
-0.875233 0.420048 3.19689e-11
-0.868292 0.444795 3.29504e-11
-0.863359 0.463255 3.40711e-11
-0.860623 0.474718 3.52866e-11
-0.860189 0.478745 3.65507e-11
-0.862074 0.47518 3.78146e-11
-0.866206 0.46416 3.90306e-11
-0.872426 0.446109 4.0151e-11
-0.880494 0.421721 4.11333e-11
-0.890101 0.391932 4.19393e-11
-0.900878 0.357888 4.2538e-11
-0.91241 0.320896 4.29069e-11
-0.924255 0.282378 4.30319e-11
-0.935956 0.243815 4.29076e-11
-0.947065 0.206688 4.25393e-11
-0.957154 0.172425 4.19406e-11
-0.965837 0.14234 4.1135e-11
-0.972778 0.117592 4.0153e-11
-0.977712 0.0991306 3.9033e-11
-0.980448 0.0876653 3.78177e-11
-0.980883 0.083637 3.65537e-11
-0.978998 0.0872003 3.52888e-11
-0.974867 0.0982184 3.40735e-11
-0.968647 0.116268 3.29531e-11
-0.960579 0.140655 3.19709e-11
-0.950972 0.170443 3.11648e-11
-0.940196 0.204486 3.05659e-11
-0.928664 0.241478 3.01965e-11
-0.91682 0.279995 3.00719e-11
-0.905118 0.318558 3.01955e-11
-0.894009 0.355686 3.05647e-11
-0.883919 0.38995 3.11628e-11
-0.875237 0.420035 3.19685e-11
-0.868295 0.444785 3.295e-11
-0.863361 0.463248 3.40705e-11
-0.860624 0.474715 3.52858e-11
-0.860189 0.478745 3.65502e-11
-0.862073 0.475183 3.78143e-11
-0.866204 0.464167 3.903e-11
-0.872423 0.446119 4.01504e-11
-0.88049 0.421733 4.11327e-11
-0.890097 0.391946 4.1939e-11
-0.900873 0.357903 4.25381e-11
-0.912405 0.320913 4.29069e-11
-0.924249 0.282396 4.30321e-11
-0.935951 0.243832 4.29076e-11
-0.94706 0.206704 4.25396e-11
-0.95715 0.172439 4.1941e-11
-0.965833 0.142353 4.11352e-11
-0.972775 0.117602 4.01539e-11
-0.97771 0.0991372 3.90336e-11
-0.980448 0.0876688 3.78181e-11
-0.980883 0.0836371 3.65541e-11
-0.978999 0.0871971 3.52895e-11
-0.974869 0.098212 3.4074e-11
-0.96865 0.116258 3.29532e-11
-0.960583 0.140643 3.19714e-11
-0.950977 0.170429 3.11651e-11
-0.940201 0.20447 3.05658e-11
-0.928669 0.241461 3.01965e-11
-0.916825 0.279978 3.00718e-11
-0.905123 0.318541 3.01955e-11
-0.894014 0.35567 3.05641e-11
-0.883924 0.389936 3.11625e-11
-0.87524 0.420023 3.19684e-11
-0.868298 0.444775 3.29499e-11
-0.863363 0.463241 3.40703e-11
-0.860624 0.474711 3.52852e-11
-0.860189 0.478745 3.65494e-11
-0.862072 0.475186 3.78136e-11
-0.866202 0.464173 3.90294e-11
-0.87242 0.446128 4.01498e-11
-0.880486 0.421745 4.11321e-11
-0.890092 0.39196 4.19386e-11
-0.900868 0.357919 4.25376e-11
-0.9124 0.32093 4.2907e-11
-0.924244 0.282413 4.3032e-11
-0.935946 0.243849 4.29081e-11
-0.947055 0.20672 4.25395e-11
-0.957146 0.172453 4.19414e-11
-0.96583 0.142365 4.11358e-11
-0.972773 0.117611 4.0154e-11
-0.977708 0.0991439 3.90343e-11
-0.980447 0.0876722 3.78185e-11
-0.98157 0.0796148 3.01849e-11
-0.979646 0.0832582 2.88954e-11
-0.97543 0.094502 2.76567e-11
-0.969087 0.112914 2.65141e-11
-0.960858 0.137787 2.55131e-11
-0.951061 0.168165 2.46914e-11
-0.940072 0.202881 2.40808e-11
-0.928314 0.2406 2.37049e-11
-0.916237 0.279873 2.3578e-11
-0.904307 0.319191 2.37048e-11
-0.892981 0.357043 2.40807e-11
-0.882695 0.391974 2.46915e-11
-0.873845 0.422643 2.55133e-11
-0.86677 0.447869 2.6514e-11
-0.861742 0.466685 2.76563e-11
-0.858954 0.478367 2.88958e-11
-0.858514 0.482465 3.01847e-11
-0.860438 0.478824 3.14734e-11
-0.864653 0.467582 3.27131e-11
-0.870996 0.449171 3.38553e-11
-0.879224 0.424299 3.48568e-11
-0.889021 0.393922 3.56781e-11
-0.900009 0.359208 3.62891e-11
-0.911768 0.321489 3.66653e-11
-0.923844 0.282216 3.6792e-11
-0.935775 0.242898 3.66652e-11
-0.947101 0.205045 3.62894e-11
-0.957387 0.170113 3.56787e-11
-0.966238 0.139444 3.48572e-11
-0.973313 0.114216 3.38559e-11
-0.978342 0.0953987 3.27136e-11
-0.98113 0.0837154 3.14743e-11
-0.981571 0.0796149 3.01853e-11
-0.979647 0.0832549 2.88962e-11
-0.975433 0.0944955 2.76569e-11
-0.96909 0.112905 2.6515e-11
-0.960862 0.137775 2.55131e-11
-0.951066 0.168151 2.46916e-11
-0.940077 0.202865 2.40812e-11
-0.928319 0.240583 2.37049e-11
-0.916242 0.279856 2.3578e-11
-0.904312 0.319174 2.37045e-11
-0.892986 0.357027 2.40806e-11
-0.8827 0.39196 2.4691e-11
-0.873848 0.42263 2.55126e-11
-0.866772 0.447859 2.65135e-11
-0.861743 0.466678 2.76558e-11
-0.858955 0.478363 2.88956e-11
-0.858513 0.482465 3.01844e-11
-0.860437 0.478827 3.1473e-11
-0.86465 0.467588 3.27124e-11
-0.870993 0.44918 3.38548e-11
-0.87922 0.424311 3.48564e-11
-0.889016 0.393937 3.5678e-11
-0.900004 0.359224 3.62888e-11
-0.911763 0.321506 3.66652e-11
-0.923839 0.282233 3.67917e-11
-0.93577 0.242915 3.66654e-11
-0.947096 0.205062 3.62896e-11
-0.957382 0.170128 3.56793e-11
-0.966234 0.139456 3.48575e-11
-0.973311 0.114226 3.38566e-11
-0.97834 0.0954055 3.27144e-11
-0.981129 0.0837189 3.14744e-11
-0.981571 0.079615 3.01859e-11
-0.979648 0.0832516 2.88966e-11
-0.975435 0.0944889 2.76577e-11
-0.969093 0.112895 2.6515e-11
-0.960866 0.137763 2.55139e-11
-0.951071 0.168136 2.4692e-11
-0.940082 0.202849 2.40813e-11
-0.928324 0.240566 2.3705e-11
-0.916248 0.279838 2.35781e-11
-0.904317 0.319157 2.37046e-11
-0.892991 0.357011 2.40807e-11
-0.882704 0.391945 2.46907e-11
-0.873852 0.422618 2.55123e-11
-0.866775 0.44785 2.65132e-11
-0.861745 0.466671 2.76555e-11
-0.858955 0.47836 2.88947e-11
-0.858513 0.482465 3.01835e-11
-0.860435 0.47883 3.14725e-11
-0.864648 0.467595 3.27122e-11
-0.87099 0.44919 3.38545e-11
-0.879216 0.424324 3.48558e-11
-0.889011 0.393951 3.56778e-11
-0.899999 0.35924 3.62888e-11
-0.911757 0.321523 3.66649e-11
-0.923834 0.282251 3.6792e-11
-0.935765 0.242932 3.66654e-11
-0.947091 0.205078 3.62895e-11
-0.957378 0.170142 3.56795e-11
-0.96623 0.139469 3.4858e-11
-0.973308 0.114236 3.38568e-11
-0.978338 0.0954123 3.27152e-11
-0.981129 0.0837224 3.14754e-11
-0.981571 0.0796151 3.01862e-11
-0.97965 0.0832483 2.88975e-11
-0.975437 0.0944823 2.76582e-11
-0.969096 0.112885 2.65157e-11
-0.96087 0.13775 2.55143e-11
-0.951075 0.168122 2.46922e-11
-0.940088 0.202832 2.40814e-11
-0.92833 0.240549 2.3705e-11
-0.916253 0.279821 2.35779e-11
-0.904322 0.31914 2.37045e-11
-0.892996 0.356994 2.40801e-11
-0.882708 0.391931 2.46905e-11
-0.873856 0.422605 2.55121e-11
-0.866778 0.44784 2.65126e-11
-0.861747 0.466665 2.76548e-11
-0.858956 0.478356 2.88943e-11
-0.858513 0.482465 3.01829e-11
-0.860434 0.478834 3.14718e-11
-0.864646 0.467601 3.27118e-11
-0.870986 0.4492 3.38539e-11
-0.879212 0.424336 3.48553e-11
-0.889007 0.393966 3.56775e-11
-0.899994 0.359256 3.62886e-11
-0.911752 0.32154 3.66648e-11
-0.923828 0.282268 3.67919e-11
-0.935759 0.242949 3.66654e-11
-0.947086 0.205094 3.62899e-11
-0.957374 0.170157 3.56796e-11
-0.966227 0.139481 3.48586e-11
-0.973305 0.114245 3.38573e-11
-0.978337 0.0954191 3.27151e-11
-0.981128 0.0837259 3.14759e-11
-0.981572 0.0796152 3.01869e-11
-0.979651 0.083245 2.88982e-11
-0.97544 0.0944757 2.76587e-11
-0.9691 0.112876 2.65164e-11
-0.960874 0.137738 2.55145e-11
-0.95108 0.168107 2.46927e-11
-0.940093 0.202816 2.40815e-11
-0.928335 0.240531 2.37054e-11
-0.916259 0.279803 2.35779e-11
-0.904328 0.319122 2.37043e-11
-0.893 0.356978 2.408e-11
-0.882713 0.391916 2.469e-11
-0.873859 0.422593 2.55115e-11
-0.86678 0.44783 2.65122e-11
-0.861749 0.466658 2.76547e-11
-0.858957 0.478353 2.88937e-11
-0.858512 0.482465 3.01824e-11
-0.860433 0.478837 3.14715e-11
-0.864643 0.467608 3.27113e-11
-0.870983 0.449209 3.38534e-11
-0.879208 0.424348 3.48552e-11
-0.889002 0.39398 3.56769e-11
-0.899989 0.359272 3.62884e-11
-0.911747 0.321557 3.66649e-11
-0.923823 0.282286 3.67917e-11
-0.935754 0.242966 3.66656e-11
-0.947081 0.20511 3.62903e-11
-0.95737 0.170172 3.56801e-11
-0.966223 0.139494 3.48589e-11
-0.973302 0.114255 3.3858e-11
-0.978335 0.0954259 3.27159e-11
-0.981127 0.0837294 3.14764e-11
-0.981572 0.0796153 3.01875e-11
-0.979652 0.0832417 2.88988e-11
-0.975442 0.0944691 2.76595e-11
-0.979895 0.0833334 2.38179e-11
-0.978007 0.0869068 2.25535e-11
-0.973873 0.0979346 2.1338e-11
-0.967651 0.115993 2.02177e-11
-0.95958 0.140388 1.92359e-11
-0.949972 0.170183 1.84305e-11
-0.939194 0.204231 1.78312e-11
-0.927661 0.241226 1.74623e-11
-0.915817 0.279745 1.73378e-11
-0.904115 0.318307 1.74626e-11
-0.893007 0.355432 1.78311e-11
-0.882919 0.389692 1.84301e-11
-0.874239 0.419772 1.92359e-11
-0.867299 0.444514 2.02176e-11
-0.862368 0.462968 2.13378e-11
-0.859634 0.474425 2.25537e-11
-0.859202 0.478445 2.38179e-11
-0.861089 0.474873 2.50827e-11
-0.865223 0.463847 2.62976e-11
-0.871444 0.44579 2.74181e-11
-0.879514 0.421396 2.84e-11
-0.889123 0.391603 2.9206e-11
-0.899901 0.357555 2.9805e-11
-0.911433 0.320561 3.01736e-11
-0.923278 0.282043 3.02983e-11
-0.934979 0.24348 3.01738e-11
-0.946087 0.206354 2.98051e-11
-0.956176 0.172093 2.92065e-11
-0.964856 0.142013 2.84006e-11
-0.971796 0.11727 2.74187e-11
-0.976728 0.0988141 2.62981e-11
-0.979463 0.0873552 2.50828e-11
-0.979895 0.0833335 2.38183e-11
-0.978008 0.0869035 2.2554e-11
-0.973875 0.0979282 2.13383e-11
-0.967654 0.115984 2.02185e-11
-0.959584 0.140376 1.92364e-11
-0.949976 0.170169 1.84305e-11
-0.939199 0.204216 1.78312e-11
-0.927666 0.241209 1.74626e-11
-0.915822 0.279728 1.73379e-11
-0.90412 0.318291 1.74623e-11
-0.893012 0.355416 1.7831e-11
-0.882923 0.389678 1.84298e-11
-0.874242 0.419759 1.92353e-11
-0.867302 0.444504 2.02174e-11
-0.86237 0.462961 2.13374e-11
-0.859634 0.474422 2.25531e-11
-0.859202 0.478445 2.38173e-11
-0.861088 0.474877 2.50815e-11
-0.865221 0.463854 2.62974e-11
-0.871441 0.4458 2.74176e-11
-0.879511 0.421408 2.83998e-11
-0.889118 0.391617 2.92056e-11
-0.899896 0.357571 2.98047e-11
-0.911428 0.320578 3.01736e-11
-0.923272 0.28206 3.02983e-11
-0.934974 0.243497 3.01735e-11
-0.946082 0.20637 2.9805e-11
-0.956171 0.172108 2.92067e-11
-0.964853 0.142025 2.84012e-11
-0.971794 0.117279 2.74191e-11
-0.976726 0.0988207 2.62989e-11
-0.979462 0.0873586 2.50833e-11
-0.979895 0.0833336 2.38191e-11
-0.97801 0.0869003 2.25548e-11
-0.973877 0.0979217 2.1339e-11
-0.967657 0.115974 2.02188e-11
-0.959588 0.140364 1.92366e-11
-0.949981 0.170154 1.84306e-11
-0.939204 0.2042 1.78316e-11
-0.927671 0.241192 1.74628e-11
-0.915827 0.27971 1.73378e-11
-0.904126 0.318274 1.74625e-11
-0.893017 0.3554 1.78307e-11
-0.882928 0.389664 1.84293e-11
-0.874246 0.419747 1.92352e-11
-0.867305 0.444494 2.02169e-11
-0.862371 0.462955 2.13369e-11
-0.859635 0.474418 2.25523e-11
-0.859201 0.478445 2.38169e-11
-0.861087 0.47488 2.50812e-11
-0.865218 0.46386 2.62967e-11
-0.871438 0.445809 2.74173e-11
-0.879507 0.42142 2.83991e-11
-0.889114 0.391631 2.92054e-11
-0.899891 0.357587 2.98044e-11
-0.911423 0.320595 3.01734e-11
-0.923267 0.282077 3.02982e-11
-0.934969 0.243513 3.01741e-11
-0.946078 0.206386 2.98057e-11
-0.956167 0.172122 2.9207e-11
-0.96485 0.142038 2.84016e-11
-0.971791 0.117289 2.74195e-11
-0.976725 0.0988274 2.62992e-11
-0.979461 0.0873621 2.50838e-11
-0.979896 0.0833337 2.38197e-11
-0.978011 0.086897 2.2555e-11
-0.97388 0.0979152 2.134e-11
-0.96766 0.115965 2.02192e-11
-0.959592 0.140352 1.92367e-11
-0.949985 0.17014 1.84309e-11
-0.939209 0.204184 1.78319e-11
-0.927677 0.241176 1.74626e-11
-0.915832 0.279693 1.73379e-11
-0.904131 0.318257 1.74621e-11
-0.893021 0.355385 1.78303e-11
-0.882932 0.389649 1.84289e-11
-0.874249 0.419735 1.92349e-11
-0.867307 0.444485 2.02163e-11
-0.862373 0.462948 2.13363e-11
-0.859636 0.474415 2.25517e-11
-0.859201 0.478445 2.38163e-11
-0.861085 0.474883 2.50809e-11
-0.865216 0.463867 2.62961e-11
-0.871435 0.445819 2.74167e-11
-0.879503 0.421433 2.83991e-11
-0.889109 0.391646 2.9205e-11
-0.899886 0.357603 2.98044e-11
-0.911418 0.320611 3.01731e-11
-0.923262 0.282094 3.02979e-11
-0.934964 0.24353 3.01742e-11
-0.946073 0.206402 2.98058e-11
-0.956163 0.172136 2.92072e-11
-0.964846 0.14205 2.84016e-11
-0.971788 0.117299 2.742e-11
-0.976723 0.098834 2.62998e-11
-0.979461 0.0873655 2.50844e-11
-0.979896 0.0833338 2.38201e-11
-0.978012 0.0868938 2.25556e-11
-0.973882 0.0979088 2.13402e-11
-0.967664 0.115955 2.02195e-11
-0.959596 0.14034 1.92376e-11
-0.94999 0.170126 1.84312e-11
-0.939214 0.204168 1.78323e-11
-0.927682 0.241159 1.74628e-11
-0.915837 0.279676 1.7338e-11
-0.904136 0.31824 1.74619e-11
-0.893026 0.355369 1.78303e-11
-0.882936 0.389635 1.84286e-11
-0.874253 0.419723 1.9234e-11
-0.86731 0.444475 2.02158e-11
-0.862375 0.462941 2.13358e-11
-0.859637 0.474411 2.25515e-11
-0.859201 0.478445 2.38159e-11
-0.861084 0.474886 2.50803e-11
-0.865214 0.463873 2.62957e-11
-0.871432 0.445828 2.7416e-11
-0.879499 0.421445 2.83985e-11
-0.889105 0.39166 2.92047e-11
-0.899881 0.357618 2.9804e-11
-0.911412 0.320628 3.0173e-11
-0.923257 0.282111 3.02983e-11
-0.934959 0.243547 3.0174e-11
-0.946068 0.206418 2.98058e-11
-0.956159 0.172151 2.92073e-11
-0.964843 0.142062 2.84023e-11
-0.971786 0.117308 2.74205e-11
-0.976721 0.0988407 2.63001e-11
-0.97946 0.087369 2.50847e-11
-0.975919 0.0946495 1.76959e-11
-0.974141 0.0980156 1.65047e-11
-0.970246 0.108404 1.53594e-11
-0.964385 0.125414 1.43043e-11
-0.956783 0.148394 1.33797e-11
-0.947732 0.17646 1.26201e-11
-0.937579 0.208534 1.20563e-11
-0.926716 0.243382 1.17087e-11
-0.915558 0.279666 1.15917e-11
-0.904536 0.315992 1.17087e-11
-0.894072 0.350963 1.2056e-11
-0.88457 0.383235 1.26205e-11
-0.876393 0.411569 1.33797e-11
-0.869856 0.434876 1.43047e-11
-0.86521 0.45226 1.53598e-11
-0.862635 0.463052 1.65047e-11
-0.862228 0.466839 1.76957e-11
-0.864006 0.463475 1.88866e-11
-0.8679 0.453088 2.00315e-11
-0.87376 0.436079 2.10869e-11
-0.881362 0.4131 2.20117e-11
-0.890413 0.385035 2.27711e-11
-0.900566 0.352962 2.33354e-11
-0.911429 0.318115 2.36827e-11
-0.922587 0.281831 2.38001e-11
-0.933609 0.245505 2.36831e-11
-0.944073 0.210533 2.33356e-11
-0.953576 0.17826 2.27715e-11
-0.961753 0.149925 2.20124e-11
-0.96829 0.126617 2.10871e-11
-0.972936 0.109232 2.00322e-11
-0.975512 0.098438 1.88871e-11
-0.975919 0.0946496 1.76961e-11
-0.974142 0.0980125 1.65054e-11
-0.970249 0.108398 1.536e-11
-0.964388 0.125406 1.43048e-11
-0.956787 0.148383 1.33799e-11
-0.947736 0.176447 1.26205e-11
-0.937584 0.208519 1.20565e-11
-0.926721 0.243366 1.1709e-11
-0.915563 0.27965 1.15916e-11
-0.904541 0.315976 1.17087e-11
-0.894077 0.350948 1.20562e-11
-0.884573 0.383222 1.26198e-11
-0.876396 0.411558 1.33793e-11
-0.869858 0.434867 1.43041e-11
-0.865212 0.452253 1.53591e-11
-0.862636 0.463049 1.65042e-11
-0.862228 0.466839 1.76951e-11
-0.864005 0.463478 1.88861e-11
-0.867898 0.453094 2.0031e-11
-0.873757 0.436087 2.10865e-11
-0.881359 0.413111 2.20114e-11
-0.890409 0.385048 2.2771e-11
-0.900561 0.352977 2.33351e-11
-0.911424 0.31813 2.36827e-11
-0.922582 0.281847 2.37999e-11
-0.933604 0.245521 2.36829e-11
-0.944068 0.210548 2.33356e-11
-0.953572 0.178274 2.2772e-11
-0.96175 0.149937 2.20128e-11
-0.968288 0.126626 2.10874e-11
-0.972935 0.109238 2.00326e-11
-0.975512 0.0984412 1.88873e-11
-0.97592 0.0946497 1.76965e-11
-0.974143 0.0980095 1.65059e-11
-0.970251 0.108391 1.53604e-11
-0.964391 0.125397 1.43053e-11
-0.956791 0.148372 1.33805e-11
-0.947741 0.176434 1.2621e-11
-0.937589 0.208504 1.20567e-11
-0.926725 0.24335 1.1709e-11
-0.915568 0.279634 1.15916e-11
-0.904546 0.31596 1.17086e-11
-0.894081 0.350933 1.20558e-11
-0.884577 0.383208 1.26197e-11
-0.876399 0.411546 1.33787e-11
-0.869861 0.434858 1.43037e-11
-0.865214 0.452247 1.53587e-11
-0.862636 0.463046 1.65035e-11
-0.862228 0.466839 1.76944e-11
-0.864003 0.463481 1.88854e-11
-0.867896 0.4531 2.00305e-11
-0.873754 0.436096 2.10859e-11
-0.881355 0.413123 2.20111e-11
-0.890405 0.385062 2.27706e-11
-0.900556 0.352992 2.33349e-11
-0.911419 0.318146 2.36826e-11
-0.922577 0.281863 2.38e-11
-0.933599 0.245537 2.36833e-11
-0.944064 0.210563 2.33359e-11
-0.953568 0.178287 2.27721e-11
-0.961747 0.149948 2.20129e-11
-0.968285 0.126635 2.10879e-11
-0.972933 0.109245 2.00333e-11
-0.975511 0.0984444 1.88883e-11
-0.97592 0.0946498 1.7697e-11
-0.974145 0.0980064 1.65062e-11
-0.970253 0.108385 1.5361e-11
-0.964394 0.125388 1.43056e-11
-0.956794 0.14836 1.33809e-11
-0.947745 0.17642 1.26211e-11
-0.937593 0.208489 1.20566e-11
-0.92673 0.243335 1.17091e-11
-0.915573 0.279618 1.15917e-11
-0.90455 0.315944 1.17084e-11
-0.894086 0.350918 1.20559e-11
-0.884581 0.383195 1.26196e-11
-0.876402 0.411535 1.33784e-11
-0.869863 0.434849 1.43031e-11
-0.865215 0.452241 1.53582e-11
-0.862637 0.463043 1.65033e-11
-0.862227 0.466839 1.76937e-11
-0.864002 0.463484 1.88848e-11
-0.867893 0.453106 2.00301e-11
-0.873752 0.436105 2.10855e-11
-0.881351 0.413134 2.2011e-11
-0.8904 0.385075 2.27702e-11
-0.900552 0.353007 2.33344e-11
-0.911415 0.318162 2.36824e-11
-0.922572 0.281879 2.38e-11
-0.933595 0.245553 2.3683e-11
-0.944059 0.210578 2.3336e-11
-0.953564 0.178301 2.27724e-11
-0.961743 0.149959 2.20132e-11
-0.968283 0.126644 2.10884e-11
-0.972931 0.109251 2.00336e-11
-0.97551 0.0984477 1.88887e-11
-0.97592 0.0946499 1.76977e-11
-0.974146 0.0980034 1.65064e-11
-0.970255 0.108379 1.53615e-11
-0.964397 0.125379 1.43061e-11
-0.956798 0.148349 1.33811e-11
-0.947749 0.176407 1.26215e-11
-0.937598 0.208474 1.20569e-11
-0.926735 0.243319 1.17095e-11
-0.915578 0.279601 1.15915e-11
-0.904555 0.315928 1.17086e-11
-0.89409 0.350903 1.20554e-11
-0.884585 0.383181 1.26192e-11
-0.876406 0.411523 1.33781e-11
-0.869866 0.43484 1.43027e-11
-0.865217 0.452235 1.53575e-11
-0.862638 0.463039 1.65029e-11
-0.862227 0.466839 1.76935e-11
-0.864001 0.463487 1.88843e-11
-0.867891 0.453112 2.00298e-11
-0.873749 0.436114 2.10851e-11
-0.881347 0.413145 2.20102e-11
-0.890396 0.385088 2.27702e-11
-0.900547 0.353022 2.33346e-11
-0.969796 0.113128 1.20532e-11
-0.968196 0.116158 1.09816e-11
-0.964691 0.125507 9.95087e-12
-0.959416 0.140816 9.0013e-12
-0.952574 0.161498 8.16858e-12
-0.944428 0.186757 7.48551e-12
-0.935291 0.215622 6.9782e-12
-0.925514 0.246985 6.66517e-12
-0.915472 0.27964 6.55981e-12
-0.905553 0.312333 6.66545e-12
-0.896135 0.343806 6.97781e-12
-0.887583 0.372851 7.48546e-12
-0.880224 0.398351 8.16858e-12
-0.874341 0.419327 9.00124e-12
-0.87016 0.434972 9.95087e-12
-0.867842 0.444685 1.09818e-11
-0.867476 0.448093 1.20532e-11
-0.869076 0.445065 1.31249e-11
-0.872581 0.435717 1.41557e-11
-0.877855 0.420409 1.51054e-11
-0.884697 0.399729 1.5938e-11
-0.892842 0.374471 1.66212e-11
-0.901979 0.345606 1.7129e-11
-0.911756 0.314243 1.74412e-11
-0.921798 0.281588 1.75472e-11
-0.931718 0.248896 1.74416e-11
-0.941135 0.217422 1.71288e-11
-0.949688 0.188377 1.66215e-11
-0.957047 0.162875 1.59384e-11
-0.96293 0.141899 1.51056e-11
-0.967112 0.126252 1.4156e-11
-0.96943 0.116538 1.31253e-11
-0.969796 0.113128 1.20536e-11
-0.968197 0.116155 1.09818e-11
-0.964693 0.125501 9.95148e-12
-0.959419 0.140808 9.00158e-12
-0.952578 0.161488 8.16897e-12
-0.944432 0.186745 7.48573e-12
-0.935295 0.215609 6.97808e-12
-0.925518 0.246971 6.66539e-12
-0.915477 0.279626 6.5597e-12
-0.905557 0.312318 6.665e-12
-0.896139 0.343793 6.97775e-12
-0.887587 0.372839 7.48507e-12
-0.880227 0.398341 8.1683e-12
-0.874343 0.419319 9.00097e-12
-0.870162 0.434966 9.95071e-12
-0.867843 0.444682 1.0981e-11
-0.867476 0.448093 1.20527e-11
-0.869075 0.445068 1.31246e-11
-0.872579 0.435723 1.41551e-11
-0.877852 0.420417 1.51048e-11
-0.884693 0.399739 1.59375e-11
-0.892838 0.374483 1.66211e-11
-0.901975 0.345619 1.71287e-11
-0.911752 0.314258 1.74415e-11
-0.921793 0.281603 1.75472e-11
-0.931713 0.24891 1.74414e-11
-0.941131 0.217436 1.71291e-11
-0.949684 0.188389 1.66216e-11
-0.957044 0.162886 1.59389e-11
-0.962928 0.141907 1.51062e-11
-0.96711 0.126258 1.41566e-11
-0.969429 0.116541 1.31258e-11
-0.969797 0.113128 1.20542e-11
-0.968198 0.116152 1.09825e-11
-0.964695 0.125496 9.95171e-12
-0.959421 0.1408 9.00213e-12
-0.952581 0.161477 8.16935e-12
-0.944436 0.186733 7.48596e-12
-0.935299 0.215595 6.97814e-12
-0.925523 0.246957 6.66539e-12
-0.915481 0.279611 6.55959e-12
-0.905561 0.312304 6.66511e-12
-0.896143 0.343779 6.97747e-12
-0.88759 0.372827 7.48496e-12
-0.88023 0.39833 8.16786e-12
-0.874345 0.41931 9.0003e-12
-0.870163 0.43496 9.94999e-12
-0.867843 0.444679 1.09807e-11
-0.867476 0.448093 1.20519e-11
-0.869074 0.44507 1.31239e-11
-0.872577 0.435728 1.4155e-11
-0.87785 0.420425 1.51044e-11
-0.88469 0.399749 1.59371e-11
-0.892835 0.374495 1.66208e-11
-0.901971 0.345633 1.71282e-11
-0.911747 0.314272 1.74413e-11
-0.921789 0.281617 1.75474e-11
-0.931709 0.248924 1.74418e-11
-0.941127 0.217449 1.71292e-11
-0.949681 0.188401 1.6622e-11
-0.957041 0.162896 1.59392e-11
-0.962926 0.141915 1.51062e-11
-0.967109 0.126264 1.4157e-11
-0.969429 0.116544 1.31263e-11
-0.969797 0.113129 1.20546e-11
-0.968199 0.116149 1.09832e-11
-0.964697 0.12549 9.95237e-12
-0.959424 0.140792 9.00224e-12
-0.952584 0.161467 8.16969e-12
-0.94444 0.186721 7.48612e-12
-0.935304 0.215582 6.97842e-12
-0.925527 0.246942 6.66539e-12
-0.915486 0.279597 6.55959e-12
-0.905565 0.31229 6.66517e-12
-0.896147 0.343766 6.97731e-12
-0.887594 0.372814 7.48462e-12
-0.880233 0.39832 8.16752e-12
-0.874348 0.419302 9.00013e-12
-0.870164 0.434955 9.94982e-12
-0.867844 0.444676 1.09801e-11
-0.867475 0.448093 1.20517e-11
-0.869073 0.445073 1.31237e-11
-0.872575 0.435734 1.41546e-11
-0.877847 0.420433 1.51043e-11
-0.884687 0.399759 1.59369e-11
-0.892831 0.374507 1.66204e-11
-0.901967 0.345646 1.71284e-11
-0.911743 0.314286 1.74412e-11
-0.921784 0.281632 1.75472e-11
-0.931705 0.248939 1.74418e-11
-0.941123 0.217462 1.71293e-11
-0.949677 0.188413 1.66222e-11
-0.957038 0.162906 1.59393e-11
-0.962924 0.141923 1.5107e-11
-0.967107 0.126269 1.41575e-11
-0.969428 0.116547 1.31267e-11
-0.969797 0.113129 1.20553e-11
-0.9682 0.116147 1.09837e-11
-0.964699 0.125485 9.95282e-12
-0.959427 0.140784 9.00247e-12
-0.952588 0.161457 8.16996e-12
-0.944444 0.186709 7.4864e-12
-0.935308 0.215569 6.97836e-12
-0.925531 0.246928 6.66583e-12
-0.961761 0.13806 7.10765e-12
-0.9604 0.140636 6.19615e-12
-0.957419 0.148587 5.31963e-12
-0.952934 0.161607 4.51184e-12
-0.947115 0.179195 3.80407e-12
-0.940187 0.200676 3.22303e-12
-0.932417 0.225225 2.79138e-12
-0.924102 0.251897 2.52542e-12
-0.915562 0.279668 2.43561e-12
-0.907126 0.307471 2.52537e-12
-0.899117 0.334237 2.79105e-12
-0.891844 0.358938 3.22309e-12
-0.885585 0.380625 3.80401e-12
-0.880582 0.398463 4.51167e-12
-0.877027 0.411768 5.31991e-12
-0.875055 0.420029 6.19621e-12
-0.874744 0.422927 7.10776e-12
-0.876105 0.420352 8.01936e-12
-0.879085 0.412402 8.8955e-12
-0.883571 0.399384 9.70363e-12
-0.889389 0.381796 1.04114e-11
-0.896316 0.360316 1.09925e-11
-0.904087 0.335768 1.14242e-11
-0.912402 0.309096 1.169e-11
-0.920941 0.281325 1.17796e-11
-0.929378 0.253522 1.16901e-11
-0.937387 0.226755 1.14243e-11
-0.94466 0.202054 1.09925e-11
-0.950919 0.180367 1.04114e-11
-0.955922 0.162527 9.70357e-12
-0.959478 0.149221 8.89588e-12
-0.96145 0.140959 8.01947e-12
-0.961761 0.13806 7.10798e-12
-0.960401 0.140634 6.19654e-12
-0.957421 0.148582 5.32002e-12
-0.952936 0.1616 4.51245e-12
-0.947118 0.179186 3.80429e-12
-0.940191 0.200666 3.22314e-12
-0.93242 0.225213 2.79177e-12
-0.924106 0.251885 2.52565e-12
-0.915566 0.279656 2.43544e-12
-0.907129 0.307459 2.52537e-12
-0.899121 0.334226 2.79105e-12
-0.891847 0.358928 3.22287e-12
-0.885588 0.380616 3.80362e-12
-0.880584 0.398456 4.51156e-12
-0.877028 0.411764 5.31936e-12
-0.875056 0.420026 6.19554e-12
-0.874744 0.422927 7.1072e-12
-0.876104 0.420355 8.01897e-12
-0.879084 0.412407 8.89538e-12
-0.883568 0.399391 9.70307e-12
-0.889386 0.381805 1.04112e-11
-0.896313 0.360326 1.09921e-11
-0.904083 0.335779 1.1424e-11
-0.912398 0.309108 1.16902e-11
-0.920938 0.281337 1.17796e-11
-0.929374 0.253534 1.16901e-11
-0.937383 0.226767 1.14245e-11
-0.944657 0.202064 1.09932e-11
-0.950916 0.180375 1.04119e-11
-0.95592 0.162534 9.70413e-12
-0.959477 0.149226 8.896e-12
-0.961449 0.140962 8.0197e-12
-0.961762 0.13806 7.10837e-12
-0.960402 0.140631 6.19704e-12
-0.957423 0.148578 5.32052e-12
-0.952938 0.161593 4.51261e-12
-0.947121 0.179178 3.80473e-12
-0.940194 0.200656 3.22325e-12
-0.932424 0.225202 2.79166e-12
-0.924109 0.251873 2.52559e-12
-0.91557 0.279644 2.43544e-12
-0.907133 0.307447 2.52515e-12
-0.899124 0.334215 2.79099e-12
-0.89185 0.358918 3.22248e-12
-0.88559 0.380607 3.8034e-12
-0.880586 0.398449 4.51106e-12
-0.877029 0.411759 5.31886e-12
-0.875056 0.420024 6.19543e-12
-0.874744 0.422927 7.10698e-12
-0.876103 0.420357 8.0182e-12
-0.879082 0.412412 8.89477e-12
-0.883566 0.399397 9.70274e-12
-0.889383 0.381814 1.04109e-11
-0.89631 0.360336 1.09921e-11
-0.90408 0.335791 1.14241e-11
-0.912394 0.30912 1.16896e-11
-0.920934 0.28135 1.17797e-11
-0.92937 0.253546 1.16904e-11
-0.93738 0.226778 1.14246e-11
-0.944654 0.202074 1.09932e-11
-0.950914 0.180384 1.04122e-11
-0.955918 0.162541 9.70451e-12
-0.959476 0.149231 8.89649e-12
-0.961449 0.140964 8.02036e-12
-0.961762 0.13806 7.1087e-12
-0.960403 0.140629 6.19726e-12
-0.957424 0.148573 5.32063e-12
-0.95294 0.161586 4.51289e-12
-0.947123 0.179169 3.80507e-12
-0.940197 0.200646 3.22364e-12
-0.932427 0.225191 2.79171e-12
-0.924113 0.251861 2.52565e-12
-0.915573 0.279631 2.43572e-12
-0.907137 0.307435 2.5252e-12
-0.899127 0.334203 2.79077e-12
-0.891853 0.358907 3.22237e-12
-0.885593 0.380598 3.80318e-12
-0.880588 0.398443 4.51067e-12
-0.87703 0.411754 5.31863e-12
-0.875057 0.420022 6.19504e-12
-0.874743 0.422927 7.10654e-12
-0.876102 0.420359 8.01814e-12
-0.87908 0.412416 8.8945e-12
-0.883564 0.399404 9.70274e-12
-0.952123 0.168486 3.04912e-12
-0.951054 0.17051 2.33275e-12
-0.948712 0.176757 1.64407e-12
-0.945187 0.186987 1.00947e-12
-0.940615 0.200806 4.52804e-13
-0.935172 0.217684 -2.88658e-15
-0.929067 0.236972 -3.42226e-13
-0.922534 0.257929 -5.51115e-13
-0.915824 0.279749 -6.2178e-13
-0.909195 0.301594 -5.51337e-13
-0.902903 0.322625 -3.42282e-13
-0.897188 0.342032 -3.21965e-15
-0.892271 0.359072 4.53193e-13
-0.88834 0.373088 1.00936e-12
-0.885546 0.383542 1.64396e-12
-0.883997 0.390032 2.33252e-12
-0.883753 0.392309 3.04884e-12
-0.884822 0.390286 3.76499e-12
-0.887164 0.38404 4.45388e-12
-0.890688 0.373811 5.08837e-12
-0.895259 0.359992 5.64471e-12
-0.900702 0.343115 6.10118e-12
-0.906808 0.323827 6.44079e-12
-0.913341 0.302871 6.64963e-12
-0.920051 0.281051 6.71996e-12
-0.926679 0.259205 6.64951e-12
-0.932972 0.238175 6.44051e-12
-0.938687 0.218766 6.10145e-12
-0.943604 0.201727 5.64465e-12
-0.947535 0.18771 5.08854e-12
-0.950329 0.177255 4.45416e-12
-0.951878 0.170764 3.76538e-12
-0.952123 0.168486 3.04928e-12
-0.951054 0.170508 2.33291e-12
-0.948713 0.176753 1.6443e-12
-0.945189 0.186981 1.00969e-12
-0.940618 0.200799 4.5336e-13
-0.935175 0.217676 -3.10862e-15
-0.92907 0.236963 -3.42171e-13
-0.922537 0.257919 -5.5117e-13
-0.915827 0.279739 -6.21947e-13
-0.909198 0.301584 -5.51448e-13
-0.902906 0.322616 -3.42559e-13
-0.897191 0.342024 -3.44169e-15
-0.892273 0.359065 4.5286e-13
-0.888341 0.373082 1.00908e-12
-0.885547 0.383538 1.64346e-12
-0.883998 0.39003 2.33263e-12
-0.883753 0.392309 3.04867e-12
-0.884821 0.390288 3.76477e-12
-0.887162 0.384043 4.45344e-12
-0.890686 0.373816 5.08826e-12
-0.895257 0.359999 5.64432e-12
-0.9007 0.343123 6.10095e-12
-0.906805 0.323836 6.44013e-12
-0.913338 0.30288 6.6494e-12
-0.920048 0.28106 6.71974e-12
-0.926676 0.259215 6.64957e-12
-0.932969 0.238184 6.44068e-12
-0.938684 0.218775 6.10145e-12
-0.943602 0.201734 5.64526e-12
-0.947534 0.187715 5.0891e-12
-0.950328 0.177259 4.45449e-12
-0.951878 0.170766 3.7656e-12
-0.952123 0.168486 3.04967e-12
-0.951055 0.170506 2.33341e-12
-0.948714 0.17675 1.6448e-12
-0.945191 0.186976 1.01008e-12
-0.94062 0.200792 4.53471e-13
-0.935177 0.217668 -3.05311e-15
-0.929072 0.236954 -3.4206e-13
-0.92254 0.25791 -5.51281e-13
-0.91583 0.27973 -6.21614e-13
-0.909201 0.301575 -5.51559e-13
-0.902908 0.322607 -3.42726e-13
-0.897193 0.342016 -3.83027e-15
-0.892275 0.359058 4.52749e-13
-0.888343 0.373077 1.00886e-12
-0.885548 0.383534 1.64335e-12
-0.883998 0.390028 2.33213e-12
-0.883752 0.392309 3.04812e-12
-0.88482 0.39029 3.76432e-12
-0.887161 0.384047 4.4531e-12
-0.890684 0.373821 5.08804e-12
-0.895255 0.360006 5.64432e-12
-0.900697 0.343131 6.10051e-12
-0.906802 0.323845 6.44029e-12
-0.913335 0.30289 6.64929e-12
-0.920045 0.28107 6.71962e-12
-0.926673 0.259225 6.64963e-12
-0.932966 0.238193 6.4409e-12
-0.941252 0.203237 3.28071e-14
-0.940515 0.204631 -4.60465e-13
-0.938902 0.208934 -9.34863e-13
-0.936474 0.215981 -1.37196e-12
-0.933325 0.2255 -1.7551e-12
-0.929576 0.237127 -2.06968e-12
-0.92537 0.250413 -2.30338e-12
-0.92087 0.264849 -2.44715e-12
-0.916248 0.279879 -2.49578e-12
-0.911682 0.294927 -2.44693e-12
-0.907347 0.309414 -2.30305e-12
-0.903411 0.322782 -2.06979e-12
-0.900024 0.33452 -1.75493e-12
-0.897316 0.344175 -1.37196e-12
-0.895391 0.351376 -9.34863e-13
-0.894324 0.355846 -4.60687e-13
-0.894156 0.357415 3.28071e-14
-0.894892 0.356021 5.26468e-13
-0.896506 0.351719 1.00042e-12
-0.898933 0.344673 1.43768e-12
-0.902082 0.335154 1.82082e-12
-0.905832 0.323528 2.13529e-12
-0.910037 0.310242 2.36894e-12
-0.914537 0.295806 2.51293e-12
-0.919159 0.280776 2.56134e-12
-0.923725 0.265728 2.5131e-12
-0.92806 0.251241 2.36927e-12
-0.931997 0.237872 2.1354e-12
-0.935384 0.226134 1.8211e-12
-0.938092 0.216479 1.43774e-12
-0.940016 0.209278 1.00042e-12
-0.941084 0.204806 5.26301e-13
-0.941252 0.203237 3.29181e-14
-0.940516 0.20463 -4.60409e-13
-0.938903 0.208932 -9.34419e-13
-0.936476 0.215977 -1.37174e-12
-0.933327 0.225496 -1.75493e-12
-0.929577 0.237121 -2.06962e-12
-0.925372 0.250407 -2.30321e-12
-0.920872 0.264842 -2.44693e-12
-0.91625 0.279873 -2.49584e-12
-0.911684 0.29492 -2.44732e-12
-0.907349 0.309407 -2.30321e-12
-0.903412 0.322777 -2.06951e-12
-0.900025 0.334515 -1.7551e-12
-0.897317 0.344171 -1.37235e-12
-0.895392 0.351373 -9.35141e-13
-0.894325 0.355845 -4.60909e-13
-0.894156 0.357415 3.26961e-14
-0.894892 0.356023 5.25968e-13
-0.896505 0.351721 1.00014e-12
-0.898932 0.344676 1.43735e-12
-0.902081 0.335159 1.82077e-12
-0.90583 0.323534 2.13513e-12
-0.910035 0.310248 2.36888e-12
-0.914535 0.295813 2.51271e-12
-0.919157 0.280783 2.56145e-12
-0.923723 0.265735 2.51299e-12
-0.928058 0.251248 2.36916e-12
-0.931995 0.237878 2.13568e-12
-0.935383 0.226139 1.82121e-12
-0.938091 0.216483 1.43807e-12
-0.940016 0.20928 1.00064e-12
-0.929566 0.240978 -1.82465e-12
-0.929191 0.241689 -2.07617e-12
-0.928368 0.243883 -2.31803e-12
-0.92713 0.247476 -2.5413e-12
-0.925525 0.252329 -2.73631e-12
-0.923613 0.258257 -2.89657e-12
-0.921469 0.265031 -3.01564e-12
-0.919174 0.272391 -3.08903e-12
-0.916818 0.280054 -3.11401e-12
-0.91449 0.287726 -3.08908e-12
-0.91228 0.295112 -3.01559e-12
-0.910273 0.301929 -2.89657e-12
-0.908546 0.307913 -2.73642e-12
-0.907165 0.312835 -2.54075e-12
-0.906184 0.316507 -2.31803e-12
-0.90564 0.318786 -2.07612e-12
-0.905554 0.319586 -1.82471e-12
-0.905929 0.318875 -1.57308e-12
-0.906752 0.316682 -1.33132e-12
-0.90799 0.313089 -1.10817e-12
-0.909595 0.308236 -9.12992e-13
-0.911507 0.302309 -7.52676e-13
-0.913651 0.295535 -6.33438e-13
-0.915946 0.288175 -5.60219e-13
-0.918302 0.280511 -5.35516e-13
-0.92063 0.272839 -5.60108e-13
-0.92284 0.265453 -6.33327e-13
-0.924847 0.258637 -7.52287e-13
-0.926574 0.252652 -9.13047e-13
-0.927955 0.24773 -1.10834e-12
-0.928936 0.244058 -1.33127e-12
-0.92948 0.241778 -1.57296e-12
-0.917514 0.280258 -2.45182e-12
