-0.546841 0.0903381 0.0642431
-0.519585 0.249836 0.0634476
-0.522074 0.247096 0.060821
-0.525482 0.238326 0.0582954
-0.529676 0.223864 0.0559677
-0.534496 0.204266 0.0539275
-0.539756 0.180283 0.0522531
-0.545255 0.152839 0.051009
-0.550781 0.122987 0.0502428
-0.556121 0.0918747 0.049984
-0.561071 0.0606979 0.0502427
-0.56544 0.0306545 0.0510087
-0.56906 0.00289906 0.0522528
-0.571793 -0.0215019 0.0539271
-0.573533 -0.0416106 0.0559672
-0.574213 -0.0566543 0.0582948
-0.573807 -0.0660549 0.0608204
-0.572331 -0.0694513 0.063447
-0.569842 -0.0667128 0.0660736
-0.566435 -0.0579447 0.0685993
-0.562241 -0.0434839 0.070927
-0.557421 -0.0238862 0.0729673
-0.552161 9.54017e-05 0.0746417
-0.546662 0.0275392 0.075886
-0.541136 0.0573907 0.0766523
-0.535796 0.0885027 0.0769112
-0.530846 0.11968 0.0766527
-0.526477 0.149723 0.0758867
-0.522856 0.17748 0.0746427
-0.520123 0.201881 0.0729685
-0.518383 0.221991 0.0709284
-0.517703 0.237036 0.0686009
-0.518108 0.246438 0.0660753
-0.491609 0.402912 0.0610918
-0.496493 0.397538 0.0559396
-0.503177 0.380336 0.0509853
-0.511404 0.351968 0.0464195
-0.520858 0.313523 0.0424175
-0.531177 0.26648 0.0391331
-0.541963 0.212646 0.0366925
-0.552802 0.154089 0.0351896
-0.563278 0.0930604 0.034682
-0.572987 0.0319049 0.0351893
-0.581558 -0.0270274 0.0366921
-0.588659 -0.0814717 0.0391324
-0.594019 -0.129336 0.0424167
-0.597432 -0.16878 0.0464185
-0.598766 -0.19829 0.0509843
-0.597971 -0.21673 0.0559384
-0.595076 -0.223392 0.0610906
-0.590193 -0.21802 0.0662429
-0.583509 -0.200821 0.0711972
-0.575282 -0.172455 0.0757631
-0.565828 -0.134013 0.0797653
-0.555509 -0.0869713 0.0830499
-0.544723 -0.0331382 0.0854906
-0.533884 0.0254177 0.0869938
-0.523408 0.0864461 0.0875016
-0.513699 0.147602 0.0869945
-0.505128 0.206535 0.085492
-0.498026 0.26098 0.0830518
-0.492666 0.308846 0.0797677
-0.489252 0.348293 0.075766
-0.487918 0.377805 0.0712004
-0.488713 0.396247 0.0662463
-0.491608 0.402912 0.0610941
-0.49649 0.397543 0.0559418
-0.503173 0.380346 0.0509875
-0.5114 0.351983 0.0464214
-0.520854 0.313542 0.0424191
-0.531172 0.266503 0.0391343
-0.541958 0.212671 0.0366934
-0.552798 0.154116 0.03519
-0.563273 0.0930876 0.034682
-0.572983 0.0319316 0.0351889
-0.581554 -0.0270022 0.0366912
-0.588656 -0.0814489 0.0391312
-0.594017 -0.129316 0.042415
-0.597431 -0.168765 0.0464166
-0.598766 -0.198279 0.0509822
-0.597971 -0.216724 0.0559362
-0.595077 -0.223392 0.0610884
-0.590195 -0.218025 0.0662406
-0.583512 -0.200831 0.0711951
-0.575286 -0.17247 0.0757612
-0.565832 -0.134032 0.0797637
-0.555514 -0.0869937 0.0830486
-0.544728 -0.0331632 0.0854898
-0.533889 0.0253911 0.0869933
-0.523413 0.0864189 0.0875016
-0.513703 0.147575 0.0869949
-0.505132 0.20651 0.0854928
-0.498029 0.260958 0.0830531
-0.492668 0.308827 0.0797694
-0.489253 0.348278 0.0757679
-0.487918 0.377794 0.0712025
-0.46399 0.543685 0.0572662
-0.471079 0.535883 0.0497863
-0.480783 0.51091 0.0425939
-0.492727 0.469725 0.0359653
-0.506453 0.413913 0.0301552
-0.521433 0.345616 0.025387
-0.537092 0.267461 0.0218439
-0.552828 0.18245 0.0196619
-0.568036 0.0938497 0.0189251
-0.582132 0.00506552 0.0196616
-0.594574 -0.0804909 0.0218432
-0.604884 -0.159532 0.0253861
-0.612666 -0.22902 0.030154
-0.617621 -0.286285 0.0359639
-0.619558 -0.329126 0.0425923
-0.618402 -0.355897 0.0497847
-0.6142 -0.365569 0.0572645
-0.60711 -0.35777 0.0647444
-0.597408 -0.3328 0.0719369
-0.585464 -0.29162 0.0785657
-0.571738 -0.23581 0.0843759
-0.556758 -0.167516 0.0891444
-0.541099 -0.0893625 0.0926878
-0.525363 -0.00435249 0.0948701
-0.510155 0.0842471 0.0956072
-0.496059 0.173032 0.094871
-0.483616 0.258589 0.0926897
-0.473306 0.337632 0.0891472
-0.465523 0.407122 0.0843795
-0.460568 0.46439 0.0785698
-0.45863 0.507235 0.0719415
-0.459785 0.534009 0.0647493
-0.463987 0.543685 0.0572695
-0.471076 0.53589 0.0497895
-0.480778 0.510924 0.0425969
-0.492721 0.469747 0.035968
-0.506447 0.41394 0.0301576
-0.521426 0.345649 0.0253888
-0.537085 0.267497 0.0218451
-0.552821 0.182488 0.0196626
-0.56803 0.0938891 0.0189251
-0.582126 0.0051043 0.019661
-0.594569 -0.0804543 0.0218419
-0.60488 -0.159499 0.0253842
-0.612663 -0.228992 0.0301517
-0.617619 -0.286262 0.0359611
-0.619557 -0.32911 0.0425892
-0.618404 -0.355888 0.0497814
-0.614202 -0.365568 0.0572612
-0.607114 -0.357777 0.0647411
-0.597412 -0.332815 0.0719339
-0.58547 -0.291641 0.0785629
-0.571745 -0.235837 0.0843736
-0.556765 -0.167549 0.0891425
-0.541106 -0.0893988 0.0926866
-0.52537 -0.0043911 0.0948694
-0.510161 0.0842077 0.0956072
-0.496064 0.172993 0.0948717
-0.483621 0.258553 0.092691
-0.47331 0.337599 0.089149
-0.465526 0.407094 0.0843818
-0.460569 0.464368 0.0785726
-0.458631 0.507219 0.0719446
-0.459784 0.534001 0.0647526
-0.463985 0.543684 0.0572728
-0.471072 0.535897 0.0497928
-0.480773 0.510939 0.0426
-0.492715 0.469768 0.0359708
-0.50644 0.413968 0.0301599
-0.52142 0.345681 0.0253907
-0.537078 0.267533 0.0218464
-0.552814 0.182527 0.0196632
-0.568023 0.0939286 0.0189251
-0.582121 0.00514307 0.0196603
-0.594564 -0.0804177 0.0218407
-0.604876 -0.159466 0.0253824
-0.612661 -0.228964 0.0301493
-0.617618 -0.28624 0.0359583
-0.619557 -0.329095 0.0425862
-0.618405 -0.35588 0.0497781
-0.614205 -0.365568 0.0572578
-0.607118 -0.357784 0.0647379
-0.597417 -0.33283 0.0719308
-0.585475 -0.291663 0.0785602
-0.571751 -0.235865 0.0843712
-0.556772 -0.167581 0.0891407
-0.541113 -0.0894351 0.0926853
-0.525377 -0.00442971 0.0948688
-0.510168 0.0841682 0.0956072
-0.49607 0.172954 0.0948723
-0.483626 0.258516 0.0926923
-0.437787 0.666745 0.0521177
-0.446811 0.656814 0.0425976
-0.459161 0.625029 0.0334434
-0.474363 0.572612 0.0250068
-0.491833 0.501576 0.017612
-0.510899 0.414651 0.0115432
-0.530829 0.315178 0.00703361
-0.550857 0.206979 0.00425655
-0.570214 0.0942122 0.00331871
-0.588155 -0.0187888 0.00425613
-0.60399 -0.127682 0.0070328
-0.617113 -0.228282 0.011542
-0.627017 -0.316723 0.0176105
-0.633323 -0.389608 0.025005
-0.635788 -0.444134 0.0334414
-0.634318 -0.478207 0.0425956
-0.628969 -0.490517 0.0521156
-0.619946 -0.480591 0.0616357
-0.607596 -0.448811 0.0707901
-0.592395 -0.396398 0.0792269
-0.574925 -0.325365 0.086622
-0.555859 -0.238444 0.0926911
-0.535929 -0.138973 0.097201
-0.515901 -0.0307757 0.0999785
-0.496544 0.0819904 0.100917
-0.478603 0.194992 0.0999797
-0.462767 0.303886 0.0972034
-0.449644 0.404489 0.0926946
-0.439739 0.492933 0.0866265
-0.433432 0.565821 0.0792322
-0.430966 0.620352 0.070796
-0.432436 0.65443 0.061642
-0.437784 0.666745 0.052122
-0.446806 0.656824 0.0426018
-0.459155 0.625048 0.0334473
-0.474356 0.572639 0.0250103
-0.491825 0.501611 0.017615
-0.510891 0.414692 0.0115455
-0.530821 0.315224 0.00703524
-0.550849 0.207028 0.00425737
-0.570206 0.0942624 0.00331871
-0.588147 -0.0187394 0.00425531
-0.603984 -0.127635 0.00703118
-0.617107 -0.22824 0.0115397
-0.627013 -0.316688 0.0176075
-0.633321 -0.389579 0.0250015
-0.635788 -0.444114 0.0334375
-0.634319 -0.478197 0.0425914
-0.628972 -0.490517 0.0521114
-0.619951 -0.480601 0.0616316
-0.607603 -0.44883 0.0707862
-0.592402 -0.396425 0.0792234
-0.574934 -0.325401 0.086619
-0.555868 -0.238485 0.0926887
-0.535938 -0.139019 0.0971994
-0.51591 -0.0308248 0.0999777
-0.496553 0.0819402 0.100917
-0.478611 0.194942 0.0999805
-0.462773 0.303839 0.0972051
-0.449649 0.404446 0.092697
-0.439743 0.492897 0.0866294
-0.433434 0.565793 0.0792357
-0.430966 0.620332 0.0707999
-0.432434 0.654419 0.0616461
-0.437781 0.666744 0.0521262
-0.446801 0.656833 0.0426059
-0.459149 0.625067 0.0334512
-0.474348 0.572667 0.0250138
-0.491817 0.501646 0.017618
-0.510882 0.414734 0.0115479
-0.530812 0.31527 0.00703686
-0.55084 0.207077 0.0042582
-0.570197 0.0943126 0.00331871
-0.58814 -0.0186901 0.00425448
-0.603977 -0.127588 0.00702956
-0.617102 -0.228198 0.0115373
-0.62701 -0.316652 0.0176045
-0.633319 -0.389551 0.024998
-0.635788 -0.444095 0.0334336
-0.634321 -0.478186 0.0425873
-0.628975 -0.490516 0.0521071
-0.619955 -0.48061 0.0616274
-0.607609 -0.448849 0.0707823
-0.592409 -0.396453 0.0792199
-0.574942 -0.325436 0.086616
-0.555877 -0.238527 0.0926864
-0.535947 -0.139065 0.0971978
-0.515919 -0.0308739 0.0999768
-0.496561 0.08189 0.100917
-0.478618 0.194893 0.0999814
-0.46278 0.303793 0.0972067
-0.449654 0.404404 0.0926993
-0.439746 0.492861 0.0866324
-0.433436 0.565765 0.0792392
-0.430967 0.620313 0.0708038
-0.432433 0.654409 0.0616503
-0.437778 0.666743 0.0521304
-0.446796 0.656842 0.0426101
-0.459142 0.625086 0.0334551
-0.474341 0.572694 0.0250173
-0.491808 0.501681 0.017621
-0.510873 0.414775 0.0115503
-0.530803 0.315316 0.00703848
-0.550831 0.207126 0.00425903
-0.570189 0.0943628 0.00331871
-0.588132 -0.0186407 0.00425366
-0.603971 -0.127542 0.00702794
-0.617097 -0.228156 0.011535
-0.627006 -0.316616 0.0176015
-0.633317 -0.389523 0.0249944
-0.635787 -0.444075 0.0334297
-0.634322 -0.478176 0.0425831
-0.628978 -0.490515 0.0521029
-0.61996 -0.480619 0.0616233
-0.607615 -0.448867 0.0707784
-0.592417 -0.39648 0.0792163
-0.414009 0.767363 0.0458443
-0.42462 0.755685 0.0346499
-0.439142 0.71831 0.0238856
-0.457018 0.656673 0.0139652
-0.47756 0.573143 0.00526979
-0.49998 0.47093 -0.00186636
-0.523415 0.353962 -0.00716907
-0.546966 0.226734 -0.0104346
-0.569727 0.0941339 -0.0115374
-0.590823 -0.0387414 -0.0104351
-0.609444 -0.166786 -0.00717003
-0.624874 -0.28508 -0.00186775
-0.63652 -0.389076 0.00526803
-0.643935 -0.474779 0.0139631
-0.646834 -0.538895 0.0238833
-0.645105 -0.578961 0.0346474
-0.638815 -0.593436 0.0458418
-0.628205 -0.581765 0.0570363
-0.613684 -0.544395 0.0678007
-0.595809 -0.482763 0.0777214
-0.575267 -0.399238 0.0864171
-0.552847 -0.297029 0.0935536
-0.529412 -0.180063 0.0988568
-0.505861 -0.0528365 0.102123
-0.4831 0.0797627 0.103226
-0.462004 0.212638 0.102124
-0.443382 0.340685 0.0988596
-0.427951 0.458981 0.0935578
-0.416304 0.562981 0.0864224
-0.408888 0.648689 0.0777276
-0.405988 0.71281 0.0678076
-0.407716 0.752881 0.0570437
-0.414005 0.767362 0.0458493
-0.424614 0.755696 0.0346547
-0.439135 0.718332 0.0238902
-0.457009 0.656706 0.0139693
-0.477551 0.573185 0.00527331
-0.49997 0.470979 -0.0018636
-0.523405 0.354017 -0.00716717
-0.546956 0.226791 -0.0104336
-0.569717 0.094193 -0.0115374
-0.590814 -0.0386833 -0.010436
-0.609436 -0.166731 -0.00717193
-0.624868 -0.28503 -0.00187051
-0.636516 -0.389034 0.00526451
-0.643933 -0.474746 0.0139589
-0.646834 -0.538872 0.0238787
-0.645107 -0.578949 0.0346425
-0.638819 -0.593436 0.0458369
-0.628211 -0.581776 0.0570315
-0.613691 -0.544417 0.0677961
-0.595817 -0.482796 0.0777173
-0.575276 -0.399279 0.0864136
-0.552858 -0.297078 0.0935509
-0.529422 -0.180118 0.0988549
-0.505872 -0.0528942 0.102122
-0.48311 0.0797036 0.103226
-0.462013 0.21258 0.102125
-0.44339 0.34063 0.0988615
-0.427957 0.458932 0.0935605
-0.416308 0.562939 0.0864259
-0.40889 0.648655 0.0777318
-0.405989 0.712787 0.0678122
-0.407714 0.752869 0.0570485
-0.414002 0.767361 0.0458543
-0.424608 0.755707 0.0346596
-0.439127 0.718354 0.0238948
-0.457001 0.656738 0.0139734
-0.477541 0.573226 0.00527683
-0.499959 0.471028 -0.00186083
-0.523394 0.354071 -0.00716526
-0.546945 0.226849 -0.0104326
-0.569707 0.094252 -0.0115374
-0.590805 -0.0386253 -0.010437
-0.609428 -0.166676 -0.00717384
-0.624862 -0.284981 -0.00187328
-0.636512 -0.388992 0.00526099
-0.64393 -0.474713 0.0139548
-0.646833 -0.538849 0.0238741
-0.645109 -0.578937 0.0346377
-0.638822 -0.593435 0.0458319
-0.628216 -0.581786 0.0570266
-0.613698 -0.544439 0.0677915
-0.595826 -0.482828 0.0777131
-0.575286 -0.399321 0.08641
-0.552868 -0.297126 0.0935481
-0.529433 -0.180172 0.0988529
-0.505882 -0.052952 0.102121
-0.48312 0.0796446 0.103226
-0.462021 0.212522 0.102126
-0.443397 0.340575 0.0988634
-0.427963 0.458882 0.0935633
-0.416313 0.562897 0.0864294
-0.408893 0.648622 0.0777359
-0.405989 0.712764 0.0678168
-0.407713 0.752857 0.0570534
-0.413998 0.767361 0.0458593
-0.424603 0.755718 0.0346645
-0.43912 0.718376 0.0238994
-0.456992 0.65677 0.0139776
-0.477531 0.573267 0.00528036
-0.499949 0.471077 -0.00185806
-0.523384 0.354125 -0.00716336
-0.546935 0.226907 -0.0104316
-0.569697 0.0943111 -0.0115373
-0.590796 -0.0385673 -0.010438
-0.609421 -0.166622 -0.00717574
-0.624856 -0.284931 -0.00187604
-0.636507 -0.38895 0.00525747
-0.643928 -0.474679 0.0139507
-0.646833 -0.538826 0.0238695
-0.64511 -0.578925 0.0346328
-0.638826 -0.593434 0.0458269
-0.628222 -0.581797 0.0570217
-0.613705 -0.544461 0.0677869
-0.595834 -0.48286 0.077709
-0.575295 -0.399362 0.0864065
-0.552878 -0.297175 0.0935453
-0.529443 -0.180226 0.098851
-0.505892 -0.0530098 0.10212
-0.48313 0.0795855 0.103226
-0.46203 0.212464 0.102127
-0.443405 0.34052 0.0988653
-0.427969 0.458833 0.0935661
-0.416317 0.562855 0.0864329
-0.408895 0.648589 0.07774
-0.405989 0.71274 0.0678214
-0.407711 0.752845 0.0570583
-0.413994 0.76736 0.0458642
-0.424597 0.755729 0.0346694
-0.439113 0.718398 0.023904
-0.456983 0.656802 0.0139817
-0.477522 0.573309 0.00528388
-0.499939 0.471125 -0.0018553
-0.523373 0.354179 -0.00716145
-0.546925 0.226965 -0.0104307
-0.393569 0.841671 0.038687
-0.405359 0.828696 0.0262484
-0.421495 0.787167 0.0142877
-0.441357 0.71868 0.00326473
-0.464183 0.625866 -0.00639707
-0.489095 0.512293 -0.0143264
-0.515135 0.382324 -0.0202184
-0.541303 0.240955 -0.0238469
-0.566593 0.093618 -0.0250722
-0.590034 -0.0540255 -0.0238474
-0.610725 -0.196301 -0.0202195
-0.62787 -0.327742 -0.0143279
-0.64081 -0.443297 -0.00639903
-0.64905 -0.538526 0.00326243
-0.65227 -0.609768 0.0142852
-0.650349 -0.654287 0.0262457
-0.64336 -0.670371 0.0386843
-0.631571 -0.657402 0.051123
-0.615436 -0.615879 0.0630838
-0.595574 -0.547397 0.074107
-0.572749 -0.454589 0.0837692
-0.547838 -0.34102 0.0916989
-0.521798 -0.211054 0.0975914
-0.49563 -0.0696871 0.10122
-0.470339 0.0776494 0.102446
-0.446898 0.225293 0.101222
-0.426207 0.367571 0.0975946
-0.409061 0.499015 0.0917035
-0.396119 0.614574 0.0837751
-0.387879 0.709808 0.0741139
-0.384657 0.781056 0.0630914
-0.386577 0.82558 0.0511311
-0.393565 0.841671 0.0386926
-0.405352 0.828708 0.0262538
-0.421487 0.787192 0.0142929
-0.441348 0.718716 0.00326933
-0.464173 0.625912 -0.00639316
-0.489083 0.512347 -0.0143233
-0.515123 0.382385 -0.0202163
-0.541291 0.241019 -0.0238458
-0.566582 0.0936836 -0.0250722
-0.590024 -0.053961 -0.0238485
-0.610716 -0.196241 -0.0202216
-0.627863 -0.327688 -0.014331
-0.640806 -0.443251 -0.00640294
-0.649047 -0.538489 0.00325783
-0.65227 -0.609742 0.0142801
-0.650351 -0.654273 0.0262403
-0.643364 -0.67037 0.0386787
-0.631578 -0.657414 0.0511175
-0.615444 -0.615904 0.0630787
-0.595584 -0.547433 0.0741024
-0.57276 -0.454635 0.0837653
-0.547849 -0.341074 0.0916958
-0.52181 -0.211115 0.0975893
-0.495641 -0.0697513 0.101219
-0.47035 0.0775838 0.102446
-0.446908 0.225229 0.101223
-0.426215 0.36751 0.0975967
-0.409067 0.49896 0.0917066
-0.396124 0.614527 0.083779
-0.387881 0.709771 0.0741185
-0.384657 0.78103 0.0630965
-0.386575 0.825567 0.0511365
-0.393561 0.84167 0.0386981
-0.405346 0.82872 0.0262592
-0.421479 0.787216 0.014298
-0.441339 0.718751 0.00327393
-0.464162 0.625958 -0.00638925
-0.489072 0.512401 -0.0143202
-0.515112 0.382445 -0.0202142
-0.54128 0.241084 -0.0238447
-0.566572 0.0937492 -0.0250722
-0.590014 -0.0538965 -0.0238496
-0.610708 -0.19618 -0.0202237
-0.627856 -0.327633 -0.014334
-0.640801 -0.443204 -0.00640685
-0.649044 -0.538452 0.00325323
-0.65227 -0.609717 0.014275
-0.650353 -0.65426 0.0262348
-0.643369 -0.670369 0.0386732
-0.631584 -0.657426 0.0511121
-0.615452 -0.615928 0.0630735
-0.595593 -0.547469 0.0740978
-0.57277 -0.454681 0.0837614
-0.547861 -0.341128 0.0916927
-0.521821 -0.211175 0.0975872
-0.495653 -0.0698155 0.101218
-0.470361 0.0775182 0.102446
-0.446918 0.225165 0.101224
-0.426224 0.367449 0.0975988
-0.409074 0.498905 0.0917096
-0.396128 0.614481 0.0837829
-0.387884 0.709734 0.0741231
-0.384657 0.781004 0.0631017
-0.386573 0.825553 0.051142
-0.393556 0.841669 0.0387036
-0.40534 0.828733 0.0262647
-0.421471 0.78724 0.0143031
-0.441329 0.718787 0.00327853
-0.464151 0.626004 -0.00638533
-0.489061 0.512455 -0.0143171
-0.5151 0.382505 -0.0202121
-0.541269 0.241148 -0.0238436
-0.566561 0.0938148 -0.0250722
-0.590005 -0.053832 -0.0238506
-0.610699 -0.196119 -0.0202258
-0.62785 -0.327578 -0.0143371
-0.640796 -0.443157 -0.00641076
-0.649042 -0.538415 0.00324863
-0.65227 -0.609691 0.0142699
-0.650355 -0.654246 0.0262294
-0.643373 -0.670369 0.0386677
-0.63159 -0.657438 0.0511067
-0.61546 -0.615952 0.0630684
-0.595603 -0.547505 0.0740932
-0.572781 -0.454727 0.0837574
-0.547872 -0.341182 0.0916897
-0.521833 -0.211235 0.0975851
-0.495664 -0.0698798 0.101217
-0.470372 0.0774526 0.102446
-0.446927 0.2251 0.101225
-0.426232 0.367389 0.097601
-0.409081 0.49885 0.0917127
-0.396133 0.614434 0.0837868
-0.387886 0.709697 0.0741277
-0.384658 0.780978 0.0631068
-0.386571 0.82554 0.0511474
-0.393552 0.841669 0.0387092
-0.405334 0.828745 0.0262701
-0.421463 0.787265 0.0143082
-0.44132 0.718823 0.00328313
-0.464141 0.62605 -0.00638142
-0.489049 0.51251 -0.0143141
-0.515088 0.382566 -0.02021
-0.541257 0.241212 -0.0238425
-0.56655 0.0938804 -0.0250722
-0.589995 -0.0537675 -0.0238517
-0.610691 -0.196058 -0.020228
-0.627843 -0.327523 -0.0143402
-0.640792 -0.44311 -0.00641467
-0.649039 -0.538378 0.00324403
-0.652269 -0.609665 0.0142647
-0.650357 -0.654233 0.026224
-0.643377 -0.670368 0.0386621
-0.631596 -0.65745 0.0511013
-0.615468 -0.615977 0.0630633
-0.595612 -0.547541 0.0740886
-0.572792 -0.454772 0.0837535
-0.547883 -0.341236 0.0916866
-0.521844 -0.211296 0.097583
-0.377252 0.886816 0.0309209
-0.389768 0.873041 0.0177161
-0.406898 0.828954 0.00501868
-0.427984 0.756248 -0.00668333
-0.452216 0.657717 -0.0169403
-0.478662 0.537148 -0.025358
-0.506306 0.399174 -0.031613
-0.534086 0.249097 -0.0354649
-0.560934 0.0926842 -0.0367657
-0.585819 -0.0640538 -0.0354655
-0.607784 -0.215094 -0.0316141
-0.625985 -0.354631 -0.0253596
-0.639723 -0.477304 -0.0169423
-0.64847 -0.578398 -0.00668577
-0.651889 -0.654029 0.00501597
-0.64985 -0.70129 0.0177132
-0.64243 -0.718364 0.030918
-0.629915 -0.704597 0.0441229
-0.612786 -0.660516 0.0568204
-0.591701 -0.587816 0.0685227
-0.56747 -0.489291 0.07878
-0.541024 -0.368726 0.0871982
-0.51338 -0.230755 0.0934537
-0.4856 -0.0806801 0.0973062
-0.458751 0.075732 0.0986076
-0.433866 0.232471 0.0973079
-0.4119 0.383512 0.093457
-0.393698 0.523053 0.0872031
-0.379959 0.64573 0.0787862
-0.371212 0.74683 0.06853
-0.367791 0.822466 0.0568286
-0.369829 0.869733 0.0441315
-0.377248 0.886815 0.0309268
-0.389762 0.873054 0.0177218
-0.40689 0.82898 0.00502411
-0.427974 0.756286 -0.00667844
-0.452205 0.657766 -0.0169361
-0.47865 0.537206 -0.0253547
-0.506294 0.399238 -0.0316107
-0.534074 0.249165 -0.0354638
-0.560923 0.0927538 -0.0367657
-0.585809 -0.0639853 -0.0354666
-0.607775 -0.215029 -0.0316164
-0.625978 -0.354573 -0.0253629
-0.639718 -0.477254 -0.0169465
-0.648467 -0.578359 -0.00669065
-0.651889 -0.654002 0.00501055
-0.649852 -0.701275 0.0177074
-0.642434 -0.718364 0.0309121
-0.629922 -0.70461 0.0441171
-0.612794 -0.660542 0.056815
-0.591711 -0.587854 0.0685178
-0.567481 -0.48934 0.0787758
-0.541036 -0.368784 0.0871949
-0.513392 -0.230819 0.0934514
-0.485612 -0.0807483 0.097305
-0.458763 0.0756624 0.0986076
-0.433876 0.232402 0.097309
-0.411909 0.383448 0.0934593
-0.393705 0.522995 0.0872063
-0.379964 0.64568 0.0787904
-0.371214 0.74679 0.0685349
-0.367791 0.822439 0.056834
-0.369827 0.869719 0.0441373
-0.377243 0.886814 0.0309327
-0.389755 0.873067 0.0177276
-0.406881 0.829006 0.00502954
-0.427964 0.756324 -0.00667356
-0.452193 0.657815 -0.016932
-0.478638 0.537263 -0.0253515
-0.506282 0.399302 -0.0316085
-0.534062 0.249233 -0.0354626
-0.560911 0.0928235 -0.0367657
-0.585798 -0.0639168 -0.0354678
-0.607766 -0.214964 -0.0316186
-0.625971 -0.354514 -0.0253661
-0.639713 -0.477204 -0.0169506
-0.648464 -0.57832 -0.00669553
-0.651888 -0.653974 0.00500512
-0.649854 -0.701261 0.0177017
-0.642439 -0.718363 0.0309062
-0.629928 -0.704623 0.0441113
-0.612803 -0.660568 0.0568096
-0.591721 -0.587892 0.0685129
-0.567492 -0.489388 0.0787717
-0.541048 -0.368841 0.0871916
-0.513405 -0.230883 0.0934492
-0.485624 -0.0808165 0.0973039
-0.458774 0.0755927 0.0986076
-0.433887 0.232334 0.0973102
-0.411918 0.383383 0.0934615
-0.393712 0.522936 0.0872096
-0.379969 0.645631 0.0787945
-0.371217 0.746751 0.0685398
-0.367792 0.822412 0.0568394
-0.369825 0.869705 0.044143
-0.377239 0.886813 0.0309385
-0.389748 0.87308 0.0177334
-0.406873 0.829032 0.00503497
-0.427954 0.756362 -0.00666867
-0.452182 0.657864 -0.0169278
-0.478626 0.537321 -0.0253482
-0.506269 0.399366 -0.0316062
-0.53405 0.249302 -0.0354615
-0.5609 0.0928931 -0.0367657
-0.585788 -0.0638484 -0.0354689
-0.607757 -0.2149 -0.0316209
-0.625964 -0.354456 -0.0253694
-0.639708 -0.477155 -0.0169548
-0.648462 -0.57828 -0.00670042
-0.651888 -0.653947 0.00499969
-0.649856 -0.701247 0.0176959
-0.642443 -0.718362 0.0309003
-0.629935 -0.704635 0.0441056
-0.612811 -0.660594 0.0568041
-0.591731 -0.58793 0.068508
-0.567503 -0.489437 0.0787675
-0.54106 -0.368899 0.0871884
-0.513417 -0.230947 0.0934469
-0.485636 -0.0808846 0.0973027
-0.458786 0.0755231 0.0986076
-0.433897 0.232265 0.0973113
-0.411927 0.383318 0.0934638
-0.39372 0.522878 0.0872128
-0.379974 0.645581 0.0787987
-0.37122 0.746712 0.0685447
-0.367792 0.822384 0.0568448
-0.369823 0.869691 0.0441488
-0.377234 0.886813 0.0309444
-0.389742 0.873093 0.0177391
-0.406864 0.829058 0.00504039
-0.427944 0.7564 -0.00666379
-0.452171 0.657912 -0.0169237
-0.478614 0.537378 -0.0253449
-0.506257 0.39943 -0.031604
-0.534038 0.24937 -0.0354603
-0.560888 0.0929628 -0.0367657
-0.585777 -0.0637799 -0.0354701
-0.607748 -0.214835 -0.0316231
-0.625957 -0.354398 -0.0253727
-0.639703 -0.477105 -0.016959
-0.648459 -0.578241 -0.0067053
-0.651888 -0.653919 0.00499427
-0.649858 -0.701232 0.0176902
-0.642448 -0.718361 0.0308945
-0.629941 -0.704648 0.0440998
-0.61282 -0.66062 0.0567987
-0.591741 -0.587968 0.0685032
-0.567515 -0.489486 0.0787634
-0.541072 -0.368956 0.0871851
-0.513429 -0.231011 0.0934447
-0.485648 -0.0809528 0.0973016
-0.458797 0.0754534 0.0986076
-0.433908 0.232197 0.0973125
-0.411936 0.383254 0.093466
-0.393727 0.52282 0.0872161
-0.379979 0.645531 0.0788028
-0.371222 0.746672 0.0685496
-0.367792 0.822357 0.0568503
-0.369821 0.869676 0.0441545
-0.365686 0.901061 0.0228444
-0.378447 0.887017 0.0093808
-0.395913 0.842066 -0.0035654
-0.417412 0.767935 -0.0154967
-0.442119 0.667473 -0.0259546
-0.469083 0.544542 -0.0345373
-0.497269 0.403864 -0.0409149
-0.525593 0.250846 -0.0448423
-0.552967 0.0913684 -0.0461686
-0.57834 -0.0684408 -0.0448429
-0.600735 -0.22244 -0.040916
-0.619293 -0.364712 -0.034539
-0.6333 -0.489789 -0.0259568
-0.642218 -0.592864 -0.0154992
-0.645704 -0.669977 -0.00356817
-0.643625 -0.718163 0.00937786
-0.63606 -0.735573 0.0228414
-0.6233 -0.721535 0.036305
-0.605835 -0.676591 0.0492514
-0.584336 -0.602466 0.061183
-0.55963 -0.50201 0.0716413
-0.532667 -0.379083 0.0802244
-0.504481 -0.238409 0.0866025
-0.476157 -0.085393 0.0905304
-0.448782 0.074084 0.0918574
-0.423409 0.233894 0.0905322
-0.401013 0.387895 0.0866059
-0.382454 0.53017 0.0802294
-0.368446 0.655251 0.0716476
-0.359527 0.758332 0.0611904
-0.356039 0.83545 0.0492597
-0.358117 0.883644 0.0363138
-0.365681 0.90106 0.0228504
-0.37844 0.88703 0.00938667
-0.395904 0.842092 -0.00355987
-0.417402 0.767974 -0.0154917
-0.442107 0.667523 -0.0259504
-0.469071 0.5446 -0.034534
-0.497256 0.403929 -0.0409126
-0.525581 0.250916 -0.0448411
-0.552956 0.0914394 -0.0461686
-0.578329 -0.0683711 -0.044844
-0.600726 -0.222374 -0.0409183
-0.619286 -0.364653 -0.0345423
-0.633295 -0.489738 -0.025961
-0.642215 -0.592824 -0.0155042
-0.645704 -0.669949 -0.0035737
-0.643627 -0.718149 0.00937199
-0.636064 -0.735572 0.0228354
-0.623306 -0.721548 0.0362991
-0.605843 -0.676617 0.0492459
-0.584347 -0.602505 0.061178
-0.559642 -0.50206 0.071637
-0.532679 -0.379142 0.0802211
-0.504494 -0.238474 0.0866002
-0.476169 -0.0854625 0.0905293
-0.448794 0.074013 0.0918574
-0.42342 0.233824 0.0905334
-0.401022 0.387829 0.0866082
-0.382461 0.530111 0.0802327
-0.368451 0.6552 0.0716519
-0.35953 0.758292 0.0611954
-0.35604 0.835423 0.0492652
-0.358115 0.883629 0.0363197
-0.365677 0.901059 0.0228564
-0.378434 0.887043 0.00939254
-0.395896 0.842118 -0.00355433
-0.417392 0.768013 -0.0154868
-0.442096 0.667573 -0.0259462
-0.469058 0.544659 -0.0345306
-0.497244 0.403995 -0.0409103
-0.525568 0.250985 -0.0448399
-0.552944 0.0915104 -0.0461686
-0.578318 -0.0683013 -0.0448452
-0.600717 -0.222308 -0.0409206
-0.619278 -0.364593 -0.0345456
-0.63329 -0.489687 -0.0259652
-0.642212 -0.592784 -0.0155092
-0.645704 -0.669921 -0.00357923
-0.643629 -0.718134 0.00936611
-0.636069 -0.735571 0.0228294
-0.623313 -0.721562 0.0362933
-0.605852 -0.676644 0.0492403
-0.584357 -0.602544 0.061173
-0.559653 -0.50211 0.0716328
-0.532691 -0.3792 0.0802177
-0.504506 -0.238539 0.0865979
-0.476181 -0.085532 0.0905281
-0.448805 0.073942 0.0918573
-0.42343 0.233754 0.0905345
-0.401031 0.387763 0.0866105
-0.382469 0.530051 0.080236
-0.368456 0.65515 0.0716561
-0.359532 0.758252 0.0612004
-0.35604 0.835395 0.0492708
-0.358113 0.883615 0.0363256
-0.365672 0.901059 0.0228623
-0.378427 0.887056 0.00939842
-0.395887 0.842145 -0.0035488
-0.417381 0.768051 -0.0154818
-0.442084 0.667623 -0.0259419
-0.469046 0.544718 -0.0345273
-0.497231 0.40406 -0.040908
-0.525556 0.251055 -0.0448388
-0.552932 0.0915814 -0.0461686
-0.578308 -0.0682315 -0.0448464
-0.600708 -0.222243 -0.0409229
-0.619271 -0.364534 -0.0345489
-0.633285 -0.489636 -0.0259695
-0.64221 -0.592744 -0.0155141
-0.645703 -0.669893 -0.00358476
-0.643631 -0.71812 0.00936024
-0.636073 -0.73557 0.0228234
-0.62332 -0.721575 0.0362874
-0.605861 -0.67667 0.0492348
-0.584367 -0.602583 0.061168
-0.559665 -0.502159 0.0716286
-0.532703 -0.379259 0.0802144
-0.504519 -0.238605 0.0865956
-0.476194 -0.0856015 0.0905269
-0.448817 0.073871 0.0918573
-0.423441 0.233684 0.0905357
-0.40104 0.387698 0.0866128
-0.382476 0.529992 0.0802394
-0.368461 0.655099 0.0716603
-0.359535 0.758211 0.0612054
-0.35604 0.835367 0.0492763
-0.358111 0.8836 0.0363315
-0.365668 0.901058 0.0228683
-0.37842 0.887069 0.00940429
-0.395878 0.842171 -0.00354327
-0.417371 0.76809 -0.0154768
-0.442073 0.667672 -0.0259377
-0.469034 0.544776 -0.034524
-0.497218 0.404125 -0.0409057
-0.525543 0.251124 -0.0448376
-0.55292 0.0916524 -0.0461686
-0.578297 -0.0681617 -0.0448475
-0.600699 -0.222177 -0.0409252
-0.619264 -0.364474 -0.0345523
-0.633279 -0.489586 -0.0259737
-0.642207 -0.592704 -0.0155191
-0.645703 -0.669865 -0.0035903
-0.643633 -0.718105 0.00935437
-0.636078 -0.73557 0.0228174
-0.623327 -0.721588 0.0362815
-0.605869 -0.676697 0.0492293
-0.584377 -0.602622 0.0611631
-0.559676 -0.502209 0.0716243
-0.532716 -0.379318 0.0802111
-0.504531 -0.23867 0.0865933
-0.476206 -0.085671 0.0905258
-0.448829 0.0738 0.0918573
-0.423452 0.233615 0.0905369
-0.401049 0.387632 0.0866151
-0.382483 0.529932 0.0802427
-0.368466 0.655048 0.0716646
-0.359538 0.758171 0.0612104
-0.356041 0.835339 0.0492818
-0.358109 0.883586 0.0363373
-0.365663 0.901057 0.0228743
-0.378413 0.887082 0.00941017
-0.39587 0.842198 -0.00353773
-0.359314 0.88386 0.0147678
-0.371831 0.870085 0.00156287
-0.388961 0.825997 -0.0111346
-0.410047 0.753291 -0.0228367
-0.434279 0.654759 -0.0330938
-0.460725 0.534189 -0.0415116
-0.48837 0.396214 -0.0477666
-0.51615 0.246135 -0.0516186
-0.542998 0.0897211 -0.0529194
-0.567883 -0.0670182 -0.0516192
-0.589848 -0.218059 -0.0477677
-0.60805 -0.357598 -0.0415132
-0.621788 -0.480272 -0.0330959
-0.630534 -0.581367 -0.0228392
-0.633954 -0.656998 -0.0111373
-0.631914 -0.70426 0.00155999
-0.624495 -0.721334 0.0147649
-0.61198 -0.707567 0.0279699
-0.59485 -0.663486 0.0406675
-0.573765 -0.590785 0.0523699
-0.549533 -0.492259 0.0626273
-0.523088 -0.371693 0.0710456
-0.495443 -0.233721 0.0773011
-0.467663 -0.0836447 0.0811536
-0.440814 0.0727688 0.082455
-0.415929 0.229509 0.0811554
-0.393963 0.380552 0.0773045
-0.375761 0.520094 0.0710504
-0.362022 0.642772 0.0626336
-0.353274 0.743872 0.0523773
-0.349853 0.819509 0.0406757
-0.351891 0.866777 0.0279785
-0.35931 0.883859 0.0147737
-0.371824 0.870098 0.00156863
-0.388952 0.826023 -0.0111292
-0.410037 0.753329 -0.0228319
-0.434268 0.654808 -0.0330896
-0.460713 0.534247 -0.0415083
-0.488357 0.396278 -0.0477644
-0.516138 0.246204 -0.0516174
-0.542987 0.0897908 -0.0529194
-0.567873 -0.0669497 -0.0516203
-0.589839 -0.217995 -0.04777
-0.608043 -0.35754 -0.0415165
-0.621783 -0.480222 -0.0331
-0.630532 -0.581328 -0.0228441
-0.633953 -0.656971 -0.0111428
-0.631916 -0.704245 0.00155423
-0.624499 -0.721334 0.014759
-0.611986 -0.70758 0.0279641
-0.594859 -0.663512 0.0406621
-0.573775 -0.590823 0.052365
-0.549545 -0.492308 0.0626232
-0.5231 -0.371751 0.0710423
-0.495456 -0.233785 0.0772989
-0.467675 -0.0837128 0.0811525
-0.440826 0.0726992 0.082455
-0.415939 0.22944 0.0811565
-0.393972 0.380487 0.0773067
-0.375768 0.520035 0.0710537
-0.362027 0.642722 0.0626377
-0.353276 0.743833 0.0523821
-0.349853 0.819482 0.0406811
-0.351889 0.866763 0.0279843
-0.359306 0.883858 0.0147796
-0.371817 0.870111 0.00157439
-0.388944 0.826049 -0.0111238
-0.410027 0.753367 -0.022827
-0.434256 0.654857 -0.0330855
-0.460701 0.534304 -0.041505
-0.488345 0.396342 -0.0477621
-0.516125 0.246272 -0.0516163
-0.542975 0.0898604 -0.0529194
-0.567862 -0.0668812 -0.0516214
-0.58983 -0.21793 -0.0477722
-0.608035 -0.357481 -0.0415197
-0.621778 -0.480172 -0.0331042
-0.630529 -0.581288 -0.022849
-0.633953 -0.656944 -0.0111482
-0.631919 -0.704231 0.00154846
-0.624503 -0.721333 0.0147531
-0.611993 -0.707592 0.0279584
-0.594867 -0.663538 0.0406567
-0.573785 -0.590861 0.0523602
-0.549556 -0.492356 0.062619
-0.523112 -0.371808 0.071039
-0.495468 -0.233849 0.0772966
-0.467687 -0.083781 0.0811513
-0.440837 0.0726295 0.082455
-0.41595 0.229372 0.0811576
-0.393981 0.380422 0.077309
-0.375775 0.519977 0.071057
-0.362032 0.642672 0.0626419
-0.353279 0.743794 0.052387
-0.349854 0.819455 0.0406865
-0.351887 0.866749 0.02799
-0.359301 0.883857 0.0147854
-0.371811 0.870124 0.00158015
-0.388935 0.826075 -0.0111184
-0.410017 0.753405 -0.0228221
-0.434245 0.654905 -0.0330813
-0.460689 0.534362 -0.0415018
-0.488333 0.396406 -0.0477599
-0.516113 0.24634 -0.0516151
-0.542964 0.0899301 -0.0529194
-0.567852 -0.0668128 -0.0516226
-0.589822 -0.217865 -0.0477745
-0.608028 -0.357423 -0.041523
-0.621773 -0.480123 -0.0331083
-0.630526 -0.581249 -0.0228538
-0.633953 -0.656916 -0.0111536
-0.631921 -0.704217 0.0015427
-0.624508 -0.721332 0.0147473
-0.611999 -0.707605 0.0279526
-0.594876 -0.663564 0.0406513
-0.573795 -0.590899 0.0523553
-0.549567 -0.492405 0.0626149
-0.523124 -0.371866 0.0710358
-0.49548 -0.233913 0.0772944
-0.4677 -0.0838492 0.0811502
-0.440849 0.0725599 0.082455
-0.41596 0.229303 0.0811588
-0.39399 0.380358 0.0773112
-0.375782 0.519919 0.0710602
-0.362037 0.642622 0.062646
-0.353282 0.743754 0.0523919
-0.349854 0.819427 0.040692
-0.351885 0.866734 0.0279958
-0.359297 0.883857 0.0147913
-0.371804 0.870136 0.00158591
-0.388927 0.826101 -0.0111129
-0.410007 0.753443 -0.0228172
-0.434234 0.654954 -0.0330772
-0.460677 0.534419 -0.0414985
-0.48832 0.39647 -0.0477576
-0.516101 0.246408 -0.051614
-0.542952 0.0899997 -0.0529194
-0.567841 -0.0667443 -0.0516237
-0.589813 -0.217801 -0.0477767
-0.608021 -0.357365 -0.0415262
-0.621768 -0.480073 -0.0331125
-0.630524 -0.58121 -0.0228587
-0.633952 -0.656889 -0.0111591
-0.631923 -0.704202 0.00153694
-0.624512 -0.721331 0.0147414
-0.612006 -0.707618 0.0279468
-0.594884 -0.663589 0.0406458
-0.573805 -0.590937 0.0523504
-0.549579 -0.492454 0.0626107
-0.523136 -0.371923 0.0710325
-0.495493 -0.233977 0.0772921
-0.467712 -0.0839173 0.081149
-0.44086 0.0724902 0.082455
-0.41597 0.229235 0.0811599
-0.393999 0.380293 0.0773135
-0.375789 0.51986 0.0710635
-0.362042 0.642573 0.0626502
-0.353285 0.743715 0.0523968
-0.349854 0.8194 0.0406974
-0.351883 0.86672 0.0280016
-0.358383 0.835873 0.00700158
-0.370173 0.822897 -0.00543728
-0.386309 0.781367 -0.0173981
-0.406172 0.712879 -0.0284214
-0.428998 0.620063 -0.0380833
-0.45391 0.506488 -0.0460128
-0.479951 0.376517 -0.0519049
-0.506119 0.235146 -0.0555334
-0.53141 0.0878058 -0.0567588
-0.554852 -0.0598404 -0.055534
-0.575542 -0.202119 -0.051906
-0.592688 -0.333562 -0.0460143
-0.605629 -0.449119 -0.0380853
-0.613868 -0.544349 -0.0284237
-0.617089 -0.615593 -0.0174007
-0.615168 -0.660112 -0.00544
-0.608179 -0.676197 0.00699882
-0.59639 -0.663228 0.0194377
-0.580254 -0.621704 0.0313988
-0.560392 -0.553221 0.0424222
-0.537566 -0.460411 0.0520845
-0.512655 -0.34684 0.0600144
-0.486614 -0.216872 0.065907
-0.460446 -0.0755023 0.0695361
-0.435155 0.0718369 0.070762
-0.411713 0.219484 0.0695377
-0.391021 0.361764 0.0659102
-0.373875 0.49321 0.060019
-0.360933 0.608771 0.0520904
-0.352693 0.704006 0.0424291
-0.34947 0.775256 0.0314064
-0.35139 0.819781 0.0194459
-0.358379 0.835872 0.00700711
-0.370167 0.822909 -0.00543186
-0.386301 0.781392 -0.017393
-0.406163 0.712915 -0.0284168
-0.428988 0.620109 -0.0380794
-0.453899 0.506542 -0.0460097
-0.479939 0.376578 -0.0519028
-0.506108 0.23521 -0.0555324
-0.531399 0.0878714 -0.0567588
-0.554842 -0.0597759 -0.0555351
-0.575534 -0.202058 -0.0519081
-0.592681 -0.333507 -0.0460174
-0.605624 -0.449072 -0.0380892
-0.613865 -0.544312 -0.0284283
-0.617089 -0.615567 -0.0174058
-0.61517 -0.660099 -0.00544542
-0.608183 -0.676196 0.00699328
-0.596396 -0.66324 0.0194323
-0.580262 -0.621728 0.0313936
-0.560401 -0.553257 0.0424176
-0.537577 -0.460457 0.0520806
-0.512666 -0.346894 0.0600113
-0.486626 -0.216932 0.0659049
-0.460457 -0.0755665 0.069535
-0.435165 0.0717713 0.070762
-0.411723 0.219419 0.0695388
-0.39103 0.361703 0.0659123
-0.373882 0.493155 0.0600221
-0.360938 0.608725 0.0520943
-0.352695 0.703969 0.0424337
-0.349471 0.77523 0.0314115
-0.351388 0.819768 0.0194513
-0.358374 0.835871 0.00701265
-0.37016 0.822921 -0.00542643
-0.386293 0.781416 -0.0173879
-0.406153 0.71295 -0.0284122
-0.428977 0.620155 -0.0380755
-0.453888 0.506596 -0.0460066
-0.479928 0.376638 -0.0519007
-0.506097 0.235274 -0.0555313
-0.531389 0.087937 -0.0567588
-0.554832 -0.0597114 -0.0555361
-0.575526 -0.201997 -0.0519102
-0.592674 -0.333452 -0.0460204
-0.605619 -0.449026 -0.0380931
-0.613863 -0.544275 -0.0284329
-0.617088 -0.615542 -0.0174109
-0.615172 -0.660085 -0.00545085
-0.608187 -0.676195 0.00698775
-0.596402 -0.663252 0.0194269
-0.58027 -0.621753 0.0313885
-0.560411 -0.553293 0.042413
-0.537588 -0.460503 0.0520767
-0.512677 -0.346948 0.0600082
-0.486637 -0.216993 0.0659028
-0.460469 -0.0756307 0.0695339
-0.435176 0.0717057 0.070762
-0.411732 0.219355 0.0695398
-0.391038 0.361642 0.0659145
-0.373888 0.4931 0.0600251
-0.360942 0.608678 0.0520982
-0.352698 0.703932 0.0424383
-0.349471 0.775204 0.0314166
-0.351386 0.819754 0.0194567
-0.35837 0.83587 0.00701818
-0.370154 0.822934 -0.005421
-0.386285 0.781441 -0.0173828
-0.406144 0.712986 -0.0284076
-0.428966 0.620201 -0.0380716
-0.453876 0.506651 -0.0460035
-0.479916 0.376698 -0.0518986
-0.506085 0.235338 -0.0555302
-0.531378 0.0880026 -0.0567588
-0.554822 -0.0596469 -0.0555372
-0.575517 -0.201936 -0.0519123
-0.592668 -0.333397 -0.0460235
-0.605615 -0.448979 -0.038097
-0.61386 -0.544238 -0.0284375
-0.617088 -0.615516 -0.017416
-0.615174 -0.660072 -0.00545628
-0.608191 -0.676195 0.00698222
-0.596408 -0.663264 0.0194215
-0.580278 -0.621777 0.0313834
-0.56042 -0.553329 0.0424084
-0.537598 -0.460549 0.0520728
-0.512689 -0.347002 0.0600052
-0.486649 -0.217053 0.0659007
-0.46048 -0.0756949 0.0695328
-0.435187 0.0716401 0.070762
-0.411742 0.21929 0.0695409
-0.391046 0.361581 0.0659166
-0.373895 0.493045 0.0600282
-0.360947 0.608631 0.0521021
-0.3527 0.703895 0.0424429
-0.349471 0.775178 0.0314218
-0.351384 0.819741 0.0194622
-0.358366 0.83587 0.00702371
-0.370148 0.822946 -0.00541558
-0.386277 0.781465 -0.0173777
-0.406134 0.713022 -0.028403
-0.428956 0.620247 -0.0380677
-0.453865 0.506705 -0.0460005
-0.479904 0.376759 -0.0518965
-0.506074 0.235403 -0.0555291
-0.531367 0.0880682 -0.0567588
-0.554812 -0.0595824 -0.0555383
-0.575509 -0.201875 -0.0519145
-0.592661 -0.333342 -0.0460266
-0.60561 -0.448932 -0.0381009
-0.613858 -0.544201 -0.0284421
-0.617088 -0.61549 -0.0174211
-0.615176 -0.660058 -0.0054617
-0.608195 -0.676194 0.00697668
-0.596414 -0.663276 0.019416
-0.580286 -0.621802 0.0313783
-0.56043 -0.553365 0.0424038
-0.537609 -0.460594 0.0520689
-0.5127 -0.347056 0.0600021
-0.486661 -0.217113 0.0658986
-0.362927 0.758944 -0.00015587
-0.373538 0.747266 -0.0113507
-0.38806 0.70989 -0.0221152
-0.405937 0.648252 -0.032036
-0.42648 0.564719 -0.0407316
-0.4489 0.462503 -0.0478679
-0.472336 0.345532 -0.0531708
-0.495887 0.218299 -0.0564364
-0.518649 0.0856959 -0.0575392
-0.539745 -0.0471833 -0.0564369
-0.558367 -0.175232 -0.0531718
-0.573797 -0.293529 -0.0478693
-0.585444 -0.397528 -0.0407333
-0.592859 -0.483234 -0.032038
-0.595758 -0.547352 -0.0221175
-0.594029 -0.587419 -0.0113531
-0.587739 -0.601894 -0.00015836
-0.577129 -0.590222 0.0110365
-0.562607 -0.552852 0.0218012
-0.544732 -0.491218 0.0317221
-0.524189 -0.40769 0.0404181
-0.501769 -0.305478 0.0475548
-0.478333 -0.188509 0.0528581
-0.454782 -0.0612788 0.0561242
-0.43202 0.0713242 0.0572275
-0.410923 0.204204 0.0561256
-0.392301 0.332254 0.052861
-0.376869 0.450553 0.047559
-0.365222 0.554557 0.0404234
-0.357806 0.640267 0.0317284
-0.354906 0.70439 0.0218081
-0.356634 0.744462 0.0110438
-0.362923 0.758943 -0.00015089
-0.373532 0.747277 -0.0113458
-0.388053 0.709912 -0.0221106
-0.405928 0.648284 -0.0320318
-0.42647 0.564761 -0.0407281
-0.44889 0.462552 -0.0478652
-0.472326 0.345586 -0.0531689
-0.495877 0.218357 -0.0564354
-0.518639 0.0857549 -0.0575392
-0.539737 -0.0471252 -0.0564378
-0.558359 -0.175177 -0.0531737
-0.573791 -0.293479 -0.0478721
-0.58544 -0.397486 -0.0407369
-0.592857 -0.4832 -0.0320422
-0.595758 -0.547329 -0.0221221
-0.594031 -0.587406 -0.011358
-0.587743 -0.601894 -0.000163339
-0.577135 -0.590233 0.0110316
-0.562615 -0.552874 0.0217966
-0.54474 -0.49125 0.031718
-0.524199 -0.407732 0.0404146
-0.501779 -0.305527 0.047552
-0.478343 -0.188564 0.0528562
-0.454792 -0.0613366 0.0561232
-0.43203 0.0712651 0.0572275
-0.410932 0.204146 0.0561266
-0.392308 0.332199 0.0528629
-0.376876 0.450504 0.0475617
-0.365226 0.554514 0.0404269
-0.357808 0.640233 0.0317325
-0.354906 0.704367 0.0218127
-0.356632 0.74445 0.0110487
-0.362919 0.758943 -0.000145911
-0.373526 0.747288 -0.0113409
-0.388046 0.709934 -0.022106
-0.405919 0.648316 -0.0320277
-0.426461 0.564802 -0.0407245
-0.44888 0.462601 -0.0478624
-0.472315 0.34564 -0.053167
-0.495867 0.218415 -0.0564344
-0.518629 0.085814 -0.0575392
-0.539728 -0.0470672 -0.0564388
-0.558352 -0.175122 -0.0531756
-0.573785 -0.29343 -0.0478749
-0.585436 -0.397444 -0.0407404
-0.592855 -0.483167 -0.0320463
-0.595758 -0.547306 -0.0221267
-0.594033 -0.587394 -0.0113629
-0.587747 -0.601893 -0.000168319
-0.57714 -0.590244 0.0110267
-0.562622 -0.552896 0.021792
-0.544749 -0.491283 0.0317139
-0.524208 -0.407773 0.040411
-0.501789 -0.305576 0.0475493
-0.478354 -0.188618 0.0528543
-0.454802 -0.0613943 0.0561222
-0.43204 0.0712061 0.0572275
-0.410941 0.204088 0.0561276
-0.392316 0.332144 0.0528648
-0.376882 0.450455 0.0475645
-0.36523 0.554472 0.0404304
-0.35781 0.6402 0.0317366
-0.354906 0.704344 0.0218173
-0.35663 0.744438 0.0110536
-0.362916 0.758942 -0.000140931
-0.373521 0.747299 -0.011336
-0.388039 0.709956 -0.0221014
-0.405911 0.648348 -0.0320235
-0.426451 0.564843 -0.040721
-0.448869 0.46265 -0.0478596
-0.472305 0.345695 -0.0531651
-0.495856 0.218473 -0.0564335
-0.518619 0.085873 -0.0575392
-0.539719 -0.0470092 -0.0564398
-0.558344 -0.175067 -0.0531775
-0.573779 -0.29338 -0.0478776
-0.585431 -0.397402 -0.0407439
-0.592853 -0.483134 -0.0320504
-0.595757 -0.547282 -0.0221313
-0.594035 -0.587382 -0.0113677
-0.58775 -0.601892 -0.000173298
-0.577146 -0.590255 0.0110218
-0.562629 -0.552918 0.0217874
-0.544757 -0.491315 0.0317097
-0.524218 -0.407814 0.0404075
-0.5018 -0.305624 0.0475465
-0.478364 -0.188672 0.0528524
-0.454813 -0.0614521 0.0561212
-0.432049 0.0711471 0.0572275
-0.410949 0.20403 0.0561285
-0.392324 0.332089 0.0528667
-0.376888 0.450405 0.0475673
-0.365235 0.55443 0.0404339
-0.357813 0.640167 0.0317408
-0.354907 0.70432 0.0218219
-0.356628 0.744426 0.0110584
-0.362912 0.758942 -0.000135952
-0.373515 0.74731 -0.0113311
-0.388031 0.709978 -0.0220968
-0.405902 0.648381 -0.0320194
-0.426441 0.564885 -0.0407175
-0.448859 0.462698 -0.0478569
-0.472294 0.345749 -0.0531632
-0.495846 0.218531 -0.0564325
-0.372772 0.65603 -0.00642949
-0.381796 0.646099 -0.01595
-0.394146 0.614313 -0.0251046
-0.409349 0.561893 -0.0335416
-0.42682 0.490854 -0.0409367
-0.445887 0.403925 -0.0470058
-0.465818 0.304448 -0.0515156
-0.485847 0.196244 -0.0542927
-0.505204 0.0834726 -0.0552306
-0.523146 -0.0295333 -0.0542932
-0.538982 -0.138431 -0.0515164
-0.552105 -0.239035 -0.047007
-0.56201 -0.327481 -0.0409382
-0.568316 -0.400368 -0.0335434
-0.570781 -0.454897 -0.0251066
-0.569311 -0.488971 -0.0159521
-0.563961 -0.501282 -0.00643161
-0.554938 -0.491356 0.00308893
-0.542588 -0.459574 0.0122437
-0.527386 -0.407159 0.0206809
-0.509916 -0.336123 0.0280762
-0.490849 -0.249198 0.0341456
-0.470918 -0.149723 0.0386558
-0.450889 -0.0415207 0.0414333
-0.431531 0.0712503 0.0423716
-0.41359 0.184257 0.0414346
-0.397753 0.293156 0.0386582
-0.384629 0.393762 0.0341491
-0.374724 0.482211 0.0280807
-0.368417 0.555102 0.0206862
-0.36595 0.609635 0.0122496
-0.36742 0.643714 0.00309516
-0.372769 0.65603 -0.00642526
-0.381791 0.646108 -0.0159458
-0.39414 0.614332 -0.0251007
-0.409342 0.56192 -0.0335381
-0.426812 0.490889 -0.0409337
-0.445878 0.403966 -0.0470034
-0.465809 0.304494 -0.0515139
-0.485838 0.196293 -0.0542919
-0.505196 0.0835228 -0.0552306
-0.523138 -0.029484 -0.054294
-0.538976 -0.138384 -0.051518
-0.5521 -0.238993 -0.0470093
-0.562006 -0.327445 -0.0409412
-0.568314 -0.40034 -0.0335469
-0.570781 -0.454877 -0.0251105
-0.569312 -0.488961 -0.0159562
-0.563964 -0.501282 -0.00643585
-0.554943 -0.491365 0.00308477
-0.542594 -0.459593 0.0122398
-0.527393 -0.407186 0.0206773
-0.509924 -0.336158 0.0280733
-0.490858 -0.249239 0.0341433
-0.470927 -0.149769 0.0386541
-0.450898 -0.0415698 0.0414325
-0.43154 0.0712001 0.0423716
-0.413597 0.184207 0.0414354
-0.397759 0.293109 0.0386598
-0.384634 0.39372 0.0341515
-0.374727 0.482175 0.0280837
-0.368418 0.555074 0.0206897
-0.365951 0.609615 0.0122535
-0.367418 0.643704 0.00309931
-0.372765 0.656029 -0.00642102
-0.381786 0.646118 -0.0159417
-0.394134 0.61435 -0.0250968
-0.409334 0.561948 -0.0335346
-0.426803 0.490924 -0.0409307
-0.44587 0.404008 -0.0470011
-0.4658 0.30454 -0.0515123
-0.485829 0.196342 -0.0542911
-0.505187 0.083573 -0.0552306
-0.523131 -0.0294346 -0.0542948
-0.538969 -0.138338 -0.0515196
-0.552095 -0.238951 -0.0470117
-0.562002 -0.327409 -0.0409442
-0.568312 -0.400312 -0.0335504
-0.570781 -0.454858 -0.0251144
-0.569314 -0.488951 -0.0159604
-0.563968 -0.501281 -0.00644008
-0.554948 -0.491374 0.00308062
-0.5426 -0.459612 0.0122359
-0.527401 -0.407214 0.0206738
-0.509932 -0.336194 0.0280703
-0.490866 -0.249281 0.0341409
-0.470936 -0.149815 0.0386525
-0.450906 -0.041619 0.0414317
-0.431548 0.0711498 0.0423716
-0.413605 0.184158 0.0414362
-0.397765 0.293062 0.0386614
-0.384639 0.393678 0.0341539
-0.374731 0.482139 0.0280867
-0.36842 0.555046 0.0206932
-0.365951 0.609596 0.0122574
-0.367417 0.643694 0.00310346
-0.372762 0.656029 -0.00641679
-0.381781 0.646127 -0.0159375
-0.394128 0.614369 -0.0250929
-0.409327 0.561975 -0.0335311
-0.426795 0.490959 -0.0409277
-0.445861 0.404049 -0.0469987
-0.465791 0.304586 -0.0515107
-0.485821 0.196391 -0.0542903
-0.505179 0.0836232 -0.0552306
-0.523123 -0.0293852 -0.0542956
-0.538963 -0.138291 -0.0515212
-0.552089 -0.238909 -0.047014
-0.561999 -0.327373 -0.0409472
-0.56831 -0.400283 -0.0335539
-0.57078 -0.454838 -0.0251183
-0.569315 -0.48894 -0.0159645
-0.563971 -0.50128 -0.00644432
-0.554952 -0.491384 0.00307647
-0.542607 -0.45963 0.012232
-0.527408 -0.407241 0.0206703
-0.387539 0.531086 -0.0115782
-0.394629 0.523283 -0.0190586
-0.404333 0.498308 -0.0262515
-0.416278 0.457121 -0.0328805
-0.430005 0.401305 -0.0386909
-0.444987 0.333004 -0.0434594
-0.460647 0.254844 -0.0470028
-0.476384 0.169827 -0.0491849
-0.491593 0.0812212 -0.0499218
-0.50569 -0.00756872 -0.0491852
-0.518133 -0.0931307 -0.0470034
-0.528443 -0.172177 -0.0434604
-0.536226 -0.241669 -0.0386921
-0.54118 -0.298938 -0.0328819
-0.543117 -0.341782 -0.026253
-0.541962 -0.368554 -0.0190602
-0.537759 -0.378227 -0.0115799
-0.530669 -0.370428 -0.00409948
-0.520966 -0.345457 0.00309352
-0.509021 -0.304273 0.0097227
-0.495295 -0.24846 0.0155333
-0.480314 -0.180161 0.0203021
-0.464654 -0.102003 0.0238458
-0.448917 -0.0169873 0.0260281
-0.433707 0.071618 0.0267654
-0.41961 0.160408 0.0260291
-0.407167 0.245971 0.0238477
-0.396856 0.325019 0.0203049
-0.389073 0.394514 0.0155369
-0.384117 0.451786 0.00972685
-0.38218 0.494633 0.00309813
-0.383334 0.521409 -0.00409458
-0.387537 0.531086 -0.0115749
-0.394626 0.52329 -0.0190553
-0.404329 0.498323 -0.0262484
-0.416273 0.457143 -0.0328777
-0.429999 0.401333 -0.0386886
-0.44498 0.333037 -0.0434576
-0.46064 0.25488 -0.0470015
-0.476377 0.169866 -0.0491842
-0.491586 0.0812607 -0.0499218
-0.505684 -0.00752994 -0.0491859
-0.518127 -0.0930941 -0.0470047
-0.528439 -0.172144 -0.0434622
-0.536223 -0.241641 -0.0386944
-0.541179 -0.298916 -0.0328846
-0.543117 -0.341766 -0.0262561
-0.541963 -0.368546 -0.0190635
-0.537761 -0.378226 -0.0115832
-0.530673 -0.370435 -0.00410274
-0.520971 -0.345471 0.00309044
-0.509027 -0.304295 0.00971994
-0.495301 -0.248487 0.015531
-0.480321 -0.180194 0.0203003
-0.464661 -0.102039 0.0238445
-0.448924 -0.0170259 0.0260275
-0.433714 0.0715786 0.0267654
-0.419616 0.16037 0.0260298
-0.407172 0.245935 0.0238489
-0.39686 0.324986 0.0203067
-0.389076 0.394486 0.0155392
-0.384119 0.451763 0.00972962
-0.38218 0.494617 0.0031012
-0.383333 0.521401 -0.00409132
-0.387534 0.531085 -0.0115715
-0.394622 0.523298 -0.019052
-0.404324 0.498338 -0.0262453
-0.416267 0.457164 -0.032875
-0.429993 0.40136 -0.0386862
-0.444973 0.333069 -0.0434557
-0.460633 0.254916 -0.0470003
-0.47637 0.169904 -0.0491836
-0.49158 0.0813001 -0.0499218
-0.505678 -0.00749116 -0.0491865
-0.518122 -0.0930575 -0.047006
-0.528435 -0.172111 -0.0434641
-0.53622 -0.241613 -0.0386968
-0.541177 -0.298893 -0.0328874
-0.543117 -0.341751 -0.0262591
-0.541965 -0.368538 -0.0190667
-0.537764 -0.378226 -0.0115865
-0.530677 -0.370442 -0.004106
-0.520976 -0.345486 0.00308737
-0.509033 -0.304316 0.00971717
-0.495308 -0.248515 0.0155286
-0.480327 -0.180227 0.0202984
-0.464668 -0.102075 0.0238432
-0.448931 -0.0170646 0.0260268
-0.433721 0.0715391 0.0267654
-0.419622 0.160331 0.0260304
-0.407177 0.245898 0.0238502
-0.406662 0.388913 -0.0154041
-0.411546 0.383538 -0.0205569
-0.41823 0.366334 -0.0255117
-0.426459 0.337963 -0.030078
-0.435914 0.299514 -0.0340804
-0.446234 0.252466 -0.0373652
-0.457021 0.198626 -0.039806
-0.467861 0.140063 -0.0413091
-0.478338 0.0790284 -0.0418167
-0.488049 0.0178664 -0.0413093
-0.49662 -0.041072 -0.0398064
-0.503722 -0.095522 -0.0373658
-0.509083 -0.143391 -0.0340812
-0.512496 -0.18284 -0.0300789
-0.51383 -0.212352 -0.0255127
-0.513034 -0.230794 -0.020558
-0.510139 -0.237457 -0.0154053
-0.505256 -0.232085 -0.0102525
-0.498571 -0.214884 -0.00529769
-0.490344 -0.186515 -0.000731255
-0.480888 -0.148069 0.00327133
-0.470569 -0.101022 0.00655625
-0.459781 -0.0471835 0.00899726
-0.448941 0.0113785 0.0105006
-0.438464 0.0724133 0.0110084
-0.428754 0.133576 0.0105012
-0.420182 0.192515 0.00899857
-0.41308 0.246966 0.00655816
-0.407718 0.294837 0.00327376
-0.404305 0.334288 -0.000728396
-0.40297 0.363802 -0.00529452
-0.403765 0.382247 -0.0102491
-0.40666 0.388912 -0.0154019
-0.411543 0.383543 -0.0205547
-0.418227 0.366344 -0.0255095
-0.426455 0.337978 -0.0300761
-0.43591 0.299533 -0.0340788
-0.446229 0.252489 -0.0373639
-0.457016 0.198651 -0.0398051
-0.467857 0.14009 -0.0413086
-0.478334 0.0790556 -0.0418167
-0.488044 0.0178932 -0.0413098
-0.496616 -0.0410468 -0.0398073
-0.503719 -0.0954992 -0.0373671
-0.509081 -0.143372 -0.0340829
-0.512495 -0.182825 -0.0300808
-0.51383 -0.212342 -0.0255148
-0.513035 -0.230789 -0.0205603
-0.510141 -0.237457 -0.0154076
-0.505258 -0.23209 -0.0102548
-0.498575 -0.214894 -0.00529981
-0.490348 -0.18653 -0.000733161
-0.480893 -0.148088 0.00326971
-0.470573 -0.101045 0.00655497
-0.459786 -0.0472085 0.00899638
-0.448946 0.0113519 0.0105001
-0.438469 0.0723862 0.0110084
-0.428758 0.133549 0.0105017
-0.420186 0.192489 0.00899945
-0.413082 0.246943 0.00655943
-0.40772 0.294817 0.00327538
-0.404306 0.334272 -0.000726491
-0.40297 0.363792 -0.0052924
-0.429405 0.234974 -0.0177603
-0.431895 0.232233 -0.0203874
-0.435303 0.223462 -0.0229136
-0.439498 0.208997 -0.0252418
-0.444319 0.189394 -0.0272825
-0.449581 0.165406 -0.0289572
-0.455081 0.137956 -0.0302016
-0.460608 0.108097 -0.030968
-0.465949 0.0769783 -0.0312268
-0.4709 0.0457947 -0.0309681
-0.47527 0.0157448 -0.0302019
-0.478891 -0.0120167 -0.0289575
-0.481625 -0.036423 -0.0272829
-0.483365 -0.056536 -0.0252423
-0.484045 -0.0715831 -0.0229142
-0.483639 -0.0809858 -0.020388
-0.482163 -0.0843828 -0.0177609
-0.479673 -0.0816437 -0.0151337
-0.476265 -0.0728737 -0.0126075
-0.47207 -0.0584098 -0.0102793
-0.467249 -0.0388078 -0.00823854
-0.461988 -0.014821 -0.00656372
-0.456488 0.0126288 -0.00531916
-0.450961 0.0424868 -0.0045527
-0.44562 0.0736056 -0.00429378
-0.440669 0.104789 -0.00455235
-0.436298 0.13484 -0.00531849
-0.432677 0.162602 -0.00656275
-0.429944 0.187009 -0.0082373
-0.428203 0.207123 -0.0102778
-0.427523 0.222171 -0.0126059
-0.427928 0.231575 -0.015132
-0.454894 0.075185 -0.0185561
