0.657128 -0.0203643 0.0156865
0.660687 0.118503 0.0153153
0.659347 0.115874 0.0157417
0.657894 0.108011 0.0161518
0.656382 0.0952151 0.0165297
0.654871 0.0779787 0.0168609
0.653417 0.0569641 0.0171328
0.652078 0.0329787 0.0173348
0.650904 0.00694431 0.0174592
0.649941 -0.0201386 0.0175012
0.649226 -0.0472293 0.0174592
0.648785 -0.0732867 0.0173348
0.648636 -0.0973096 0.0171328
0.648786 -0.118375 0.016861
0.649227 -0.135672 0.0165298
0.649943 -0.148538 0.0161519
0.650907 -0.156478 0.0157418
0.652081 -0.159186 0.0153154
0.65342 -0.156558 0.0148889
0.654874 -0.148696 0.0144789
0.656385 -0.135901 0.014101
0.657896 -0.118665 0.0137697
0.65935 -0.0976516 0.0134978
0.660689 -0.0736668 0.0132958
0.661863 -0.0476328 0.0131714
0.662826 -0.02055 0.0131294
0.663542 0.00654085 0.0131714
0.663983 0.0325986 0.0132957
0.664131 0.056622 0.0134977
0.663982 0.0776878 0.0137695
0.663541 0.0949865 0.0141007
0.662825 0.107853 0.0144786
0.661861 0.115794 0.0148887
0.66262 0.25208 0.0142158
0.659993 0.246923 0.0150523
0.657142 0.231499 0.0158567
0.654177 0.206399 0.016598
0.651212 0.172589 0.0172477
0.648362 0.131367 0.017781
0.645735 0.0843179 0.0181772
0.643432 0.0332496 0.0184212
0.641543 -0.0198754 0.0185036
0.640139 -0.0730158 0.0184213
0.639275 -0.124129 0.0181773
0.638983 -0.171252 0.0177811
0.639276 -0.212572 0.0172479
0.640141 -0.246503 0.0165981
0.641546 -0.27174 0.0158569
0.643436 -0.287314 0.0150525
0.645739 -0.292626 0.014216
0.648367 -0.287472 0.0133795
0.651218 -0.272049 0.0125751
0.654183 -0.246952 0.0118338
0.657147 -0.213143 0.011184
0.659998 -0.171923 0.0106508
0.662625 -0.124875 0.0102545
0.664928 -0.0738072 0.0100104
0.666817 -0.0206823 0.00992801
0.668221 0.0324582 0.0100103
0.669086 0.0835724 0.0102543
0.669377 0.130696 0.0106505
0.669085 0.172018 0.0111836
0.66822 0.205951 0.0118334
0.666815 0.23119 0.0125746
0.664925 0.246766 0.013379
0.662621 0.25208 0.0142155
0.659994 0.246928 0.015052
0.657143 0.231508 0.0158563
0.654178 0.206412 0.0165977
0.651213 0.172605 0.0172475
0.648363 0.131387 0.0177808
0.645736 0.0843397 0.0181771
0.643433 0.0332728 0.0184212
0.641543 -0.0198518 0.0185036
0.640139 -0.0729926 0.0184213
0.639275 -0.124107 0.0181774
0.638983 -0.171232 0.0177813
0.639275 -0.212556 0.0172481
0.640141 -0.24649 0.0165984
0.641545 -0.271731 0.0158572
0.643435 -0.28731 0.0150529
0.645738 -0.292626 0.0142164
0.648366 -0.287476 0.0133799
0.651217 -0.272058 0.0125755
0.654181 -0.246965 0.0118341
0.657146 -0.21316 0.0111843
0.659997 -0.171942 0.010651
0.662624 -0.124897 0.0102546
0.664927 -0.0738304 0.0100105
0.666817 -0.020706 0.00992801
0.668221 0.032435 0.0100103
0.669085 0.0835506 0.0102541
0.669377 0.130676 0.0106503
0.669085 0.172001 0.0111834
0.66822 0.205938 0.0118331
0.666816 0.231181 0.0125743
0.662855 0.375234 0.0124304
0.65904 0.367747 0.0136448
0.654901 0.345354 0.0148125
0.650597 0.308915 0.0158887
0.646293 0.25983 0.016832
0.642154 0.199985 0.0176062
0.63834 0.131681 0.0181814
0.634998 0.0575408 0.0185357
0.632255 -0.0195849 0.0186553
0.630217 -0.0967328 0.0185358
0.628962 -0.170938 0.0181816
0.628539 -0.23935 0.0176063
0.628964 -0.299338 0.0168322
0.63022 -0.348598 0.015889
0.632259 -0.385237 0.0148128
0.635004 -0.407846 0.0136451
0.638348 -0.415558 0.0124307
0.642162 -0.408075 0.0112162
0.646301 -0.385685 0.0100485
0.650605 -0.349249 0.00897225
0.65491 -0.300166 0.00802892
0.659048 -0.240324 0.00725472
0.662862 -0.172021 0.00667942
0.666205 -0.0978818 0.00632512
0.668948 -0.0207564 0.00620543
0.670986 0.0563918 0.00632496
0.672241 0.130598 0.00667911
0.672664 0.199011 0.00725427
0.67224 0.259002 0.00802834
0.670984 0.308264 0.00897158
0.668944 0.344906 0.0100477
0.6662 0.367519 0.0112154
0.662857 0.375233 0.0124298
0.659042 0.367754 0.0136443
0.654903 0.345367 0.014812
0.650599 0.308934 0.0158883
0.646295 0.259854 0.0168317
0.642156 0.200014 0.0176059
0.638342 0.131712 0.0181812
0.634999 0.0575744 0.0185356
0.632256 -0.0195506 0.0186553
0.630217 -0.0966992 0.0185359
0.628962 -0.170907 0.0181818
0.628539 -0.239321 0.0176066
0.628963 -0.299314 0.0168326
0.630219 -0.348579 0.0158894
0.632258 -0.385223 0.0148133
0.635002 -0.407839 0.0136456
0.638346 -0.415558 0.0124312
0.64216 -0.408081 0.0112168
0.646299 -0.385698 0.010049
0.650604 -0.349268 0.0089727
0.654908 -0.30019 0.0080293
0.659046 -0.240352 0.00725502
0.66286 -0.172052 0.00667963
0.666204 -0.0979154 0.00632522
0.668947 -0.0207907 0.00620543
0.670986 0.0563582 0.00632486
0.672241 0.130566 0.0066789
0.672664 0.198983 0.00725397
0.67224 0.258977 0.00802796
0.670984 0.308245 0.00897113
0.668945 0.344893 0.0100472
0.666202 0.367512 0.0112149
0.662858 0.375233 0.0124293
0.659044 0.367761 0.0136437
0.654905 0.34538 0.0148115
0.650601 0.308953 0.0158878
0.646297 0.259878 0.0168313
0.642158 0.200042 0.0176056
0.638344 0.131744 0.018181
0.635 0.0576081 0.0185355
0.632257 -0.0195163 0.0186553
0.630218 -0.0966655 0.018536
0.628963 -0.170875 0.018182
0.628539 -0.239292 0.0176069
0.628963 -0.299289 0.016833
0.630219 -0.34856 0.0158899
0.632257 -0.38521 0.0148138
0.635001 -0.407833 0.0136461
0.638344 -0.415558 0.0124317
0.642159 -0.408088 0.0112173
0.646297 -0.385711 0.0100495
0.650602 -0.349287 0.00897315
0.654906 -0.300215 0.00802968
0.659045 -0.240381 0.00725532
0.662859 -0.172084 0.00667983
0.666202 -0.0979491 0.00632533
0.668946 -0.020825 0.00620543
0.670985 0.0563245 0.00632475
0.67224 0.130535 0.0066787
0.661381 0.483231 0.0100276
0.656526 0.473703 0.0115732
0.651258 0.445202 0.0130595
0.64578 0.398823 0.0144292
0.640302 0.33635 0.0156298
0.635034 0.260182 0.0166151
0.63018 0.173246 0.0173473
0.625926 0.0788843 0.0177982
0.622435 -0.0192783 0.0179504
0.619841 -0.117469 0.0177983
0.618244 -0.211915 0.0173474
0.617705 -0.298986 0.0166153
0.618246 -0.375337 0.0156301
0.619845 -0.438033 0.0144295
0.622441 -0.484665 0.0130598
0.625934 -0.513442 0.0115736
0.630189 -0.523257 0.0100279
0.635044 -0.513733 0.00848226
0.640312 -0.485236 0.00699599
0.645791 -0.438861 0.00562621
0.651269 -0.376391 0.00442557
0.656536 -0.300226 0.00344021
0.66139 -0.213292 0.00270799
0.665645 -0.118931 0.00225704
0.669136 -0.0207693 0.00210471
0.671731 0.0774219 0.00225684
0.673328 0.171869 0.00270759
0.673866 0.258942 0.00343963
0.673326 0.335296 0.00442484
0.671727 0.397995 0.00562535
0.669132 0.444631 0.00699503
0.665639 0.473412 0.00848125
0.661383 0.483231 0.0100269
0.656528 0.473711 0.0115726
0.65126 0.445218 0.0130589
0.645782 0.398848 0.0144287
0.640304 0.336381 0.0156293
0.635037 0.260218 0.0166148
0.630182 0.173287 0.017347
0.625928 0.0789271 0.0177981
0.622436 -0.0192346 0.0179504
0.619842 -0.117426 0.0177984
0.618244 -0.211874 0.0173477
0.617705 -0.29895 0.0166157
0.618245 -0.375306 0.0156306
0.619844 -0.438009 0.0144301
0.622439 -0.484648 0.0130604
0.625932 -0.513433 0.0115742
0.630187 -0.523257 0.0100286
0.635042 -0.513741 0.00848294
0.64031 -0.485252 0.00699662
0.645788 -0.438885 0.00562678
0.651266 -0.376422 0.00442606
0.656534 -0.300262 0.00344059
0.661388 -0.213333 0.00270825
0.665643 -0.118974 0.00225718
0.669135 -0.0208129 0.00210471
0.67173 0.0773791 0.00225671
0.673327 0.171828 0.00270733
0.673866 0.258906 0.00343925
0.673326 0.335265 0.00442435
0.671728 0.397971 0.00562478
0.669133 0.444614 0.0069944
0.665641 0.473403 0.00848058
0.661385 0.483231 0.0100262
0.656531 0.47372 0.0115719
0.651263 0.445235 0.0130582
0.645785 0.398872 0.0144281
0.640307 0.336412 0.0156289
0.635039 0.260254 0.0166144
0.630184 0.173327 0.0173468
0.625929 0.0789699 0.0177979
0.622437 -0.0191909 0.0179504
0.619843 -0.117383 0.0177985
0.618245 -0.211834 0.017348
0.617705 -0.298913 0.0166161
0.618245 -0.375275 0.015631
0.619843 -0.437984 0.0144307
0.622438 -0.484632 0.0130611
0.62593 -0.513425 0.0115749
0.630185 -0.523257 0.0100293
0.63504 -0.51375 0.00848361
0.640308 -0.485269 0.00699726
0.645786 -0.43891 0.00562735
0.651264 -0.376453 0.00442654
0.656532 -0.300298 0.00344097
0.661386 -0.213373 0.00270851
0.665642 -0.119017 0.00225731
0.669134 -0.0208566 0.00210471
0.671729 0.0773362 0.00225657
0.673327 0.171788 0.00270706
0.673866 0.258869 0.00343887
0.673327 0.335234 0.00442387
0.671729 0.397946 0.00562421
0.669134 0.444598 0.00699376
0.665642 0.473395 0.0084799
0.661387 0.483231 0.0100255
0.656533 0.473728 0.0115712
0.651265 0.445252 0.0130576
0.645787 0.398896 0.0144275
0.640309 0.336442 0.0156284
0.635041 0.260291 0.016614
0.630186 0.173367 0.0173465
0.625931 0.0790127 0.0177978
0.622439 -0.0191472 0.0179504
0.619843 -0.117341 0.0177987
0.618245 -0.211794 0.0173482
0.617705 -0.298877 0.0166165
0.618244 -0.375244 0.0156315
0.619842 -0.43796 0.0144312
0.622437 -0.484615 0.0130617
0.625928 -0.513416 0.0115756
0.630183 -0.523256 0.01003
0.635038 -0.513758 0.00848429
0.640305 -0.485286 0.00699789
0.645783 -0.438934 0.00562793
0.658256 0.571922 0.00709975
0.652547 0.560718 0.00891725
0.646352 0.527205 0.0106649
0.639911 0.472669 0.0122756
0.633469 0.399208 0.0136873
0.627275 0.309644 0.0148459
0.621567 0.207418 0.0157069
0.616565 0.0964599 0.016237
0.612459 -0.0189672 0.0164161
0.609409 -0.134428 0.0162371
0.607532 -0.245484 0.015707
0.606898 -0.347869 0.0148461
0.607534 -0.437648 0.0136876
0.609414 -0.511371 0.0122759
0.612467 -0.566205 0.0106653
0.616574 -0.600043 0.00891765
0.621578 -0.611584 0.00710016
0.627287 -0.600385 0.00528265
0.633482 -0.566876 0.00353497
0.639923 -0.512345 0.00192428
0.646365 -0.438888 0.000512474
0.652559 -0.349327 -0.000646193
0.658267 -0.247104 -0.0015072
0.66327 -0.136147 -0.00203745
0.667375 -0.0207204 -0.00221657
0.670425 0.0947404 -0.00203768
0.672303 0.205798 -0.00150766
0.672937 0.308186 -0.000646867
0.672302 0.397968 0.000511617
0.670422 0.471695 0.00192327
0.66737 0.526534 0.00353385
0.663263 0.560376 0.00528146
0.658258 0.571922 0.00709895
0.65255 0.560728 0.00891646
0.646355 0.527224 0.0106642
0.639913 0.472698 0.0122749
0.633472 0.399244 0.0136867
0.627278 0.309686 0.0148455
0.62157 0.207466 0.0157065
0.616567 0.0965103 0.0162369
0.612461 -0.0189159 0.0164161
0.60941 -0.134377 0.0162373
0.607532 -0.245437 0.0157073
0.606898 -0.347826 0.0148466
0.607534 -0.437612 0.0136882
0.609413 -0.511343 0.0122766
0.612465 -0.566186 0.010666
0.616572 -0.600033 0.00891844
0.621576 -0.611584 0.00710097
0.627285 -0.600395 0.00528344
0.633479 -0.566896 0.00353572
0.639921 -0.512374 0.00192495
0.646362 -0.438924 0.000513046
0.652556 -0.34937 -0.000645744
0.658264 -0.247151 -0.00150689
0.663268 -0.136197 -0.00203729
0.667374 -0.0207718 -0.00221657
0.670424 0.09469 -0.00203784
0.672303 0.205751 -0.00150797
0.672937 0.308143 -0.000647316
0.672302 0.397932 0.000511045
0.670423 0.471667 0.0019226
0.667371 0.526514 0.0035331
0.663265 0.560366 0.00528067
0.658261 0.571922 0.00709814
0.652552 0.560738 0.00891567
0.646358 0.527244 0.0106634
0.639916 0.472726 0.0122742
0.633475 0.39928 0.0136862
0.627281 0.309729 0.014845
0.621572 0.207513 0.0157062
0.616569 0.0965606 0.0162367
0.612463 -0.0188645 0.0164161
0.609412 -0.134327 0.0162374
0.607533 -0.245389 0.0157076
0.606898 -0.347784 0.014847
0.607533 -0.437576 0.0136887
0.609412 -0.511314 0.0122772
0.612463 -0.566166 0.0106668
0.61657 -0.600023 0.00891924
0.621573 -0.611584 0.00710177
0.627282 -0.600405 0.00528424
0.633476 -0.566915 0.00353646
0.639918 -0.512402 0.00192562
0.646359 -0.438961 0.000513618
0.652553 -0.349412 -0.000645294
0.658262 -0.247199 -0.00150658
0.663266 -0.136248 -0.00203713
0.667372 -0.0208231 -0.00221657
0.670423 0.0946396 -0.002038
0.672302 0.205703 -0.00150828
0.672937 0.3081 -0.000647765
0.672303 0.397895 0.000510474
0.670424 0.471638 0.00192193
0.667373 0.526494 0.00353236
0.663267 0.560356 0.00527987
0.658263 0.571922 0.00709733
0.652555 0.560748 0.00891487
0.646361 0.527263 0.0106627
0.639919 0.472755 0.0122735
0.633478 0.399317 0.0136856
0.627283 0.309772 0.0148446
0.621575 0.20756 0.0157059
0.616571 0.096611 0.0162366
0.612464 -0.0188132 0.0164161
0.609413 -0.134276 0.0162376
0.607533 -0.245342 0.0157079
0.606898 -0.347741 0.0148475
0.607532 -0.437539 0.0136893
0.609411 -0.511286 0.0122779
0.612462 -0.566146 0.0106675
0.616568 -0.600013 0.00892003
0.621571 -0.611584 0.00710258
0.627279 -0.600415 0.00528503
0.633473 -0.566935 0.00353721
0.639915 -0.512431 0.0019263
0.646356 -0.438997 0.00051419
0.652551 -0.349455 -0.000644845
0.65826 -0.247246 -0.00150627
0.663264 -0.136298 -0.00203697
0.66737 -0.0208745 -0.00221657
0.670422 0.0945893 -0.00203816
0.672302 0.205656 -0.00150859
0.672937 0.308058 -0.000648214
0.672303 0.397859 0.000509902
0.670425 0.471609 0.00192126
0.667374 0.526474 0.00353161
0.663269 0.560346 0.00527908
0.658266 0.571922 0.00709652
0.652557 0.560758 0.00891408
0.646364 0.527283 0.0106619
0.639922 0.472783 0.0122729
0.63348 0.399353 0.013685
0.627286 0.309814 0.0148441
0.621577 0.207608 0.0157056
0.616573 0.0966613 0.0162364
0.653599 0.637899 0.00375941
0.647256 0.62545 0.00577892
0.640373 0.588211 0.00772081
0.633215 0.527615 0.00951048
0.626057 0.445989 0.0110791
0.619175 0.34647 0.0123665
0.612833 0.232883 0.0133231
0.607274 0.109592 0.0139122
0.602713 -0.0186637 0.0141112
0.599324 -0.146957 0.0139123
0.597237 -0.270356 0.0133233
0.596534 -0.384121 0.0123668
0.59724 -0.483878 0.0110795
0.599329 -0.565795 0.00951085
0.602721 -0.626724 0.00772123
0.607284 -0.664322 0.00577936
0.612845 -0.677146 0.00375986
0.619188 -0.664702 0.00174035
0.626071 -0.627469 -0.000201571
0.633229 -0.566878 -0.00199128
0.640387 -0.485256 -0.00356
0.647269 -0.385741 -0.00484744
0.653611 -0.272156 -0.00580414
0.65917 -0.148867 -0.00639332
0.663732 -0.0206118 -0.00659236
0.667121 0.107682 -0.00639359
0.669208 0.231083 -0.00580465
0.669912 0.34485 -0.00484819
0.669206 0.444611 -0.00356095
0.667117 0.526532 -0.0019924
0.663726 0.587466 -0.000202816
0.659162 0.62507 0.00173903
0.653602 0.637899 0.00375851
0.647259 0.625461 0.00577803
0.640376 0.588233 0.00771998
0.633218 0.527646 0.00950973
0.626061 0.446029 0.0110785
0.619178 0.346517 0.012366
0.612836 0.232936 0.0133228
0.607277 0.109648 0.0139121
0.602715 -0.0186067 0.0141112
0.599325 -0.146901 0.0139125
0.597238 -0.270304 0.0133237
0.596534 -0.384073 0.0123673
0.597239 -0.483838 0.0110801
0.599328 -0.565763 0.0095116
0.602719 -0.626702 0.00772206
0.607282 -0.664311 0.00578024
0.612842 -0.677146 0.00376076
0.619186 -0.664713 0.00174123
0.626068 -0.627491 -0.000200741
0.633226 -0.566909 -0.00199053
0.640383 -0.485296 -0.00355936
0.647266 -0.385788 -0.00484694
0.653609 -0.272209 -0.0058038
0.659168 -0.148923 -0.00639315
0.66373 -0.0206689 -0.00659236
0.66712 0.107626 -0.00639376
0.669207 0.23103 -0.005805
0.669912 0.344803 -0.00484869
0.669206 0.444571 -0.00356158
0.667118 0.526501 -0.00199315
0.663728 0.587444 -0.000203646
0.659165 0.625058 0.00173815
0.653605 0.637899 0.00375762
0.647261 0.625472 0.00577715
0.640379 0.588255 0.00771915
0.633221 0.527678 0.00950898
0.626064 0.446069 0.0110779
0.619181 0.346565 0.0123655
0.612838 0.232988 0.0133224
0.607279 0.109704 0.0139119
0.602716 -0.0185496 0.0141112
0.599326 -0.146845 0.0139127
0.597238 -0.270251 0.013324
0.596534 -0.384026 0.0123678
0.597239 -0.483798 0.0110807
0.599327 -0.565732 0.00951235
0.602717 -0.62668 0.00772289
0.60728 -0.6643 0.00578112
0.61284 -0.677146 0.00376166
0.619183 -0.664724 0.00174211
0.626065 -0.627513 -0.000199911
0.633223 -0.566941 -0.00198978
0.64038 -0.485336 -0.00355873
0.647263 -0.385835 -0.00484644
0.653606 -0.272262 -0.00580345
0.659166 -0.148979 -0.00639297
0.663728 -0.0207259 -0.00659236
0.667119 0.10757 -0.00639394
0.669207 0.230978 -0.00580534
0.669912 0.344755 -0.00484919
0.669207 0.44453 -0.00356222
0.66712 0.526469 -0.00199389
0.663729 0.587422 -0.000204476
0.659167 0.625047 0.00173727
0.653607 0.637899 0.00375672
0.647264 0.625483 0.00577627
0.640382 0.588276 0.00771832
0.633224 0.52771 0.00950824
0.626067 0.44611 0.0110772
0.619184 0.346612 0.012365
0.612841 0.233041 0.0133221
0.607281 0.10976 0.0139117
0.602718 -0.0184926 0.0141112
0.599327 -0.146789 0.0139129
0.597239 -0.270198 0.0133243
0.596534 -0.383978 0.0123683
0.597238 -0.483757 0.0110814
0.599325 -0.5657 0.00951309
0.602715 -0.626658 0.00772372
0.607278 -0.664288 0.005782
0.612837 -0.677146 0.00376256
0.61918 -0.664735 0.00174299
0.626062 -0.627534 -0.000199081
0.63322 -0.566972 -0.00198904
0.640377 -0.485377 -0.00355809
0.64726 -0.385883 -0.00484594
0.653603 -0.272314 -0.00580311
0.659163 -0.149035 -0.0063928
0.663727 -0.020783 -0.00659236
0.667118 0.107514 -0.00639411
0.669206 0.230925 -0.00580569
0.669912 0.344708 -0.00484969
0.669208 0.44449 -0.00356285
0.667121 0.526437 -0.00199464
0.663731 0.5874 -0.000205305
0.659169 0.625036 0.00173639
0.65361 0.637899 0.00375582
0.647267 0.625494 0.00577539
0.640385 0.588298 0.00771749
0.633228 0.527741 0.00950749
0.62607 0.44615 0.0110766
0.619187 0.34666 0.0123645
0.612844 0.233094 0.0133218
0.607283 0.109816 0.0139115
0.60272 -0.0184355 0.0141112
0.599329 -0.146733 0.013913
0.59724 -0.270145 0.0133247
0.596534 -0.383931 0.0123688
0.597238 -0.483717 0.011082
0.599324 -0.565668 0.00951384
0.602714 -0.626636 0.00772455
0.607275 -0.664277 0.00578288
0.612834 -0.677146 0.00376346
0.619177 -0.664746 0.00174388
0.626059 -0.627556 -0.000198251
0.633216 -0.567004 -0.00198829
0.640374 -0.485417 -0.00355746
0.647257 -0.38593 -0.00484544
0.653601 -0.272367 -0.00580276
0.64759 0.678626 0.000134922
0.640856 0.66541 0.00227882
0.633549 0.625877 0.00434033
0.62595 0.561548 0.00624024
0.618352 0.474894 0.00790553
0.611046 0.369246 0.0092722
0.604313 0.248662 0.0102877
0.598412 0.117777 0.0109131
0.593569 -0.0183795 0.0111243
0.589971 -0.154575 0.0109132
0.587756 -0.285576 0.0102879
0.587009 -0.406348 0.00927247
0.587759 -0.51225 0.00790586
0.589977 -0.599213 0.00624064
0.593577 -0.663894 0.00434077
0.598422 -0.703809 0.00227929
0.604325 -0.717423 0.000135399
0.61106 -0.704212 -0.00200851
0.618366 -0.664686 -0.00407005
0.625965 -0.600362 -0.00597
0.633563 -0.513713 -0.00763534
0.64087 -0.408067 -0.00900209
0.647603 -0.287486 -0.0100177
0.653504 -0.156603 -0.0106432
0.658347 -0.0204476 -0.0108545
0.661945 0.115748 -0.0106435
0.66416 0.246751 -0.0100183
0.664907 0.367526 -0.00900289
0.664158 0.473432 -0.00763636
0.66194 0.560399 -0.00597119
0.65834 0.625086 -0.00407137
0.653496 0.665006 -0.00200991
0.647593 0.678626 0.000133969
0.640859 0.665421 0.00227789
0.633552 0.625901 0.00433945
0.625953 0.561582 0.00623945
0.618355 0.474937 0.00790485
0.611049 0.369296 0.00927167
0.604316 0.248718 0.0102874
0.598414 0.117836 0.010913
0.593571 -0.0183189 0.0111243
0.589972 -0.154516 0.0109134
0.587757 -0.28552 0.0102883
0.587009 -0.406298 0.009273
0.587758 -0.512207 0.00790654
0.589976 -0.599179 0.00624143
0.593576 -0.663871 0.00434166
0.59842 -0.703797 0.00228022
0.604322 -0.717422 0.000136353
0.611056 -0.704224 -0.00200757
0.618363 -0.664709 -0.00406917
0.625962 -0.600395 -0.0059692
0.63356 -0.513755 -0.00763467
0.640866 -0.408118 -0.00900156
0.6476 -0.287542 -0.0100174
0.653502 -0.156663 -0.010643
0.658345 -0.0205081 -0.0108545
0.661944 0.115689 -0.0106437
0.66416 0.246695 -0.0100186
0.664907 0.367476 -0.00900342
0.664159 0.473389 -0.00763703
0.661942 0.560366 -0.00597198
0.658342 0.625063 -0.00407225
0.653498 0.664994 -0.00201085
0.647596 0.678626 0.000133015
0.640862 0.665433 0.00227695
0.633555 0.625924 0.00433857
0.625957 0.561615 0.00623865
0.618358 0.47498 0.00790418
0.611052 0.369346 0.00927114
0.604318 0.248774 0.010287
0.598416 0.117896 0.0109128
0.593573 -0.0182583 0.0111243
0.589974 -0.154456 0.0109136
0.587758 -0.285464 0.0102887
0.587009 -0.406247 0.00927353
0.587758 -0.512164 0.00790721
0.589974 -0.599145 0.00624222
0.593574 -0.663848 0.00434254
0.598417 -0.703785 0.00228116
0.60432 -0.717422 0.000137307
0.611053 -0.704236 -0.00200664
0.61836 -0.664732 -0.00406829
0.625958 -0.600429 -0.00596841
0.633557 -0.513798 -0.007634
0.640863 -0.408168 -0.00900103
0.647597 -0.287598 -0.010017
0.653499 -0.156722 -0.0106428
0.658343 -0.0205687 -0.0108545
0.661942 0.11563 -0.0106438
0.664159 0.246639 -0.010019
0.664907 0.367425 -0.00900395
0.664159 0.473346 -0.0076377
0.661943 0.560332 -0.00597277
0.658344 0.625039 -0.00407313
0.6535 0.664982 -0.00201178
0.647599 0.678626 0.000132062
0.640865 0.665445 0.00227602
0.633559 0.625947 0.00433769
0.62596 0.561649 0.00623786
0.618362 0.475023 0.0079035
0.611055 0.369396 0.00927061
0.604321 0.24883 0.0102867
0.598419 0.117955 0.0109126
0.593575 -0.0181978 0.0111243
0.589975 -0.154397 0.0109138
0.587758 -0.285408 0.010289
0.587009 -0.406197 0.00927406
0.587757 -0.512121 0.00790789
0.589973 -0.599112 0.00624301
0.593572 -0.663825 0.00434342
0.598415 -0.703773 0.00228209
0.604317 -0.717422 0.00013826
0.61105 -0.704247 -0.0020057
0.618357 -0.664755 -0.0040674
0.625955 -0.600463 -0.00596762
0.633553 -0.513841 -0.00763332
0.64086 -0.408218 -0.0090005
0.647594 -0.287654 -0.0100166
0.653497 -0.156781 -0.0106426
0.658341 -0.0206293 -0.0108545
0.661941 0.11557 -0.010644
0.664158 0.246583 -0.0100194
0.664907 0.367375 -0.00900448
0.66416 0.473303 -0.00763838
0.661944 0.560298 -0.00597357
0.658346 0.625016 -0.00407401
0.653503 0.66497 -0.00201272
0.647601 0.678625 0.000131108
0.640868 0.665457 0.00227508
0.633562 0.62597 0.00433681
0.625963 0.561683 0.00623707
0.618365 0.475065 0.00790283
0.611058 0.369447 0.00927008
0.604324 0.248885 0.0102863
0.598421 0.118014 0.0109124
0.593577 -0.0181372 0.0111243
0.589976 -0.154337 0.010914
0.587759 -0.285352 0.0102894
0.587009 -0.406146 0.00927459
0.587757 -0.512079 0.00790856
0.589972 -0.599078 0.00624381
0.59357 -0.663801 0.0043443
0.598413 -0.703761 0.00228303
0.604314 -0.717422 0.000139214
0.611047 -0.704259 -0.00200477
0.618353 -0.664778 -0.00406652
0.625952 -0.600496 -0.00596683
0.63355 -0.513884 -0.00763265
0.640857 -0.408269 -0.00899997
0.647591 -0.28771 -0.0100163
0.653494 -0.156841 -0.0106425
0.658339 -0.0206899 -0.0108545
0.66194 0.115511 -0.0106442
0.664158 0.246527 -0.0100197
0.664907 0.367324 -0.00900501
0.664161 0.47326 -0.00763905
0.661946 0.560264 -0.00597436
0.658348 0.624993 -0.00407489
0.653505 0.664958 -0.00201365
0.640459 0.692538 -0.00363443
0.633593 0.679063 -0.00144853
0.626143 0.638756 0.000653382
0.618395 0.573166 0.00259052
0.610648 0.484814 0.00428843
0.603199 0.377095 0.00568189
0.596334 0.254149 0.00671734
0.590317 0.120699 0.00735498
0.58538 -0.0181254 0.00757032
0.581711 -0.15699 0.00735507
0.579453 -0.290557 0.00671752
0.578691 -0.413696 0.00568216
0.579456 -0.521673 0.00428878
0.581717 -0.61034 0.00259092
0.585388 -0.676289 0.000653831
0.590328 -0.716986 -0.00144805
0.596347 -0.730866 -0.00363395
0.603213 -0.717397 -0.00581987
0.610663 -0.677096 -0.0079218
0.61841 -0.611512 -0.00985898
0.626158 -0.523164 -0.011557
0.633607 -0.415449 -0.0129505
0.640472 -0.292506 -0.013986
0.646489 -0.159058 -0.0146238
0.651427 -0.020234 -0.0148392
0.655095 0.118631 -0.014624
0.657354 0.2522 -0.0139866
0.658116 0.375342 -0.0129513
0.657352 0.483323 -0.011558
0.655091 0.571995 -0.00986019
0.65142 0.637949 -0.00792315
0.646481 0.678651 -0.0058213
0.640462 0.692538 -0.00363541
0.633596 0.679075 -0.00144948
0.626146 0.638779 0.000652484
0.618398 0.5732 0.00258971
0.610651 0.484858 0.00428775
0.603202 0.377146 0.00568135
0.596337 0.254206 0.00671696
0.590319 0.120759 0.00735479
0.585382 -0.0180636 0.00757032
0.581713 -0.156929 0.00735526
0.579454 -0.2905 0.00671789
0.578691 -0.413645 0.0056827
0.579455 -0.52163 0.00428947
0.581716 -0.610306 0.00259173
0.585386 -0.676265 0.000654729
0.590325 -0.716974 -0.0014471
0.596344 -0.730866 -0.00363298
0.60321 -0.717409 -0.00581891
0.61066 -0.67712 -0.0079209
0.618407 -0.611546 -0.00985817
0.626154 -0.523208 -0.0115563
0.633604 -0.415501 -0.0129499
0.640469 -0.292563 -0.0139856
0.646487 -0.159118 -0.0146236
0.651425 -0.0202958 -0.0148392
0.655094 0.11857 -0.0146242
0.657353 0.252143 -0.0139869
0.658116 0.37529 -0.0129518
0.657352 0.483279 -0.0115587
0.655092 0.57196 -0.009861
0.651422 0.637925 -0.00792405
0.646483 0.678639 -0.00582225
0.640465 0.692538 -0.00363638
0.633599 0.679087 -0.00145043
0.626149 0.638803 0.000651585
0.618402 0.573235 0.0025889
0.610655 0.484901 0.00428706
0.603205 0.377198 0.00568081
0.59634 0.254263 0.00671659
0.590322 0.12082 0.0073546
0.585383 -0.0180019 0.00757032
0.581714 -0.156868 0.00735545
0.579454 -0.290443 0.00671827
0.578691 -0.413593 0.00568324
0.579455 -0.521586 0.00429015
0.581714 -0.610272 0.00259254
0.585384 -0.676242 0.000655628
0.590323 -0.716961 -0.00144614
0.596341 -0.730866 -0.003632
0.603207 -0.717421 -0.00581796
0.610656 -0.677143 -0.00792
0.618404 -0.61158 -0.00985736
0.626151 -0.523252 -0.0115556
0.633601 -0.415552 -0.0129494
0.640466 -0.29262 -0.0139853
0.646484 -0.159179 -0.0146234
0.651423 -0.0203575 -0.0148392
0.655093 0.11851 -0.0146244
0.657353 0.252086 -0.0139873
0.658116 0.375239 -0.0129524
0.657353 0.483236 -0.0115594
0.655093 0.571926 -0.00986181
0.651424 0.637901 -0.00792495
0.646485 0.678627 -0.0058232
0.640468 0.692537 -0.00363735
0.633602 0.679098 -0.00145139
0.626153 0.638826 0.000650687
0.618405 0.573269 0.00258809
0.610658 0.484945 0.00428637
0.603208 0.377249 0.00568027
0.596342 0.25432 0.00671622
0.590324 0.120881 0.00735441
0.585385 -0.0179401 0.00757032
0.581715 -0.156808 0.00735564
0.579455 -0.290386 0.00671864
0.578691 -0.413542 0.00568378
0.579454 -0.521542 0.00429084
0.581713 -0.610237 0.00259334
0.585382 -0.676218 0.000656526
0.590321 -0.716949 -0.00144519
0.596338 -0.730866 -0.00363103
0.603203 -0.717433 -0.00581701
0.610653 -0.677167 -0.00791911
0.6184 -0.611614 -0.00985655
0.626148 -0.523295 -0.0115549
0.633597 -0.415603 -0.0129489
0.640463 -0.292677 -0.0139849
0.646482 -0.159239 -0.0146232
0.651421 -0.0204193 -0.0148392
0.655091 0.118449 -0.0146246
0.657352 0.252029 -0.0139877
0.658116 0.375188 -0.0129529
0.657354 0.483192 -0.0115601
0.655095 0.571891 -0.00986262
0.651426 0.637878 -0.00792584
0.646488 0.678615 -0.00582416
0.640471 0.692537 -0.00363832
0.633605 0.67911 -0.00145234
0.626156 0.63885 0.000649788
0.618409 0.573303 0.00258728
0.610661 0.484989 0.00428568
0.603211 0.3773 0.00567973
0.596345 0.254377 0.00671585
0.590327 0.120941 0.00735422
0.585387 -0.0178784 0.00757032
0.581716 -0.156747 0.00735583
0.579456 -0.290329 0.00671901
0.578691 -0.41349 0.00568432
0.579453 -0.521499 0.00429153
0.581712 -0.610203 0.00259415
0.58538 -0.676194 0.000657424
0.590318 -0.716937 -0.00144423
0.596335 -0.730866 -0.00363006
0.6032 -0.717445 -0.00581605
0.610649 -0.67719 -0.00791821
0.618397 -0.611649 -0.00985575
0.626144 -0.523339 -0.0115542
0.633594 -0.415654 -0.0129483
0.640461 -0.292734 -0.0139845
0.646479 -0.1593 -0.014623
0.651419 -0.020481 -0.0148392
0.65509 0.118388 -0.0146248
0.657351 0.251972 -0.0139881
0.658116 0.375136 -0.0129535
0.657354 0.483148 -0.0115607
0.655096 0.571857 -0.00986343
0.651428 0.637854 -0.00792674
0.64649 0.678603 -0.00582511
0.640474 0.692537 -0.0036393
0.633609 0.679122 -0.00145329
0.626159 0.638873 0.00064889
0.632481 0.6791 -0.00740381
0.625746 0.665884 -0.00525989
0.618439 0.626351 -0.00319836
0.61084 0.562022 -0.00129844
0.603242 0.475367 0.000366864
0.595936 0.369717 0.00173355
0.589203 0.249132 0.00274911
0.583302 0.118246 0.0033745
0.578459 -0.0179112 0.0035857
0.574861 -0.154108 0.00337459
0.572646 -0.28511 0.00274929
0.571899 -0.405883 0.00173382
0.572649 -0.511786 0.000367201
0.574867 -0.59875 -0.00129804
0.578468 -0.663432 -0.00319792
0.583312 -0.703347 -0.00525942
0.589216 -0.71696 -0.00740333
0.59595 -0.70375 -0.00954726
0.603257 -0.664223 -0.0116088
0.610856 -0.599899 -0.0135088
0.618454 -0.513249 -0.0151741
0.62576 -0.407603 -0.0165409
0.632493 -0.287021 -0.0175565
0.638395 -0.156136 -0.018182
0.643237 -0.0199793 -0.0183933
0.646836 0.116218 -0.0181823
0.649051 0.247222 -0.0175571
0.649798 0.367998 -0.0165417
0.649049 0.473904 -0.0151752
0.646831 0.560873 -0.01351
0.643231 0.62556 -0.0116101
0.638386 0.66548 -0.00954866
0.632483 0.6791 -0.00740476
0.625749 0.665896 -0.00526083
0.618442 0.626374 -0.00319924
0.610844 0.562055 -0.00129923
0.603245 0.47541 0.000366189
0.595939 0.369767 0.00173302
0.589206 0.249188 0.00274874
0.583304 0.118306 0.00337431
0.578461 -0.0178507 0.0035857
0.574863 -0.154048 0.00337478
0.572647 -0.285054 0.00274965
0.571899 -0.405833 0.00173435
0.572649 -0.511743 0.000367875
0.574866 -0.598716 -0.00129725
0.578466 -0.663408 -0.00319704
0.58331 -0.703335 -0.00525849
0.589213 -0.71696 -0.00740238
0.595947 -0.703762 -0.00954632
0.603254 -0.664246 -0.0116079
0.610852 -0.599932 -0.013508
0.618451 -0.513291 -0.0151735
0.625757 -0.407653 -0.0165404
0.63249 -0.287076 -0.0175562
0.638392 -0.156196 -0.0181818
0.643236 -0.0200399 -0.0183933
0.646834 0.116158 -0.0181825
0.64905 0.247166 -0.0175574
0.649798 0.367947 -0.0165422
0.649049 0.473862 -0.0151758
0.646832 0.560839 -0.0135108
0.643233 0.625536 -0.011611
0.638389 0.665468 -0.0095496
0.632486 0.6791 -0.00740571
0.625752 0.665907 -0.00526176
0.618446 0.626397 -0.00320012
0.610847 0.562089 -0.00130002
0.603249 0.475452 0.000365515
0.595942 0.369818 0.00173249
0.589209 0.249244 0.00274838
0.583307 0.118365 0.00337413
0.578463 -0.0177901 0.0035857
0.574864 -0.153989 0.00337496
0.572648 -0.284998 0.00275002
0.571899 -0.405782 0.00173488
0.572648 -0.5117 0.000368549
0.574864 -0.598682 -0.00129646
0.578464 -0.663385 -0.00319616
0.583308 -0.703323 -0.00525755
0.58921 -0.71696 -0.00740142
0.595944 -0.703773 -0.00954539
0.60325 -0.664269 -0.0116071
0.610849 -0.599966 -0.0135072
0.618447 -0.513334 -0.0151728
0.625754 -0.407703 -0.0165398
0.632488 -0.287132 -0.0175558
0.63839 -0.156255 -0.0181816
0.643234 -0.0201005 -0.0183933
0.646833 0.116099 -0.0181827
0.64905 0.24711 -0.0175578
0.649798 0.367897 -0.0165428
0.64905 0.473819 -0.0151765
0.646834 0.560805 -0.0135116
0.643235 0.625513 -0.0116119
0.638391 0.665456 -0.00955053
0.632489 0.6791 -0.00740667
0.625756 0.665919 -0.0052627
0.618449 0.626421 -0.003201
0.610851 0.562122 -0.00130082
0.603252 0.475495 0.000364841
0.595945 0.369868 0.00173196
0.589211 0.2493 0.00274801
0.583309 0.118424 0.00337394
0.578465 -0.0177295 0.0035857
0.574865 -0.15393 0.00337515
0.572648 -0.284942 0.00275038
0.571899 -0.405732 0.00173541
0.572647 -0.511657 0.000369224
0.574863 -0.598649 -0.00129566
0.578462 -0.663362 -0.00319528
0.583305 -0.703311 -0.00525662
0.589207 -0.71696 -0.00740047
0.595941 -0.703785 -0.00954445
0.603247 -0.664292 -0.0116062
0.610845 -0.599999 -0.0135064
0.618444 -0.513377 -0.0151721
0.625751 -0.407754 -0.0165393
0.632485 -0.287188 -0.0175554
0.638387 -0.156314 -0.0181815
0.643232 -0.0201611 -0.0183933
0.646832 0.11604 -0.0181829
0.649049 0.247054 -0.0175582
0.649798 0.367846 -0.0165433
0.649051 0.473776 -0.0151772
0.646835 0.560771 -0.0135123
0.643237 0.62549 -0.0116128
0.638394 0.665445 -0.00955147
0.632492 0.6791 -0.00740762
0.625759 0.665931 -0.00526363
0.618452 0.626444 -0.00320188
0.610854 0.562156 -0.00130161
0.603255 0.475538 0.000364166
0.595948 0.369918 0.00173143
0.589214 0.249356 0.00274765
0.583311 0.118484 0.00337375
0.578467 -0.0176689 0.0035857
0.574866 -0.15387 0.00337534
0.572649 -0.284886 0.00275075
0.571899 -0.405681 0.00173594
0.572647 -0.511615 0.000369898
0.574862 -0.598615 -0.00129487
0.57846 -0.663339 -0.0031944
0.583303 -0.703299 -0.00525568
0.589204 -0.71696 -0.00739952
0.595937 -0.703797 -0.00954352
0.603244 -0.664315 -0.0116053
0.610842 -0.600033 -0.0135056
0.618441 -0.51342 -0.0151714
0.625748 -0.407804 -0.0165388
0.632482 -0.287244 -0.0175551
0.638385 -0.156374 -0.0181813
0.64323 -0.0202216 -0.0183933
0.646831 0.11598 -0.018183
0.649048 0.246998 -0.0175585
0.649798 0.367796 -0.0165438
0.649051 0.473733 -0.0151778
0.646836 0.560738 -0.0135131
0.643238 0.625467 -0.0116137
0.638396 0.665433 -0.0095524
0.623961 0.638829 -0.0110283
0.617617 0.62638 -0.00900881
0.610734 0.589141 -0.00706688
0.603576 0.528543 -0.00527718
0.596419 0.446916 -0.00370849
0.589537 0.347395 -0.00242109
0.583194 0.233806 -0.00146445
0.577635 0.110513 -0.000875338
0.573074 -0.0177452 -0.000676389
0.569685 -0.14604 -0.00087525
0.567598 -0.269442 -0.00146428
0.566895 -0.383209 -0.00242084
0.567601 -0.482968 -0.00370817
0.56969 -0.564887 -0.0052768
0.573082 -0.625816 -0.00706646
0.577645 -0.663415 -0.00900837
0.583206 -0.676239 -0.0110279
0.58955 -0.663795 -0.0130474
0.596433 -0.626562 -0.0149894
0.603591 -0.565969 -0.0167791
0.610748 -0.484346 -0.0183479
0.617631 -0.384829 -0.0196354
0.623973 -0.271242 -0.0205921
0.629532 -0.147951 -0.0211813
0.634094 -0.0196933 -0.0213803
0.637483 0.108602 -0.0211815
0.63957 0.232006 -0.0205926
0.640274 0.345775 -0.0196361
0.639568 0.445538 -0.0183488
0.637479 0.527461 -0.0167803
0.634088 0.588395 -0.0149906
0.629524 0.626 -0.0130488
0.623964 0.638829 -0.0110292
0.61762 0.626391 -0.00900969
0.610737 0.589162 -0.00706771
0.60358 0.528575 -0.00527792
0.596422 0.446956 -0.00370912
0.58954 0.347442 -0.00242159
0.583197 0.233859 -0.00146479
0.577638 0.110569 -0.000875513
0.573076 -0.0176882 -0.00067639
0.569686 -0.145985 -0.000875075
0.567599 -0.26939 -0.00146393
0.566895 -0.383161 -0.00242034
0.5676 -0.482928 -0.00370753
0.569689 -0.564855 -0.00527606
0.57308 -0.625794 -0.00706563
0.577643 -0.663404 -0.00900748
0.583203 -0.676239 -0.011027
0.589547 -0.663806 -0.0130466
0.59643 -0.626583 -0.0149886
0.603587 -0.566001 -0.0167784
0.610745 -0.484386 -0.0183473
0.617628 -0.384876 -0.0196349
0.62397 -0.271295 -0.0205917
0.62953 -0.148007 -0.0211811
0.634092 -0.0197504 -0.0213803
0.637482 0.108546 -0.0211817
0.63957 0.231953 -0.0205929
0.640274 0.345728 -0.0196366
0.639569 0.445498 -0.0183495
0.63748 0.527429 -0.016781
0.63409 0.588373 -0.0149915
0.629527 0.625988 -0.0130496
0.623967 0.638829 -0.0110301
0.617623 0.626402 -0.00901057
0.61074 0.589184 -0.00706854
0.603583 0.528606 -0.00527867
0.596425 0.446996 -0.00370976
0.589542 0.34749 -0.00242208
0.5832 0.233911 -0.00146514
0.57764 0.110625 -0.000875688
0.573077 -0.0176311 -0.00067639
0.569687 -0.145929 -0.0008749
0.567599 -0.269337 -0.00146359
0.566895 -0.383114 -0.00241984
0.5676 -0.482887 -0.0037069
0.569688 -0.564823 -0.00527531
0.573078 -0.625772 -0.0070648
0.577641 -0.663393 -0.0090066
0.583201 -0.676239 -0.0110261
0.589544 -0.663817 -0.0130457
0.596427 -0.626605 -0.0149877
0.603584 -0.566032 -0.0167776
0.610742 -0.484426 -0.0183466
0.617625 -0.384924 -0.0196344
0.623968 -0.271348 -0.0205914
0.629528 -0.148063 -0.0211809
0.63409 -0.0198075 -0.0213803
0.637481 0.108491 -0.0211819
0.639569 0.231901 -0.0205933
0.640274 0.34568 -0.0196371
0.639569 0.445457 -0.0183501
0.637482 0.527397 -0.0167818
0.634091 0.588351 -0.0149923
0.629529 0.625977 -0.0130505
0.623969 0.638829 -0.011031
0.617626 0.626413 -0.00901145
0.610744 0.589206 -0.00706937
0.603586 0.528638 -0.00527942
0.596428 0.447036 -0.00371039
0.589545 0.347537 -0.00242258
0.583202 0.233964 -0.00146548
0.577642 0.110681 -0.000875864
0.573079 -0.017574 -0.00067639
0.569688 -0.145873 -0.000874725
0.5676 -0.269284 -0.00146325
0.566895 -0.383067 -0.00241934
0.567599 -0.482847 -0.00370626
0.569686 -0.564791 -0.00527456
0.573076 -0.62575 -0.00706397
0.577639 -0.663382 -0.00900572
0.583198 -0.676239 -0.0110252
0.589541 -0.663828 -0.0130448
0.596423 -0.626627 -0.0149869
0.603581 -0.566064 -0.0167769
0.610739 -0.484467 -0.018346
0.617622 -0.384971 -0.0196339
0.623965 -0.2714 -0.020591
0.629525 -0.148119 -0.0211807
0.634089 -0.0198645 -0.0213803
0.63748 0.108435 -0.0211821
0.639568 0.231848 -0.0205936
0.640274 0.345633 -0.0196376
0.63957 0.445417 -0.0183507
0.637483 0.527365 -0.0167825
0.634093 0.588329 -0.0149931
0.629531 0.625966 -0.0130514
0.623972 0.638829 -0.0110319
0.617629 0.626424 -0.00901233
0.610747 0.589228 -0.0070702
0.603589 0.52867 -0.00528016
0.596431 0.447077 -0.00371103
0.589548 0.347585 -0.00242308
0.583205 0.234017 -0.00146583
0.577644 0.110737 -0.000876039
0.573081 -0.017517 -0.00067639
0.569689 -0.145817 -0.00087455
0.567601 -0.269231 -0.0014629
0.566895 -0.383019 -0.00241884
0.567598 -0.482807 -0.00370563
0.569685 -0.564759 -0.00527382
0.573075 -0.625728 -0.00706314
0.577636 -0.66337 -0.00900484
0.583195 -0.676239 -0.0110243
0.589538 -0.663839 -0.0130439
0.59642 -0.626649 -0.0149861
0.603578 -0.566095 -0.0167762
0.610736 -0.484507 -0.0183453
0.617619 -0.385018 -0.0196334
0.623962 -0.271453 -0.0205907
0.615228 0.573273 -0.0143688
0.609519 0.562068 -0.0125512
0.603324 0.528554 -0.0108035
0.596882 0.474017 -0.0091928
0.59044 0.400554 -0.00778101
0.584247 0.310987 -0.00662237
0.578538 0.208758 -0.00576141
0.573536 0.0977968 -0.00523122
0.56943 -0.0176337 -0.00505217
0.56638 -0.133097 -0.00523114
0.564502 -0.244157 -0.00576126
0.563869 -0.346545 -0.00662214
0.564505 -0.436327 -0.00778072
0.566385 -0.510052 -0.00919247
0.569437 -0.564888 -0.0108031
0.573545 -0.598726 -0.0125508
0.578549 -0.610268 -0.0143684
0.584258 -0.599069 -0.0161859
0.590453 -0.565559 -0.0179337
0.596895 -0.511026 -0.0195444
0.603337 -0.437567 -0.0209562
0.609531 -0.348003 -0.0221149
0.615239 -0.245777 -0.022976
0.620242 -0.134817 -0.0235062
0.624347 -0.019387 -0.0236854
0.627398 0.0960772 -0.0235065
0.629276 0.207138 -0.0229764
0.629909 0.309529 -0.0221156
0.629274 0.399314 -0.0209571
0.627394 0.473043 -0.0195454
0.624342 0.527883 -0.0179348
0.620235 0.561726 -0.0161871
0.615231 0.573273 -0.0143696
0.609521 0.562078 -0.012552
0.603327 0.528573 -0.0108043
0.596885 0.474045 -0.00919348
0.590443 0.40059 -0.00778158
0.584249 0.311029 -0.00662282
0.578541 0.208806 -0.00576172
0.573538 0.0978471 -0.00523138
0.569432 -0.0175824 -0.00505217
0.566381 -0.133047 -0.00523098
0.564503 -0.24411 -0.00576095
0.563869 -0.346503 -0.00662169
0.564504 -0.436291 -0.00778015
0.566384 -0.510024 -0.0091918
0.569436 -0.564868 -0.0108024
0.573543 -0.598716 -0.01255
0.578547 -0.610268 -0.0143676
0.584256 -0.599078 -0.0161851
0.59045 -0.565578 -0.0179329
0.596892 -0.511055 -0.0195437
0.603334 -0.437603 -0.0209557
0.609528 -0.348046 -0.0221145
0.615236 -0.245824 -0.0229757
0.62024 -0.134867 -0.0235061
0.624346 -0.0194384 -0.0236854
0.627397 0.0960268 -0.0235066
0.629275 0.207091 -0.0229767
0.629909 0.309486 -0.0221161
0.629275 0.399277 -0.0209577
0.627395 0.473014 -0.0195461
0.624344 0.527863 -0.0179355
0.620237 0.561716 -0.0161879
0.615233 0.573273 -0.0143704
0.609524 0.562088 -0.0125528
0.60333 0.528593 -0.010805
0.596888 0.474074 -0.00919415
0.590446 0.400626 -0.00778215
0.584252 0.311072 -0.00662327
0.578543 0.208853 -0.00576203
0.57354 0.0978975 -0.00523153
0.569433 -0.017531 -0.00505217
0.566382 -0.132997 -0.00523082
0.564503 -0.244062 -0.00576064
0.563869 -0.34646 -0.00662125
0.564504 -0.436254 -0.00777958
0.566383 -0.509995 -0.00919112
0.569434 -0.564848 -0.0108016
0.573541 -0.598706 -0.0125492
0.578544 -0.610268 -0.0143667
0.584253 -0.599088 -0.0161843
0.590447 -0.565598 -0.0179322
0.596889 -0.511083 -0.019543
0.603331 -0.437639 -0.0209551
0.609525 -0.348088 -0.022114
0.615234 -0.245872 -0.0229753
0.620238 -0.134918 -0.0235059
0.624344 -0.0194897 -0.0236854
0.627396 0.0959764 -0.0235068
0.629275 0.207043 -0.022977
0.629909 0.309443 -0.0221165
0.629275 0.399241 -0.0209582
0.627396 0.472986 -0.0195467
0.624345 0.527843 -0.0179363
0.620239 0.561706 -0.0161887
0.615235 0.573273 -0.0143712
0.609527 0.562098 -0.0125536
0.603333 0.528613 -0.0108057
0.596891 0.474102 -0.00919482
0.590449 0.400662 -0.00778272
0.584254 0.311115 -0.00662372
0.578546 0.2089 -0.00576234
0.573542 0.0979478 -0.00523169
0.569435 -0.0174797 -0.00505217
0.566383 -0.132946 -0.00523067
0.564504 -0.244015 -0.00576033
0.563869 -0.346417 -0.0066208
0.564503 -0.436218 -0.00777901
0.566382 -0.509966 -0.00919045
0.569433 -0.564829 -0.0108009
0.573539 -0.598696 -0.0125484
0.578542 -0.610268 -0.0143659
0.58425 -0.599098 -0.0161835
0.590445 -0.565617 -0.0179314
0.596886 -0.511112 -0.0195424
0.603328 -0.437676 -0.0209545
0.609523 -0.348131 -0.0221136
0.615232 -0.245919 -0.022975
0.620236 -0.134968 -0.0235058
0.624343 -0.0195411 -0.0236854
0.627395 0.095926 -0.0235069
0.629274 0.206996 -0.0229774
0.629909 0.309401 -0.022117
0.629276 0.399205 -0.0209588
0.627397 0.472957 -0.0195474
0.624347 0.527824 -0.017937
0.620241 0.561696 -0.0161895
0.615238 0.573273 -0.014372
0.609529 0.562108 -0.0125544
0.603335 0.528632 -0.0108065
0.596894 0.474131 -0.00919549
0.590452 0.400699 -0.00778329
0.584257 0.311157 -0.00662417
0.578548 0.208948 -0.00576265
0.573544 0.0979982 -0.00523185
0.606617 0.48495 -0.0172967
0.601762 0.475421 -0.015751
0.596493 0.446919 -0.0142647
0.591015 0.400539 -0.0128948
0.585537 0.338062 -0.0116942
0.580269 0.261891 -0.0107088
0.575415 0.174952 -0.00997665
0.57116 0.0805857 -0.00952575
0.567669 -0.0175811 -0.00937348
0.565075 -0.115776 -0.00952569
0.563478 -0.210226 -0.00997652
0.562939 -0.297301 -0.0107087
0.56348 -0.373655 -0.011694
0.565079 -0.436354 -0.0128946
0.567675 -0.482988 -0.0142643
0.571168 -0.511766 -0.0157506
0.575424 -0.521581 -0.0172964
0.580279 -0.512057 -0.0188421
0.585547 -0.483559 -0.0203284
0.591026 -0.437182 -0.0216983
0.596504 -0.374709 -0.0228989
0.601772 -0.298541 -0.0238844
0.606626 -0.211603 -0.0246166
0.610881 -0.117239 -0.0250676
0.614372 -0.0190721 -0.0252199
0.616967 0.0791233 -0.0250678
0.618564 0.173574 -0.024617
0.619103 0.260651 -0.0238849
0.618562 0.337008 -0.0228997
0.616963 0.39971 -0.0216991
0.614368 0.446349 -0.0203294
0.610875 0.47513 -0.0188431
0.606619 0.48495 -0.0172974
0.601764 0.47543 -0.0157516
0.596496 0.446936 -0.0142653
0.591017 0.400563 -0.0128954
0.585539 0.338093 -0.0116947
0.580271 0.261927 -0.0107092
0.575417 0.174992 -0.00997691
0.571162 0.0806286 -0.00952589
0.56767 -0.0175374 -0.00937348
0.565076 -0.115733 -0.00952555
0.563478 -0.210186 -0.00997626
0.562939 -0.297265 -0.0107083
0.563479 -0.373624 -0.0116935
0.565078 -0.43633 -0.012894
0.567673 -0.482971 -0.0142637
0.571166 -0.511757 -0.01575
0.575422 -0.521581 -0.0172957
0.580277 -0.512065 -0.0188414
0.585545 -0.483576 -0.0203278
0.591023 -0.437206 -0.0216977
0.596502 -0.37474 -0.0228985
0.601769 -0.298577 -0.023884
0.606624 -0.211644 -0.0246163
0.610879 -0.117281 -0.0250674
0.614371 -0.0191158 -0.0252199
0.616966 0.0790805 -0.0250679
0.618563 0.173534 -0.0246173
0.619103 0.260615 -0.0238853
0.618563 0.336977 -0.0229002
0.616964 0.399686 -0.0216997
0.614369 0.446332 -0.02033
0.610877 0.475122 -0.0188438
0.606621 0.48495 -0.0172981
0.601766 0.475438 -0.0157523
0.596498 0.446952 -0.0142659
0.59102 0.400587 -0.012896
0.585541 0.338124 -0.0116952
0.580274 0.261964 -0.0107096
0.575419 0.175033 -0.00997718
0.571163 0.0806714 -0.00952602
0.567671 -0.0174937 -0.00937348
0.565076 -0.11569 -0.00952542
0.563479 -0.210145 -0.00997599
0.562939 -0.297228 -0.0107079
0.563479 -0.373593 -0.011693
0.565077 -0.436305 -0.0128934
0.567672 -0.482955 -0.0142631
0.571164 -0.511749 -0.0157493
0.57542 -0.521581 -0.017295
0.580275 -0.512074 -0.0188407
0.585542 -0.483592 -0.0203271
0.591021 -0.437231 -0.0216971
0.596499 -0.374771 -0.022898
0.601767 -0.298613 -0.0238836
0.606622 -0.211684 -0.0246161
0.610877 -0.117324 -0.0250673
0.61437 -0.0191595 -0.0252199
0.616965 0.0790376 -0.025068
0.618563 0.173494 -0.0246175
0.619103 0.260579 -0.0238857
0.618563 0.336946 -0.0229007
0.616965 0.399662 -0.0217003
0.61437 0.446315 -0.0203306
0.610878 0.475113 -0.0188444
0.606623 0.48495 -0.0172988
0.601768 0.475447 -0.015753
0.596501 0.446969 -0.0142666
0.591022 0.400611 -0.0128966
0.585544 0.338155 -0.0116957
0.580276 0.262 -0.01071
0.575421 0.175073 -0.00997744
0.571165 0.0807142 -0.00952616
0.567673 -0.0174501 -0.00937348
0.565077 -0.115648 -0.00952528
0.563479 -0.210105 -0.00997573
0.562939 -0.297192 -0.0107075
0.563478 -0.373562 -0.0116925
0.565076 -0.436281 -0.0128928
0.567671 -0.482938 -0.0142624
0.571163 -0.51174 -0.0157486
0.575418 -0.521581 -0.0172943
0.580272 -0.512082 -0.0188401
0.58554 -0.483609 -0.0203265
0.591018 -0.437255 -0.0216965
0.598459 0.377255 -0.0196996
0.594644 0.369768 -0.0184851
0.590505 0.347374 -0.0173173
0.5862 0.310932 -0.016241
0.581896 0.261844 -0.0152977
0.577757 0.201995 -0.0145235
0.573943 0.133686 -0.0139482
0.5706 0.0595415 -0.0135939
0.567857 -0.0175892 -0.0134743
0.565819 -0.0947421 -0.0135939
0.564564 -0.168952 -0.0139481
0.564141 -0.237368 -0.0145233
0.564565 -0.29736 -0.0152975
0.565822 -0.346624 -0.0162408
0.567861 -0.383265 -0.0173171
0.570606 -0.405876 -0.0184849
0.57395 -0.413588 -0.0196994
0.577765 -0.406104 -0.0209138
0.581904 -0.383713 -0.0220817
0.586209 -0.347274 -0.023158
0.590513 -0.298189 -0.0241014
0.594652 -0.238342 -0.0248756
0.598466 -0.170035 -0.025451
0.601809 -0.0958912 -0.0258053
0.604552 -0.0187608 -0.025925
0.606591 0.0583925 -0.0258054
0.607846 0.132604 -0.0254513
0.608269 0.201021 -0.0248761
0.607844 0.261015 -0.0241019
0.606588 0.310281 -0.0231587
0.604549 0.346925 -0.0220824
0.601804 0.369539 -0.0209146
0.59846 0.377255 -0.0197002
0.594646 0.369775 -0.0184857
0.590506 0.347387 -0.0173178
0.586202 0.310951 -0.0162415
0.581898 0.261868 -0.0152981
0.577759 0.202024 -0.0145238
0.573944 0.133718 -0.0139484
0.570601 0.0595751 -0.013594
0.567858 -0.0175549 -0.0134743
0.565819 -0.0947085 -0.0135938
0.564564 -0.168921 -0.0139479
0.564141 -0.23734 -0.014523
0.564565 -0.297336 -0.0152971
0.565821 -0.346604 -0.0162404
0.56786 -0.383252 -0.0173166
0.570605 -0.405869 -0.0184843
0.573948 -0.413588 -0.0196988
0.577763 -0.406111 -0.0209133
0.581902 -0.383726 -0.0220812
0.586207 -0.347293 -0.0231575
0.590511 -0.298213 -0.024101
0.59465 -0.238371 -0.0248753
0.598464 -0.170066 -0.0254508
0.601808 -0.0959248 -0.0258052
0.604551 -0.0187951 -0.025925
0.60659 0.0583588 -0.0258055
0.607845 0.132572 -0.0254515
0.608269 0.200992 -0.0248764
0.607845 0.260991 -0.0241023
0.606589 0.310262 -0.0231591
0.60455 0.346912 -0.0220829
0.601806 0.369533 -0.0209152
0.598462 0.377255 -0.0197007
0.594647 0.369781 -0.0184862
0.590508 0.3474 -0.0173183
0.586204 0.31097 -0.0162419
0.581899 0.261892 -0.0152984
0.57776 0.202052 -0.0145241
0.573946 0.133749 -0.0139486
0.570603 0.0596088 -0.0135941
0.567859 -0.0175206 -0.0134743
0.56582 -0.0946748 -0.0135936
0.564565 -0.168889 -0.0139477
0.564141 -0.237311 -0.0145227
0.564565 -0.297312 -0.0152967
0.56582 -0.346585 -0.0162399
0.567859 -0.383238 -0.0173161
0.570603 -0.405862 -0.0184838
0.573947 -0.413588 -0.0196983
0.577761 -0.406118 -0.0209128
0.5819 -0.383739 -0.0220807
0.586205 -0.347312 -0.0231571
0.590509 -0.298237 -0.0241006
0.594648 -0.238399 -0.024875
0.598463 -0.170098 -0.0254505
0.601806 -0.0959585 -0.0258051
0.60455 -0.0188294 -0.025925
0.606589 0.0583251 -0.0258057
0.607845 0.13254 -0.0254517
0.591067 0.254326 -0.0214852
0.588439 0.249169 -0.0206486
0.585588 0.233743 -0.0198442
0.582623 0.20864 -0.0191028
0.579658 0.174826 -0.018453
0.576807 0.1336 -0.0179197
0.574179 0.0865463 -0.0175234
0.571877 0.0354727 -0.0172794
0.569987 -0.0176579 -0.0171969
0.568583 -0.0708038 -0.0172793
0.567719 -0.121923 -0.0175233
0.567427 -0.16905 -0.0179196
0.56772 -0.210375 -0.0184528
0.568585 -0.24431 -0.0191027
0.56999 -0.269549 -0.019844
0.571881 -0.285125 -0.0206484
0.574184 -0.290437 -0.021485
0.576812 -0.285282 -0.0223216
0.579664 -0.269858 -0.0231261
0.582629 -0.244758 -0.0238675
0.585594 -0.210946 -0.0245173
0.588445 -0.169721 -0.0250506
0.591072 -0.122668 -0.025447
0.593375 -0.0715953 -0.025691
0.595265 -0.0184649 -0.0257735
0.596669 0.0346812 -0.0256911
0.597533 0.0858008 -0.0254472
0.597825 0.132929 -0.0250509
0.597532 0.174256 -0.0245177
0.596667 0.208192 -0.0238679
0.595262 0.233434 -0.0231266
0.593372 0.249011 -0.0223222
0.591068 0.254326 -0.0214856
0.58844 0.249173 -0.020649
0.585589 0.233752 -0.0198445
0.582624 0.208653 -0.0191031
0.579659 0.174843 -0.0184532
0.576808 0.13362 -0.0179199
0.574181 0.0865682 -0.0175235
0.571878 0.0354959 -0.0172794
0.569988 -0.0176343 -0.0171969
0.568584 -0.0707807 -0.0172792
0.567719 -0.121901 -0.0175232
0.567427 -0.16903 -0.0179194
0.56772 -0.210358 -0.0184526
0.568585 -0.244296 -0.0191023
0.56999 -0.26954 -0.0198437
0.57188 -0.28512 -0.0206481
0.574183 -0.290437 -0.0214847
0.576811 -0.285287 -0.0223213
0.579662 -0.269867 -0.0231257
0.582627 -0.244771 -0.0238671
0.585592 -0.210962 -0.024517
0.588443 -0.169741 -0.0250504
0.591071 -0.12269 -0.0254468
0.593374 -0.0716185 -0.025691
0.595264 -0.0184886 -0.0257735
0.596668 0.034658 -0.0256912
0.597533 0.0857789 -0.0254473
0.597825 0.13291 -0.0250512
0.597532 0.174239 -0.024518
0.596667 0.208179 -0.0238682
0.595263 0.233425 -0.0231269
0.584726 0.120887 -0.0225848
0.583386 0.118258 -0.0221583
0.581932 0.110393 -0.0217482
0.58042 0.0975943 -0.0213702
0.578909 0.0803542 -0.0210388
0.577455 0.059335 -0.0207669
0.576116 0.0353444 -0.0205649
0.574942 0.00930431 -0.0204405
0.573978 -0.0177845 -0.0203985
0.573262 -0.0448811 -0.0204405
0.572822 -0.0709442 -0.0205649
0.572673 -0.0949723 -0.0207669
0.572822 -0.116042 -0.0210388
0.573263 -0.133344 -0.0213701
0.57398 -0.146212 -0.0217481
0.574944 -0.154153 -0.0221582
0.576118 -0.156862 -0.0225847
0.577458 -0.154234 -0.0230113
0.578912 -0.14637 -0.0234214
0.580423 -0.133572 -0.0237994
0.581935 -0.116333 -0.0241308
0.583389 -0.0953144 -0.0244027
0.584728 -0.0713244 -0.0246047
0.585902 -0.0452847 -0.0247292
0.586866 -0.018196 -0.0247712
0.587582 0.00890076 -0.0247292
0.588022 0.0349642 -0.0246049
0.588171 0.0589928 -0.0244028
0.588022 0.0800632 -0.024131
0.587581 0.0973657 -0.0237997
0.586865 0.110235 -0.0234217
0.585901 0.118178 -0.0230116
0.579679 -0.0179333 -0.0229562
