0.206127 0.685644 1.66432e-07
0.0789736 0.723759 1.63313e-07
0.0812669 0.722528 1.65966e-07
0.0883571 0.719876 1.68518e-07
0.0999719 0.715904 1.70869e-07
0.115665 0.710766 1.7293e-07
0.134833 0.704658 1.74621e-07
0.156739 0.697816 1.75878e-07
0.180543 0.690502 1.76652e-07
0.205328 0.682997 1.76914e-07
0.230143 0.67559 1.76652e-07
0.254033 0.668566 1.75879e-07
0.276082 0.662194 1.74622e-07
0.295441 0.656719 1.7293e-07
0.311367 0.652352 1.7087e-07
0.323247 0.64926 1.68518e-07
0.330625 0.647563 1.65967e-07
0.333218 0.647324 1.63313e-07
0.330926 0.648555 1.6066e-07
0.323837 0.651207 1.58109e-07
0.312223 0.655178 1.55757e-07
0.296531 0.660316 1.53696e-07
0.277363 0.666424 1.52005e-07
0.255457 0.673266 1.50748e-07
0.231654 0.68058 1.49974e-07
0.206869 0.688084 1.49712e-07
0.182054 0.695491 1.49973e-07
0.158164 0.702516 1.50747e-07
0.136114 0.708888 1.52004e-07
0.116755 0.714363 1.53695e-07
0.100828 0.71873 1.55756e-07
0.088947 0.721823 1.58107e-07
0.0815676 0.72352 1.60658e-07
-0.0433546 0.760205 1.54076e-07
-0.0388561 0.75779 1.5928e-07
-0.0249481 0.752588 1.64285e-07
-0.00216487 0.744797 1.68897e-07
0.028618 0.734718 1.7294e-07
0.0662175 0.722738 1.76258e-07
0.109189 0.709316 1.78724e-07
0.155881 0.694969 1.80242e-07
0.204499 0.680248 1.80754e-07
0.253175 0.665719 1.80242e-07
0.300038 0.65194 1.78724e-07
0.343288 0.639441 1.76259e-07
0.381262 0.628702 1.72941e-07
0.412501 0.620135 1.68898e-07
0.435805 0.61407 1.64286e-07
0.450278 0.61074 1.59281e-07
0.455364 0.610273 1.54077e-07
0.450868 0.612687 1.48872e-07
0.436962 0.617889 1.43867e-07
0.414181 0.625679 1.39255e-07
0.3834 0.635758 1.35212e-07
0.345801 0.647738 1.31894e-07
0.302831 0.661159 1.29428e-07
0.25614 0.675506 1.27909e-07
0.207522 0.690227 1.27397e-07
0.158846 0.704756 1.27909e-07
0.111982 0.718535 1.29427e-07
0.0687314 0.731034 1.31892e-07
0.0307559 0.741774 1.35209e-07
-0.000485066 0.750341 1.39252e-07
-0.023791 0.756407 1.43864e-07
-0.0382662 0.759737 1.48869e-07
-0.0433544 0.760205 1.54073e-07
-0.0388602 0.757792 1.59278e-07
-0.0249562 0.752591 1.64283e-07
-0.00217678 0.744801 1.68895e-07
0.0286028 0.734723 1.72939e-07
0.0661996 0.722743 1.76257e-07
0.109169 0.709322 1.78723e-07
0.155859 0.694975 1.80241e-07
0.204477 0.680255 1.80754e-07
0.253153 0.665726 1.80242e-07
0.300018 0.651946 1.78725e-07
0.343269 0.639446 1.7626e-07
0.381246 0.628706 1.72943e-07
0.412489 0.620138 1.689e-07
0.435797 0.614072 1.64288e-07
0.450274 0.610741 1.59284e-07
0.455364 0.610273 1.54079e-07
0.450872 0.612685 1.48874e-07
0.43697 0.617886 1.43869e-07
0.414193 0.625675 1.39257e-07
0.383415 0.635753 1.35213e-07
0.345819 0.647732 1.31895e-07
0.302851 0.661153 1.29429e-07
0.256161 0.675499 1.2791e-07
0.207544 0.69022 1.27397e-07
0.158867 0.704749 1.27908e-07
0.112002 0.718529 1.29426e-07
0.0687495 0.731029 1.3189e-07
0.0307713 0.74177 1.35208e-07
-0.000472934 0.750338 1.3925e-07
-0.0237826 0.756405 1.43862e-07
-0.156157 0.793581 1.39075e-07
-0.149626 0.790076 1.46631e-07
-0.129435 0.782523 1.53897e-07
-0.0963588 0.771213 1.60593e-07
-0.051669 0.75658 1.66462e-07
0.00291714 0.739187 1.71279e-07
0.0653019 0.719702 1.74858e-07
0.133088 0.698874 1.77062e-07
0.20367 0.677502 1.77807e-07
0.274337 0.656409 1.77063e-07
0.342372 0.636406 1.74859e-07
0.405161 0.61826 1.7128e-07
0.460291 0.602668 1.66463e-07
0.505643 0.590232 1.60594e-07
0.539476 0.581427 1.53898e-07
0.560487 0.576592 1.46633e-07
0.567871 0.575914 1.39076e-07
0.561344 0.579419 1.3152e-07
0.541155 0.58697 1.24254e-07
0.508082 0.59828 1.17558e-07
0.463395 0.612912 1.11689e-07
0.40881 0.630304 1.06872e-07
0.346427 0.649789 1.03292e-07
0.278642 0.670617 1.01088e-07
0.20806 0.691989 1.00343e-07
0.137393 0.713082 1.01087e-07
0.0693571 0.733086 1.0329e-07
0.00656678 0.751232 1.06869e-07
-0.0485652 0.766824 1.11685e-07
-0.0939201 0.779262 1.17554e-07
-0.127755 0.788067 1.2425e-07
-0.14877 0.792903 1.31515e-07
-0.156157 0.793582 1.39071e-07
-0.149632 0.790078 1.46628e-07
-0.129447 0.782527 1.53894e-07
-0.096376 0.771219 1.6059e-07
-0.051691 0.756587 1.6646e-07
0.00289112 0.739195 1.71277e-07
0.065273 0.719711 1.74857e-07
0.133057 0.698883 1.77062e-07
0.203639 0.677512 1.77807e-07
0.274306 0.656419 1.77063e-07
0.342343 0.636414 1.7486e-07
0.405135 0.618267 1.71282e-07
0.460269 0.602675 1.66466e-07
0.505626 0.590236 1.60597e-07
0.539463 0.58143 1.53901e-07
0.560481 0.576594 1.46636e-07
0.567871 0.575914 1.3908e-07
0.56135 0.579416 1.31524e-07
0.541167 0.586966 1.24258e-07
0.508099 0.598274 1.17561e-07
0.463417 0.612905 1.11691e-07
0.408836 0.630296 1.06873e-07
0.346456 0.64978 1.03293e-07
0.278673 0.670608 1.01088e-07
0.208091 0.691979 1.00343e-07
0.137424 0.713072 1.01086e-07
0.0693862 0.733077 1.03289e-07
0.00659301 0.751225 1.06867e-07
-0.0485428 0.766818 1.11683e-07
-0.0939024 0.779257 1.17551e-07
-0.127743 0.788064 1.24247e-07
-0.148763 0.792901 1.31512e-07
-0.156157 0.793582 1.39068e-07
-0.149638 0.790081 1.46624e-07
-0.129459 0.782532 1.5389e-07
-0.0963933 0.771225 1.60587e-07
-0.0517131 0.756595 1.66457e-07
0.00286511 0.739204 1.71275e-07
0.065244 0.71972 1.74856e-07
0.133026 0.698892 1.77061e-07
0.203608 0.677521 1.77807e-07
0.274275 0.656428 1.77064e-07
0.342314 0.636423 1.74861e-07
0.405108 0.618275 1.71284e-07
0.460246 0.602681 1.66468e-07
0.505608 0.590241 1.606e-07
0.539451 0.581433 1.53904e-07
0.560475 0.576595 1.46639e-07
0.567871 0.575913 1.39083e-07
0.561356 0.579414 1.31527e-07
0.541179 0.586962 1.24261e-07
0.508117 0.598268 1.17564e-07
0.463439 0.612897 1.11693e-07
0.408862 0.630288 1.06875e-07
0.346485 0.649771 1.03295e-07
0.278703 0.670599 1.01089e-07
0.208123 0.69197 1.00343e-07
0.137455 0.713063 1.01085e-07
0.0694153 0.733069 1.03288e-07
-0.255099 0.822605 1.18887e-07
-0.246787 0.818144 1.28504e-07
-0.221088 0.808531 1.37752e-07
-0.17899 0.794136 1.46275e-07
-0.122111 0.775512 1.53745e-07
-0.0526356 0.753375 1.59875e-07
0.0267652 0.728575 1.64431e-07
0.113041 0.702065 1.67236e-07
0.202875 0.674865 1.68184e-07
0.292817 0.648019 1.67237e-07
0.379409 0.622559 1.64432e-07
0.459324 0.599463 1.59877e-07
0.529491 0.579619 1.53746e-07
0.587214 0.56379 1.46276e-07
0.630275 0.552584 1.37754e-07
0.657018 0.546431 1.28506e-07
0.666416 0.545568 1.18889e-07
0.658108 0.550028 1.09272e-07
0.632413 0.559639 1.00025e-07
0.590318 0.574033 9.15017e-08
0.533442 0.592657 8.40313e-08
0.463969 0.614793 7.79003e-08
0.38457 0.639593 7.33444e-08
0.298296 0.666102 7.05386e-08
0.208462 0.693302 6.95908e-08
0.11852 0.720149 7.05374e-08
0.0319266 0.745609 7.33419e-08
-0.0479905 0.768705 7.78967e-08
-0.11816 0.78855 8.40267e-08
-0.175886 0.80438 9.14964e-08
-0.21895 0.815588 1.00019e-07
-0.245697 0.821742 1.09266e-07
-0.255099 0.822606 1.18883e-07
-0.246794 0.818147 1.285e-07
-0.221103 0.808537 1.37748e-07
-0.179012 0.794144 1.46271e-07
-0.122139 0.775521 1.53742e-07
-0.0526687 0.753385 1.59873e-07
0.0267284 0.728586 1.64429e-07
0.113001 0.702077 1.67235e-07
0.202835 0.674877 1.68184e-07
0.292778 0.64803 1.67238e-07
0.379372 0.622569 1.64433e-07
0.459291 0.599473 1.59879e-07
0.529463 0.579627 1.53749e-07
0.587192 0.563796 1.4628e-07
0.630259 0.552588 1.37758e-07
0.65701 0.546432 1.28511e-07
0.666415 0.545567 1.18894e-07
0.658115 0.550025 1.09276e-07
0.632428 0.559634 1.00028e-07
0.59034 0.574026 9.15053e-08
0.53347 0.592647 8.40343e-08
0.464002 0.614783 7.79027e-08
0.384607 0.639581 7.3346e-08
0.298335 0.66609 7.05394e-08
0.208502 0.69329 6.95908e-08
0.118559 0.720137 7.05365e-08
0.0319636 0.745598 7.33403e-08
-0.0479571 0.768696 7.78944e-08
-0.118132 0.788542 8.40237e-08
-0.175864 0.804374 9.14928e-08
-0.218934 0.815584 1.00015e-07
-0.245689 0.82174 1.09262e-07
-0.255098 0.822607 1.18879e-07
-0.246802 0.81815 1.28496e-07
-0.221118 0.808542 1.37744e-07
-0.179034 0.794151 1.46267e-07
-0.122167 0.77553 1.53739e-07
-0.0527018 0.753396 1.59871e-07
0.0266915 0.728598 1.64428e-07
0.112962 0.702089 1.67235e-07
0.202795 0.674889 1.68184e-07
0.292738 0.648042 1.67238e-07
0.379335 0.62258 1.64435e-07
0.459257 0.599482 1.59881e-07
0.529435 0.579635 1.53752e-07
0.58717 0.563802 1.46283e-07
0.630244 0.552591 1.37762e-07
0.657002 0.546434 1.28515e-07
0.666415 0.545566 1.18898e-07
0.658123 0.550021 1.09281e-07
0.632443 0.559629 1.00032e-07
0.590362 0.574019 9.15088e-08
0.533498 0.592638 8.40373e-08
0.464035 0.614772 7.79051e-08
0.384644 0.63957 7.33477e-08
0.298374 0.666078 7.05403e-08
0.208542 0.693278 6.95908e-08
0.118598 0.720125 7.05357e-08
0.0320006 0.745588 7.33387e-08
-0.0479237 0.768686 7.7892e-08
-0.118103 0.788534 8.40207e-08
-0.175841 0.804368 9.14893e-08
-0.218919 0.81558 1.00011e-07
-0.245681 0.821739 1.09258e-07
-0.255098 0.822608 1.18874e-07
-0.246809 0.818153 1.28492e-07
-0.221133 0.808547 1.3774e-07
-0.179056 0.794158 1.46264e-07
-0.122195 0.775539 1.53736e-07
-0.0527349 0.753406 1.59868e-07
0.0266547 0.728609 1.64426e-07
0.112923 0.702101 1.67234e-07
0.202755 0.674901 1.68184e-07
0.292699 0.648054 1.67239e-07
0.379298 0.622591 1.64437e-07
0.459224 0.599492 1.59884e-07
0.529406 0.579643 1.53755e-07
0.587147 0.563808 1.46287e-07
0.630228 0.552595 1.37766e-07
0.656994 0.546435 1.28519e-07
0.666415 0.545565 1.18902e-07
0.65813 0.550018 1.09285e-07
0.632458 0.559623 1.00036e-07
0.590384 0.574011 9.15124e-08
-0.336378 0.846162 9.42886e-08
-0.326604 0.840916 1.05597e-07
-0.296385 0.829613 1.16471e-07
-0.246883 0.812686 1.26493e-07
-0.18 0.790786 1.35277e-07
-0.098306 0.764756 1.42486e-07
-0.00494031 0.735594 1.47842e-07
0.096509 0.704422 1.51141e-07
0.202144 0.672437 1.52255e-07
0.307904 0.64087 1.51142e-07
0.409726 0.610932 1.47843e-07
0.503696 0.583774 1.42487e-07
0.586204 0.56044 1.35278e-07
0.654079 0.541827 1.26495e-07
0.704713 0.52865 1.16473e-07
0.73616 0.521415 1.056e-07
0.74721 0.5204 9.42911e-08
0.737441 0.525644 8.29825e-08
0.707227 0.536946 7.21083e-08
0.657729 0.553872 6.20865e-08
0.590849 0.57577 5.33022e-08
0.509158 0.6018 4.60929e-08
0.415795 0.630962 4.07357e-08
0.314347 0.662133 3.74365e-08
0.208713 0.694118 3.6322e-08
0.102952 0.725686 3.7435e-08
0.00112879 0.755624 4.07329e-08
-0.0928439 0.782782 4.60888e-08
-0.175355 0.806117 5.32969e-08
-0.243234 0.824731 6.20803e-08
-0.293871 0.83791 7.21014e-08
-0.325322 0.845147 8.29751e-08
-0.336378 0.846163 9.42835e-08
-0.326613 0.84092 1.05592e-07
-0.296403 0.829619 1.16466e-07
-0.246909 0.812695 1.26488e-07
-0.180033 0.790797 1.35273e-07
-0.0983449 0.764768 1.42483e-07
-0.00498363 0.735607 1.4784e-07
0.096463 0.704436 1.5114e-07
0.202097 0.672451 1.52255e-07
0.307858 0.640883 1.51143e-07
0.409682 0.610944 1.47845e-07
0.503657 0.583785 1.4249e-07
0.586171 0.56045 1.35282e-07
0.654053 0.541834 1.26499e-07
0.704695 0.528654 1.16478e-07
0.73615 0.521416 1.05605e-07
0.74721 0.520399 9.42961e-08
0.73745 0.52564 8.29874e-08
0.707245 0.53694 7.2113e-08
0.657755 0.553863 6.20907e-08
0.590882 0.57576 5.33058e-08
0.509197 0.601788 4.60957e-08
0.415838 0.630948 4.07377e-08
0.314393 0.662119 3.74375e-08
0.20876 0.694104 3.6322e-08
0.102998 0.725672 3.7434e-08
0.00117234 0.755611 4.07309e-08
-0.0928047 0.782771 4.6086e-08
-0.175321 0.806108 5.32933e-08
-0.243207 0.824724 6.20761e-08
-0.293853 0.837906 7.20967e-08
-0.325313 0.845145 8.29701e-08
-0.336377 0.846164 9.42785e-08
-0.326622 0.840923 1.05587e-07
-0.296421 0.829625 1.16462e-07
-0.246935 0.812703 1.26484e-07
-0.180066 0.790808 1.3527e-07
-0.0983839 0.76478 1.4248e-07
-0.00502696 0.735621 1.47838e-07
0.0964169 0.70445 1.51139e-07
0.202049 0.672466 1.52255e-07
0.307811 0.640897 1.51144e-07
0.409639 0.610957 1.47847e-07
0.503618 0.583796 1.42493e-07
0.586137 0.560459 1.35286e-07
0.654027 0.541841 1.26503e-07
0.704677 0.528659 1.16483e-07
0.736141 0.521418 1.05609e-07
0.74721 0.520398 9.43011e-08
0.737459 0.525637 8.29923e-08
0.707262 0.536934 7.21176e-08
0.657781 0.553855 6.20949e-08
0.590915 0.575749 5.33093e-08
0.509236 0.601776 4.60985e-08
0.415881 0.630935 4.07396e-08
0.314439 0.662105 3.74385e-08
0.208807 0.694089 3.6322e-08
0.103044 0.725658 3.74331e-08
0.00121589 0.755599 4.0729e-08
-0.0927654 0.78276 4.60832e-08
-0.175288 0.806098 5.32898e-08
-0.243181 0.824717 6.20719e-08
-0.293835 0.837901 7.20921e-08
-0.325303 0.845143 8.29652e-08
-0.336377 0.846165 9.42735e-08
-0.326631 0.840927 1.05582e-07
-0.296439 0.829631 1.16457e-07
-0.246961 0.812712 1.2648e-07
-0.180099 0.790818 1.35266e-07
-0.0984228 0.764792 1.42477e-07
-0.00507028 0.735634 1.47837e-07
0.0963709 0.704464 1.51138e-07
0.202002 0.67248 1.52255e-07
0.307765 0.640911 1.51145e-07
0.409595 0.61097 1.47849e-07
0.503578 0.583808 1.42495e-07
0.586104 0.560468 1.35289e-07
0.654 0.541848 1.26507e-07
0.704658 0.528663 1.16487e-07
0.736131 0.52142 1.05614e-07
0.74721 0.520397 9.43062e-08
0.737468 0.525633 8.29973e-08
0.70728 0.536927 7.21223e-08
0.657807 0.553846 6.20991e-08
0.590948 0.575738 5.33129e-08
0.509275 0.601764 4.61013e-08
0.415925 0.630921 4.07415e-08
0.314485 0.662091 3.74394e-08
0.208854 0.694075 3.6322e-08
0.10309 0.725645 3.74321e-08
0.00125944 0.755586 4.07271e-08
-0.0927261 0.782749 4.60804e-08
-0.175255 0.806089 5.32862e-08
-0.243154 0.82471 6.20677e-08
-0.293816 0.837896 7.20874e-08
-0.325294 0.845141 8.29603e-08
-0.336377 0.846166 9.42684e-08
-0.32664 0.840931 1.05577e-07
-0.296456 0.829638 1.16453e-07
-0.246987 0.81272 1.26476e-07
-0.180132 0.790829 1.35262e-07
-0.0984617 0.764805 1.42474e-07
-0.00511361 0.735647 1.47835e-07
0.0963248 0.704478 1.51137e-07
-0.396871 0.863346 6.62241e-08
-0.386011 0.857517 7.87895e-08
-0.352433 0.844957 9.08721e-08
-0.29743 0.826149 1.02007e-07
-0.223113 0.801816 1.11768e-07
-0.132339 0.772892 1.19778e-07
-0.0285963 0.740489 1.2573e-07
0.0841284 0.705852 1.29395e-07
0.201503 0.670313 1.30633e-07
0.319018 0.635237 1.29396e-07
0.432157 0.601971 1.25731e-07
0.536572 0.571795 1.19779e-07
0.62825 0.545868 1.1177e-07
0.703669 0.525186 1.0201e-07
0.75993 0.510544 9.08747e-08
0.794872 0.502505 7.87923e-08
0.807151 0.501377 6.62269e-08
0.796296 0.507205 5.36614e-08
0.762723 0.519763 4.15787e-08
0.707724 0.53857 3.0443e-08
0.633411 0.562902 2.06824e-08
0.542641 0.591825 1.26719e-08
0.4389 0.624227 6.71925e-09
0.326177 0.658864 3.05331e-09
0.208803 0.694403 1.81492e-09
0.0912874 0.729479 3.05167e-09
-0.0218527 0.762745 6.71604e-09
-0.12627 0.792922 1.26672e-08
-0.217951 0.81885 2.06765e-08
-0.293374 0.839534 3.04361e-08
-0.34964 0.854177 4.15709e-08
-0.384586 0.862218 5.36532e-08
-0.396871 0.863347 6.62185e-08
-0.386021 0.857521 7.8784e-08
-0.352453 0.844964 9.08669e-08
-0.297458 0.826159 1.02003e-07
-0.22315 0.801828 1.11764e-07
-0.132382 0.772905 1.19775e-07
-0.0286444 0.740504 1.25728e-07
0.0840773 0.705868 1.29394e-07
0.201451 0.670329 1.30633e-07
0.318967 0.635252 1.29397e-07
0.432108 0.601986 1.25733e-07
0.536528 0.571808 1.19783e-07
0.628213 0.545879 1.11774e-07
0.70364 0.525194 1.02014e-07
0.75991 0.510549 9.08798e-08
0.794861 0.502507 7.87977e-08
0.80715 0.501376 6.62325e-08
0.796305 0.507201 5.36669e-08
0.762743 0.519756 4.15838e-08
0.707753 0.53856 3.04477e-08
0.633448 0.56289 2.06864e-08
0.542684 0.591812 1.2675e-08
0.438948 0.624213 6.72139e-09
0.326228 0.658848 3.0544e-09
0.208855 0.694387 1.81492e-09
0.0913387 0.729464 3.05059e-09
-0.0218043 0.762731 6.7139e-09
-0.126226 0.79291 1.26641e-08
-0.217914 0.81884 2.06725e-08
-0.293345 0.839526 3.04314e-08
-0.34962 0.854172 4.15658e-08
-0.384576 0.862216 5.36477e-08
-0.39687 0.863348 6.62129e-08
-0.38603 0.857525 7.87785e-08
-0.352473 0.844971 9.08617e-08
-0.297487 0.826168 1.01998e-07
-0.223186 0.801839 1.1176e-07
-0.132425 0.772919 1.19772e-07
-0.0286926 0.740519 1.25726e-07
0.0840261 0.705884 1.29393e-07
0.201399 0.670344 1.30633e-07
0.318916 0.635267 1.29398e-07
0.43206 0.602 1.25735e-07
0.536484 0.57182 1.19786e-07
0.628176 0.545889 1.11778e-07
0.70361 0.525202 1.02019e-07
0.759889 0.510554 9.0885e-08
0.794851 0.502509 7.88032e-08
0.80715 0.501375 6.62381e-08
0.796315 0.507197 5.36724e-08
0.762763 0.519749 4.1589e-08
0.707781 0.538551 3.04523e-08
0.633485 0.562879 2.06903e-08
0.542727 0.591798 1.26781e-08
0.438997 0.624198 6.72353e-09
0.326279 0.658833 3.05549e-09
0.208907 0.694372 1.81492e-09
0.09139 0.729449 3.0495e-09
-0.0217559 0.762717 6.71176e-09
-0.126183 0.792897 1.2661e-08
-0.217877 0.81883 2.06686e-08
-0.293316 0.839518 3.04268e-08
-0.349599 0.854167 4.15606e-08
-0.384565 0.862214 5.36422e-08
-0.39687 0.863349 6.62073e-08
-0.38604 0.857529 7.87731e-08
-0.352493 0.844978 9.08566e-08
-0.297516 0.826178 1.01994e-07
-0.223223 0.801851 1.11756e-07
-0.132469 0.772933 1.19769e-07
-0.0287407 0.740534 1.25724e-07
0.0839749 0.705899 1.29392e-07
0.201347 0.67036 1.30633e-07
0.318864 0.635282 1.29399e-07
0.432012 0.602014 1.25737e-07
0.536441 0.571833 1.19789e-07
0.628138 0.545899 1.11782e-07
0.703581 0.52521 1.02024e-07
0.759869 0.51056 9.08901e-08
0.79484 0.502511 7.88087e-08
0.80715 0.501374 6.62436e-08
0.796325 0.507193 5.36778e-08
0.762782 0.519742 4.15942e-08
0.70781 0.538541 3.0457e-08
0.633521 0.562867 2.06943e-08
0.54277 0.591784 1.26812e-08
0.439045 0.624183 6.72567e-09
0.326331 0.658817 3.05658e-09
0.208959 0.694356 1.81493e-09
0.0914413 0.729434 3.04841e-09
-0.0217075 0.762703 6.70963e-09
-0.126139 0.792885 1.26579e-08
-0.21784 0.818819 2.06646e-08
-0.293286 0.83951 3.04221e-08
-0.349579 0.854162 4.15554e-08
-0.384555 0.862212 5.36367e-08
-0.39687 0.86335 6.62017e-08
-0.38605 0.857533 7.87676e-08
-0.352512 0.844985 9.08514e-08
-0.297545 0.826188 1.01989e-07
-0.22326 0.801863 1.11752e-07
-0.132512 0.772946 1.19765e-07
-0.0287889 0.740549 1.25721e-07
0.0839238 0.705915 1.29391e-07
0.201295 0.670376 1.30633e-07
0.318813 0.635298 1.294e-07
0.431963 0.602028 1.2574e-07
0.536397 0.571845 1.19792e-07
0.628101 0.54591 1.11786e-07
0.703552 0.525218 1.02028e-07
0.759849 0.510565 9.08953e-08
0.79483 0.502513 7.88142e-08
0.807149 0.501373 6.62492e-08
0.796335 0.507188 5.36833e-08
0.762802 0.519735 4.15993e-08
0.707839 0.538531 3.04616e-08
0.633558 0.562855 2.06982e-08
0.542814 0.591771 1.26843e-08
0.439093 0.624168 6.72781e-09
-0.434253 0.873497 3.57723e-08
-0.422724 0.867309 4.91117e-08
-0.387078 0.853975 6.19385e-08
-0.328686 0.834009 7.37598e-08
-0.249792 0.808176 8.41213e-08
-0.153427 0.777471 9.26248e-08
-0.0432937 0.743072 9.89436e-08
0.0763746 0.706302 1.02835e-07
0.20098 0.668574 1.04149e-07
0.325733 0.631337 1.02835e-07
0.445841 0.596022 9.89447e-08
0.556687 0.563987 9.26265e-08
0.654013 0.536463 8.41234e-08
0.734077 0.514507 7.37623e-08
0.793804 0.498964 6.19413e-08
0.830898 0.490429 4.91146e-08
0.843933 0.489232 3.57752e-08
0.832409 0.495418 2.24357e-08
0.796769 0.50875 9.60876e-09
0.738382 0.528715 -2.21281e-09
0.659492 0.554546 -1.25747e-08
0.56313 0.585251 -2.10786e-08
0.453 0.619649 -2.73979e-08
0.333333 0.656419 -3.12897e-08
0.208728 0.694147 -3.26043e-08
0.0839746 0.731385 -3.12914e-08
-0.0361347 0.766699 -2.74013e-08
-0.146984 0.798735 -2.10836e-08
-0.244313 0.82626 -1.2581e-08
-0.324381 0.848218 -2.22021e-09
-0.384113 0.863763 9.60054e-09
-0.421212 0.872299 2.2427e-08
-0.434253 0.873498 3.57663e-08
-0.422734 0.867313 4.91059e-08
-0.387099 0.853983 6.1933e-08
-0.328717 0.834019 7.37549e-08
-0.249831 0.808189 8.41171e-08
-0.153473 0.777485 9.26215e-08
-0.0433448 0.743088 9.89413e-08
0.0763203 0.706319 1.02834e-07
0.200924 0.66859 1.04149e-07
0.325679 0.631353 1.02837e-07
0.445789 0.596037 9.8947e-08
0.556641 0.564001 9.26298e-08
0.653973 0.536474 8.41276e-08
0.734046 0.514516 7.37672e-08
0.793782 0.498969 6.19467e-08
0.830887 0.490431 4.91204e-08
0.843933 0.489231 3.57812e-08
0.83242 0.495414 2.24416e-08
0.79679 0.508743 9.61424e-09
0.738413 0.528705 -2.20787e-09
0.659531 0.554534 -1.25705e-08
0.563176 0.585237 -2.10753e-08
0.453051 0.619633 -2.73956e-08
0.333387 0.656402 -3.12885e-08
0.208784 0.694131 -3.26043e-08
0.084029 0.731368 -3.12926e-08
-0.0360833 0.766684 -2.74036e-08
-0.146937 0.798722 -2.10869e-08
-0.244273 0.826249 -1.25852e-08
-0.32435 0.848209 -2.22514e-09
-0.384091 0.863758 9.59505e-09
-0.421201 0.872297 2.24212e-08
-0.434252 0.873499 3.57604e-08
-0.422745 0.867317 4.91001e-08
-0.38712 0.85399 6.19276e-08
-0.328748 0.834029 7.37499e-08
-0.24987 0.808202 8.41129e-08
-0.153518 0.7775 9.26182e-08
-0.0433959 0.743104 9.8939e-08
0.076266 0.706335 1.02832e-07
0.200869 0.668607 1.04149e-07
0.325624 0.631369 1.02838e-07
0.445738 0.596052 9.89493e-08
0.556594 0.564014 9.26331e-08
0.653934 0.536485 8.41318e-08
0.734015 0.514524 7.37721e-08
0.793761 0.498974 6.19522e-08
0.830875 0.490433 4.91262e-08
0.843933 0.48923 3.57871e-08
0.83243 0.49541 2.24474e-08
0.796811 0.508735 9.61972e-09
0.738443 0.528695 -2.20294e-09
0.65957 0.554521 -1.25663e-08
0.563222 0.585222 -2.1072e-08
0.453102 0.619618 -2.73934e-08
0.333442 0.656386 -3.12873e-08
0.208839 0.694114 -3.26043e-08
0.0840835 0.731352 -3.12937e-08
-0.0360319 0.76667 -2.74059e-08
-0.146891 0.798709 -2.10902e-08
-0.244234 0.826238 -1.25894e-08
-0.324319 0.848201 -2.23007e-09
-0.38407 0.863752 9.58957e-09
-0.42119 0.872295 2.24154e-08
-0.434252 0.8735 3.57545e-08
-0.422755 0.867322 4.90942e-08
-0.387141 0.853998 6.19221e-08
-0.328778 0.834039 7.3745e-08
-0.249909 0.808214 8.41087e-08
-0.153564 0.777514 9.26149e-08
-0.043447 0.74312 9.89368e-08
0.0762116 0.706352 1.02831e-07
0.200813 0.668624 1.04149e-07
0.32557 0.631385 1.02839e-07
0.445687 0.596067 9.89515e-08
0.556548 0.564027 9.26364e-08
0.653894 0.536496 8.4136e-08
0.733984 0.514532 7.37771e-08
0.793739 0.49898 6.19577e-08
0.830864 0.490436 4.91321e-08
0.843932 0.489229 3.5793e-08
0.832441 0.495405 2.24532e-08
0.796832 0.508728 9.62521e-09
0.738474 0.528685 -2.198e-09
0.659609 0.554509 -1.25621e-08
0.563268 0.585208 -2.10687e-08
0.453153 0.619602 -2.73911e-08
0.333496 0.656369 -3.12862e-08
0.208895 0.694097 -3.26043e-08
0.0841379 0.731336 -3.12949e-08
-0.0359806 0.766655 -2.74081e-08
-0.146845 0.798695 -2.10935e-08
-0.244194 0.826227 -1.25935e-08
-0.324288 0.848193 -2.23501e-09
-0.384048 0.863747 9.58409e-09
-0.421178 0.872293 2.24096e-08
-0.434252 0.873501 3.57485e-08
-0.422766 0.867326 4.90884e-08
-0.387162 0.854005 6.19166e-08
-0.328809 0.83405 7.37401e-08
-0.249948 0.808227 8.41045e-08
-0.15361 0.777529 9.26116e-08
-0.0434981 0.743135 9.89345e-08
0.0761573 0.706368 1.0283e-07
0.200758 0.66864 1.04149e-07
0.325515 0.631401 1.0284e-07
0.445635 0.596082 9.89538e-08
0.556502 0.56404 9.26396e-08
0.653855 0.536507 8.41402e-08
0.733953 0.514541 7.3782e-08
0.793718 0.498985 6.19632e-08
0.830853 0.490438 4.91379e-08
0.843932 0.489228 3.5799e-08
0.832451 0.495401 2.2459e-08
0.796853 0.50872 9.63069e-09
0.738504 0.528675 -2.19307e-09
0.659648 0.554496 -1.25579e-08
0.563314 0.585193 -2.10654e-08
0.453204 0.619586 -2.73888e-08
0.33355 0.656353 -3.1285e-08
0.20895 0.694081 -3.26043e-08
0.0841924 0.73132 -3.1296e-08
-0.0359292 0.76664 -2.74104e-08
-0.146798 0.798682 -2.10968e-08
-0.244155 0.826216 -1.25977e-08
-0.324257 0.848184 -2.23994e-09
-0.384027 0.863742 9.57861e-09
-0.421167 0.87229 2.24037e-08
-0.447088 0.876224 4.10333e-09
-0.435333 0.869915 1.77041e-08
-0.398989 0.856321 3.07823e-08
-0.339453 0.835963 4.28352e-08
-0.259012 0.809624 5.33998e-08
-0.160759 0.778317 6.20699e-08
-0.0484677 0.743244 6.85125e-08
0.0735455 0.705753 7.24799e-08
0.200592 0.667286 7.38198e-08
0.32779 0.629319 7.24805e-08
0.450251 0.593313 6.85136e-08
0.56327 0.56065 6.20716e-08
0.662502 0.532587 5.34019e-08
0.744136 0.510201 4.28378e-08
0.805033 0.494352 3.07851e-08
0.842854 0.485651 1.77071e-08
0.856145 0.48443 4.10636e-09
0.844395 0.490737 -9.49452e-09
0.808056 0.504331 -2.25729e-08
0.748525 0.524687 -3.46261e-08
0.668089 0.551024 -4.5191e-08
0.569839 0.582331 -5.38616e-08
0.45755 0.617403 -6.03047e-08
0.335539 0.654893 -6.42727e-08
0.208493 0.693361 -6.56131e-08
0.0812944 0.731327 -6.42744e-08
-0.0411684 0.767334 -6.03081e-08
-0.154189 0.799998 -5.38666e-08
-0.253425 0.828063 -4.51974e-08
-0.335063 0.85045 -3.46336e-08
-0.395965 0.8663 -2.25812e-08
-0.433791 0.875003 -9.50342e-09
-0.447088 0.876225 4.09728e-09
-0.435344 0.86992 1.76982e-08
-0.39901 0.856328 3.07767e-08
-0.339484 0.835973 4.28302e-08
-0.259052 0.809637 5.33955e-08
-0.160805 0.778332 6.20665e-08
-0.0485198 0.74326 6.85102e-08
0.0734901 0.70577 7.24788e-08
0.200536 0.667303 7.38198e-08
0.327735 0.629336 7.24817e-08
0.450199 0.593328 6.8516e-08
0.563223 0.560664 6.2075e-08
0.662462 0.532598 5.34062e-08
0.744104 0.510209 4.28428e-08
0.805011 0.494358 3.07907e-08
0.842842 0.485653 1.77131e-08
0.856144 0.484429 4.11241e-09
0.844406 0.490733 -9.48858e-09
0.808078 0.504323 -2.25673e-08
0.748556 0.524677 -3.4621e-08
0.668129 0.551012 -4.51867e-08
0.569886 0.582316 -5.38582e-08
0.457603 0.617387 -6.03024e-08
0.335594 0.654876 -6.42715e-08
0.208549 0.693344 -6.56131e-08
0.0813499 0.731311 -6.42756e-08
-0.041116 0.767319 -6.03105e-08
-0.154142 0.799984 -5.387e-08
-0.253385 0.828051 -4.52017e-08
-0.335031 0.850442 -3.46386e-08
-0.395943 0.866294 -2.25868e-08
-0.43378 0.875001 -9.50935e-09
-0.447087 0.876227 4.09123e-09
-0.435354 0.869924 1.76923e-08
-0.399032 0.856336 3.07711e-08
-0.339515 0.835984 4.28252e-08
-0.259092 0.80965 5.33912e-08
-0.160852 0.778346 6.20632e-08
-0.0485719 0.743276 6.85079e-08
0.0734347 0.705787 7.24776e-08
0.200479 0.66732 7.38198e-08
0.327679 0.629352 7.24829e-08
0.450147 0.593343 6.85183e-08
0.563175 0.560677 6.20783e-08
0.662422 0.532609 5.34105e-08
0.744072 0.510218 4.28478e-08
0.804989 0.494363 3.07963e-08
0.842831 0.485655 1.7719e-08
0.856144 0.484428 4.11846e-09
0.844416 0.490729 -9.48265e-09
0.808099 0.504315 -2.25617e-08
0.748587 0.524666 -3.4616e-08
0.668168 0.550999 -4.51824e-08
0.569932 0.582301 -5.38548e-08
0.457655 0.617371 -6.03e-08
0.33565 0.654859 -6.42703e-08
0.208606 0.693327 -6.56131e-08
0.0814054 0.731295 -6.42768e-08
-0.0410636 0.767304 -6.03128e-08
-0.154095 0.799971 -5.38733e-08
-0.253345 0.82804 -4.52059e-08
-0.335 0.850433 -3.46437e-08
-0.395921 0.866289 -2.25924e-08
-0.433768 0.874999 -9.51529e-09
-0.447087 0.876228 4.08518e-09
-0.435365 0.869928 1.76863e-08
-0.399053 0.856343 3.07655e-08
-0.339546 0.835994 4.28201e-08
-0.259131 0.809663 5.33869e-08
-0.160899 0.778361 6.20598e-08
-0.048624 0.743292 6.85055e-08
0.0733794 0.705804 7.24764e-08
0.200423 0.667337 7.38198e-08
0.327624 0.629369 7.24841e-08
0.450094 0.593359 6.85206e-08
0.563128 0.560691 6.20817e-08
0.662382 0.53262 5.34147e-08
0.744041 0.510226 4.28528e-08
0.804967 0.494369 3.08019e-08
0.842819 0.485657 1.77249e-08
0.856143 0.484427 4.12451e-09
0.844427 0.490724 -9.47672e-09
0.80812 0.504308 -2.25561e-08
0.748618 0.524656 -3.4611e-08
0.668208 0.550986 -4.51781e-08
0.569979 0.582286 -5.38515e-08
0.457707 0.617354 -6.02977e-08
0.335705 0.654842 -6.42691e-08
0.208662 0.69331 -6.56131e-08
0.081461 0.731278 -6.4278e-08
-0.0410112 0.767289 -6.03151e-08
-0.154048 0.799957 -5.38767e-08
-0.253305 0.828029 -4.52102e-08
-0.334968 0.850424 -3.46487e-08
-0.395899 0.866284 -2.2598e-08
-0.433757 0.874997 -9.52122e-09
-0.447087 0.876229 4.07913e-09
-0.435376 0.869933 1.76804e-08
-0.399074 0.856351 3.076e-08
-0.339577 0.836004 4.28151e-08
-0.259171 0.809675 5.33827e-08
-0.160946 0.778376 6.20565e-08
-0.0486761 0.743309 6.85032e-08
0.073324 0.705821 7.24752e-08
0.200366 0.667354 7.38198e-08
0.327568 0.629385 7.24852e-08
0.450042 0.593374 6.85229e-08
0.563081 0.560704 6.2085e-08
0.662341 0.532632 5.3419e-08
0.744009 0.510235 4.28579e-08
0.804945 0.494374 3.08075e-08
0.842808 0.485659 1.77308e-08
0.856143 0.484425 4.13056e-09
0.844438 0.49072 -9.47078e-09
0.808142 0.5043 -2.25505e-08
0.748649 0.524645 -3.46059e-08
0.668248 0.550973 -4.51738e-08
0.570026 0.582272 -5.38481e-08
0.457759 0.617338 -6.02954e-08
0.33576 0.654825 -6.4268e-08
0.208719 0.693293 -6.56131e-08
0.0815165 0.731262 -6.42792e-08
-0.0409589 0.767273 -6.03174e-08
-0.154001 0.799944 -5.388e-08
-0.253265 0.828018 -4.52145e-08
-0.334936 0.850416 -3.46537e-08
-0.395877 0.866278 -2.26036e-08
-0.433746 0.874994 -9.52715e-09
-0.447086 0.87623 4.07308e-09
-0.435386 0.869937 1.76745e-08
-0.399095 0.856358 3.07544e-08
-0.434882 0.871424 -2.75657e-08
-0.423353 0.865236 -1.42262e-08
-0.387707 0.851903 -1.39926e-09
-0.329315 0.831936 1.04221e-08
-0.250419 0.806103 2.07837e-08
-0.154053 0.775397 2.92873e-08
-0.0439194 0.740998 3.56061e-08
0.0757499 0.704228 3.94974e-08
0.200356 0.666499 4.08115e-08
0.32511 0.629262 3.94979e-08
0.445219 0.593947 3.56073e-08
0.556067 0.561912 2.9289e-08
0.653393 0.534388 2.07858e-08
0.733458 0.512432 1.04246e-08
0.793185 0.496888 -1.39652e-09
0.83028 0.488353 -1.42233e-08
0.843315 0.487156 -2.75628e-08
0.831791 0.493342 -4.09024e-08
0.796151 0.506674 -5.37295e-08
0.737763 0.52664 -6.55511e-08
0.658872 0.552471 -7.59131e-08
0.562509 0.583176 -8.44171e-08
0.452378 0.617574 -9.07365e-08
0.33271 0.654344 -9.46282e-08
0.208105 0.692073 -9.59429e-08
0.0833499 0.729311 -9.463e-08
-0.0367603 0.764626 -9.07399e-08
-0.14761 0.796662 -8.44221e-08
-0.24494 0.824187 -7.59194e-08
-0.325009 0.846145 -6.55585e-08
-0.384741 0.86169 -5.37377e-08
-0.421841 0.870226 -4.09111e-08
-0.434882 0.871425 -2.75717e-08
-0.423363 0.86524 -1.4232e-08
-0.387728 0.85191 -1.40474e-09
-0.329345 0.831946 1.04172e-08
-0.250458 0.806116 2.07795e-08
-0.154099 0.775412 2.9284e-08
-0.0439705 0.741014 3.56039e-08
0.0756956 0.704244 3.94962e-08
0.200301 0.666516 4.08115e-08
0.325056 0.629278 3.94991e-08
0.445168 0.593962 3.56095e-08
0.55602 0.561925 2.92922e-08
0.653353 0.534399 2.079e-08
0.733427 0.51244 1.04295e-08
0.793164 0.496893 -1.39104e-09
0.830268 0.488355 -1.42175e-08
0.843315 0.487155 -2.75568e-08
0.831802 0.493338 -4.08966e-08
0.796172 0.506667 -5.3724e-08
0.737794 0.526629 -6.55462e-08
0.658911 0.552458 -7.59089e-08
0.562555 0.583161 -8.44138e-08
0.452429 0.617559 -9.07342e-08
0.332765 0.654328 -9.46271e-08
0.20816 0.692056 -9.59429e-08
0.0834044 0.729294 -9.46311e-08
-0.036709 0.764611 -9.07421e-08
-0.147564 0.796649 -8.44254e-08
-0.244901 0.824176 -7.59236e-08
-0.324978 0.846136 -6.55635e-08
-0.38472 0.861685 -5.37432e-08
-0.42183 0.870224 -4.09169e-08
-0.434882 0.871426 -2.75776e-08
-0.423374 0.865245 -1.42378e-08
-0.387749 0.851917 -1.41023e-09
-0.329376 0.831956 1.04123e-08
-0.250497 0.806128 2.07753e-08
-0.154145 0.775426 2.92807e-08
-0.0440217 0.74103 3.56016e-08
0.0756412 0.704261 3.9495e-08
0.200245 0.666532 4.08115e-08
0.325002 0.629294 3.95002e-08
0.445116 0.593977 3.56118e-08
0.555974 0.561939 2.92955e-08
0.653314 0.53441 2.07942e-08
0.733396 0.512448 1.04345e-08
0.793142 0.496898 -1.38556e-09
0.830257 0.488357 -1.42116e-08
0.843315 0.487154 -2.75509e-08
0.831812 0.493334 -4.08907e-08
0.796193 0.506659 -5.37185e-08
0.737824 0.526619 -6.55413e-08
0.65895 0.552446 -7.59047e-08
0.562601 0.583147 -8.44105e-08
0.45248 0.617543 -9.07319e-08
0.332819 0.654311 -9.46259e-08
0.208216 0.69204 -9.59429e-08
0.0834588 0.729278 -9.46323e-08
-0.0366576 0.764596 -9.07444e-08
-0.147518 0.796635 -8.44287e-08
-0.244861 0.824165 -7.59278e-08
-0.324947 0.846128 -6.55684e-08
-0.384698 0.86168 -5.37487e-08
-0.421819 0.870222 -4.09227e-08
-0.434881 0.871427 -2.75835e-08
-0.423384 0.865249 -1.42437e-08
-0.38777 0.851925 -1.41571e-09
-0.329406 0.831966 1.04073e-08
-0.250536 0.806141 2.07711e-08
-0.154191 0.775441 2.92774e-08
-0.0440728 0.741046 3.55993e-08
0.0755869 0.704278 3.94939e-08
0.20019 0.666549 4.08115e-08
0.324947 0.62931 3.95014e-08
0.445065 0.593992 3.56141e-08
0.555928 0.561952 2.92988e-08
0.653274 0.534421 2.07984e-08
0.733365 0.512457 1.04394e-08
0.793121 0.496904 -1.38008e-09
0.830246 0.48836 -1.42058e-08
0.843314 0.487153 -2.7545e-08
0.831823 0.493329 -4.08849e-08
0.796213 0.506652 -5.3713e-08
0.737855 0.526609 -6.55363e-08
0.658989 0.552433 -7.59005e-08
0.562647 0.583133 -8.44072e-08
0.452531 0.617527 -9.07296e-08
0.332873 0.654295 -9.46248e-08
0.208271 0.692023 -9.59429e-08
0.0835133 0.729262 -9.46335e-08
-0.0366062 0.764581 -9.07467e-08
-0.147471 0.796622 -8.4432e-08
-0.244822 0.824154 -7.5932e-08
-0.324916 0.84612 -6.55733e-08
-0.384677 0.861674 -5.37541e-08
-0.421807 0.87022 -4.09286e-08
-0.434881 0.871428 -2.75895e-08
-0.423395 0.865253 -1.42495e-08
-0.387791 0.851932 -1.42119e-09
-0.329437 0.831977 1.04024e-08
-0.250575 0.806154 2.07669e-08
-0.154237 0.775455 2.92741e-08
-0.0441239 0.741062 3.5597e-08
0.0755326 0.704294 3.94927e-08
0.200134 0.666566 4.08114e-08
0.324893 0.629326 3.95026e-08
0.445014 0.594007 3.56163e-08
0.555881 0.561965 2.93021e-08
0.653235 0.534432 2.08026e-08
0.733334 0.512465 1.04443e-08
0.793099 0.496909 -1.3746e-09
0.830235 0.488362 -1.42e-08
0.843314 0.487152 -2.7539e-08
0.831833 0.493325 -4.08791e-08
0.796234 0.506645 -5.37075e-08
0.737885 0.526599 -6.55314e-08
0.659028 0.552421 -7.58963e-08
0.562693 0.583118 -8.44039e-08
0.452583 0.617511 -9.07274e-08
0.332928 0.654278 -9.46236e-08
0.208327 0.692006 -9.59429e-08
0.0835677 0.729246 -9.46346e-08
-0.0365549 0.764566 -9.07489e-08
-0.147425 0.796609 -8.44353e-08
-0.244782 0.824143 -7.59362e-08
-0.324885 0.846111 -6.55783e-08
-0.384655 0.861669 -5.37596e-08
-0.421796 0.870218 -4.09344e-08
-0.398105 0.85928 -5.8018e-08
-0.387245 0.853451 -4.54523e-08
-0.353667 0.840891 -3.33695e-08
-0.298662 0.822083 -2.22339e-08
-0.224344 0.797749 -1.24735e-08
-0.133568 0.768824 -4.46322e-09
-0.0298238 0.736421 1.48902e-09
0.082903 0.701784 5.1545e-09
0.20028 0.666244 6.39236e-09
0.317797 0.631167 5.15504e-09
0.430938 0.597901 1.49009e-09
0.535354 0.567724 -4.46166e-09
0.627034 0.541797 -1.24715e-08
0.702455 0.521115 -2.22316e-08
0.758717 0.506472 -3.33669e-08
0.793659 0.498433 -4.54496e-08
0.805938 0.497305 -5.80152e-08
0.795083 0.503133 -7.05809e-08
0.76151 0.515691 -8.26638e-08
0.70651 0.534498 -9.37996e-08
0.632196 0.558831 -1.0356e-07
0.541423 0.587755 -1.11571e-07
0.437681 0.620158 -1.17524e-07
0.324956 0.654794 -1.2119e-07
0.207579 0.690334 -1.22428e-07
0.0900621 0.725411 -1.21191e-07
-0.02308 0.758678 -1.17527e-07
-0.127499 0.788855 -1.11576e-07
-0.219182 0.814784 -1.03566e-07
-0.294606 0.835467 -9.38066e-08
-0.350873 0.850111 -8.26716e-08
-0.38582 0.858152 -7.05891e-08
-0.398105 0.859281 -5.80235e-08
-0.387254 0.853455 -4.54578e-08
-0.353686 0.840898 -3.33747e-08
-0.298691 0.822092 -2.22386e-08
-0.22438 0.797761 -1.24774e-08
-0.133612 0.768838 -4.46632e-09
-0.0298719 0.736436 1.48688e-09
0.0828518 0.701799 5.15341e-09
0.200228 0.66626 6.39236e-09
0.317746 0.631182 5.15613e-09
0.430889 0.597915 1.49223e-09
0.535311 0.567737 -4.45856e-09
0.626997 0.541807 -1.24675e-08
0.702425 0.521122 -2.2227e-08
0.758696 0.506477 -3.33618e-08
0.793648 0.498435 -4.54441e-08
0.805938 0.497304 -5.80096e-08
0.795093 0.503129 -7.05754e-08
0.76153 0.515684 -8.26586e-08
0.706539 0.534489 -9.3795e-08
0.632232 0.558819 -1.03557e-07
0.541467 0.587741 -1.11568e-07
0.437729 0.620143 -1.17522e-07
0.325007 0.654779 -1.21189e-07
0.207632 0.690319 -1.22428e-07
0.0901134 0.725396 -1.21193e-07
-0.0230316 0.758664 -1.17529e-07
-0.127455 0.788843 -1.11579e-07
-0.219145 0.814774 -1.0357e-07
-0.294577 0.83546 -9.38113e-08
-0.350853 0.850106 -8.26767e-08
-0.38581 0.85815 -7.05946e-08
-0.398104 0.859282 -5.80291e-08
-0.387264 0.853459 -4.54633e-08
-0.353706 0.840905 -3.33798e-08
-0.298719 0.822102 -2.22432e-08
-0.224417 0.797773 -1.24814e-08
-0.133655 0.768852 -4.46943e-09
-0.02992 0.736451 1.48474e-09
0.0828007 0.701815 5.15232e-09
0.200176 0.666275 6.39236e-09
0.317694 0.631197 5.15722e-09
0.430841 0.597929 1.49437e-09
0.535267 0.567749 -4.45545e-09
0.62696 0.541818 -1.24636e-08
0.702396 0.52113 -2.22223e-08
0.758676 0.506482 -3.33566e-08
0.793638 0.498437 -4.54386e-08
0.805938 0.497303 -5.8004e-08
0.795103 0.503125 -7.05699e-08
0.761549 0.515677 -8.26535e-08
0.706567 0.534479 -9.37904e-08
0.632269 0.558807 -1.03553e-07
0.54151 0.587727 -1.11565e-07
0.437778 0.620128 -1.1752e-07
0.325058 0.654763 -1.21188e-07
0.207684 0.690303 -1.22428e-07
0.0901647 0.725381 -1.21194e-07
-0.0229832 0.75865 -1.17531e-07
-0.127412 0.78883 -1.11582e-07
-0.219108 0.814763 -1.03574e-07
-0.294548 0.835452 -9.38159e-08
-0.350833 0.850101 -8.26819e-08
-0.385799 0.858148 -7.06001e-08
-0.398104 0.859283 -5.80347e-08
-0.387274 0.853463 -4.54687e-08
-0.353726 0.840912 -3.3385e-08
-0.298748 0.822112 -2.22479e-08
-0.224454 0.797784 -1.24853e-08
-0.133698 0.768865 -4.47253e-09
-0.0299682 0.736466 1.4826e-09
0.0827495 0.701831 5.15123e-09
0.200123 0.666291 6.39236e-09
0.317643 0.631213 5.15831e-09
0.430792 0.597943 1.4965e-09
0.535223 0.567762 -4.45235e-09
0.626923 0.541828 -1.24596e-08
0.702367 0.521138 -2.22177e-08
0.758656 0.506487 -3.33514e-08
0.793627 0.498439 -4.54331e-08
0.805937 0.497302 -5.79984e-08
0.795113 0.50312 -7.05644e-08
0.761569 0.51567 -8.26483e-08
0.706596 0.534469 -9.37857e-08
0.632306 0.558796 -1.03549e-07
0.541553 0.587714 -1.11562e-07
0.437826 0.620113 -1.17517e-07
0.32511 0.654748 -1.21187e-07
0.207736 0.690287 -1.22428e-07
0.090216 0.725366 -1.21195e-07
-0.0229348 0.758636 -1.17533e-07
-0.127368 0.788818 -1.11585e-07
-0.219071 0.814753 -1.03578e-07
-0.294519 0.835444 -9.38206e-08
-0.350812 0.850096 -8.2687e-08
-0.385789 0.858146 -7.06055e-08
-0.398104 0.859284 -5.80403e-08
-0.387284 0.853468 -4.54742e-08
-0.353746 0.840919 -3.33902e-08
-0.298777 0.822121 -2.22525e-08
-0.224491 0.797796 -1.24893e-08
-0.133741 0.768879 -4.47564e-09
-0.0300163 0.736481 1.48046e-09
0.0826983 0.701846 5.15013e-09
0.200071 0.666307 6.39236e-09
0.317592 0.631228 5.1594e-09
0.430744 0.597957 1.49864e-09
0.53518 0.567774 -4.44925e-09
0.626886 0.541838 -1.24557e-08
0.702337 0.521146 -2.2213e-08
0.758636 0.506493 -3.33463e-08
0.793617 0.498441 -4.54276e-08
0.805937 0.497301 -5.79928e-08
0.795122 0.503116 -7.05589e-08
0.761589 0.515663 -8.26432e-08
0.706625 0.53446 -9.37811e-08
0.632342 0.558784 -1.03545e-07
0.541596 0.5877 -1.11559e-07
0.437874 0.620098 -1.17515e-07
-0.33817 0.840259 -8.60831e-08
-0.328395 0.835013 -7.47742e-08
-0.298176 0.82371 -6.38999e-08
-0.248672 0.806782 -5.3878e-08
-0.181787 0.784882 -4.50938e-08
-0.100091 0.758851 -3.78847e-08
-0.0067223 0.729688 -3.25278e-08
0.09473 0.698515 -2.92289e-08
0.200368 0.66653 -2.81148e-08
0.306131 0.634961 -2.92284e-08
0.407956 0.605022 -3.25268e-08
0.501929 0.577864 -3.78833e-08
0.584439 0.554529 -4.5092e-08
0.652316 0.535916 -5.38759e-08
0.702952 0.522738 -6.38976e-08
0.734399 0.515503 -7.47717e-08
0.74545 0.514488 -8.60806e-08
0.735681 0.519732 -9.73895e-08
0.705466 0.531035 -1.08264e-07
0.655966 0.547961 -1.18286e-07
0.589085 0.56986 -1.27071e-07
0.507391 0.595891 -1.3428e-07
0.414025 0.625053 -1.39637e-07
0.312574 0.656225 -1.42937e-07
0.206937 0.688211 -1.44051e-07
0.101173 0.71978 -1.42938e-07
-0.000653021 0.749719 -1.3964e-07
-0.0946284 0.776878 -1.34284e-07
-0.177142 0.800214 -1.27076e-07
-0.245022 0.818828 -1.18292e-07
-0.295662 0.832007 -1.08271e-07
-0.327113 0.839244 -9.73969e-08
-0.338169 0.84026 -8.60881e-08
-0.328404 0.835017 -7.47791e-08
-0.298194 0.823716 -6.39045e-08
-0.248698 0.806791 -5.38822e-08
-0.18182 0.784893 -4.50973e-08
-0.10013 0.758863 -3.78875e-08
-0.00676562 0.729702 -3.25297e-08
0.0946839 0.698529 -2.92299e-08
0.200321 0.666544 -2.81148e-08
0.306085 0.634975 -2.92274e-08
0.407912 0.605035 -3.25249e-08
0.50189 0.577875 -3.78805e-08
0.584406 0.554539 -4.50884e-08
0.65229 0.535923 -5.38718e-08
0.702933 0.522743 -6.38929e-08
0.73439 0.515505 -7.47668e-08
0.74545 0.514487 -8.60755e-08
0.73569 0.519729 -9.73846e-08
0.705483 0.531029 -1.08259e-07
0.655992 0.547952 -1.18282e-07
0.589118 0.569849 -1.27067e-07
0.50743 0.595879 -1.34277e-07
0.414068 0.625039 -1.39636e-07
0.31262 0.656211 -1.42936e-07
0.206984 0.688197 -1.44051e-07
0.101219 0.719766 -1.42939e-07
-0.000609473 0.749706 -1.39642e-07
-0.0945892 0.776867 -1.34287e-07
-0.177108 0.800204 -1.27079e-07
-0.244996 0.818821 -1.18296e-07
-0.295643 0.832003 -1.08276e-07
-0.327104 0.839242 -9.74018e-08
-0.338169 0.840261 -8.60931e-08
-0.328413 0.835021 -7.47841e-08
-0.298211 0.823722 -6.39092e-08
-0.248724 0.8068 -5.38864e-08
-0.181853 0.784904 -4.51009e-08
-0.100169 0.758875 -3.78903e-08
-0.00680895 0.729715 -3.25316e-08
0.0946379 0.698543 -2.92308e-08
0.200274 0.666558 -2.81148e-08
0.306039 0.634989 -2.92264e-08
0.407869 0.605048 -3.25229e-08
0.50185 0.577886 -3.78777e-08
0.584373 0.554548 -4.50849e-08
0.652264 0.53593 -5.38676e-08
0.702915 0.522747 -6.38883e-08
0.73438 0.515506 -7.47619e-08
0.74545 0.514486 -8.60705e-08
0.735698 0.519725 -9.73796e-08
0.705501 0.531022 -1.08255e-07
0.656018 0.547944 -1.18278e-07
0.589151 0.569839 -1.27063e-07
0.507469 0.595866 -1.34275e-07
0.414111 0.625026 -1.39634e-07
0.312666 0.656197 -1.42935e-07
0.207031 0.688183 -1.44051e-07
0.101265 0.719752 -1.4294e-07
-0.000565924 0.749694 -1.39644e-07
-0.0945499 0.776856 -1.3429e-07
-0.177075 0.800195 -1.27083e-07
-0.24497 0.818814 -1.18301e-07
-0.295625 0.831998 -1.0828e-07
-0.327095 0.83924 -9.74068e-08
-0.338169 0.840262 -8.60982e-08
-0.328422 0.835024 -7.4789e-08
-0.298229 0.823729 -6.39138e-08
-0.24875 0.806808 -5.38906e-08
-0.181886 0.784914 -4.51045e-08
-0.100207 0.758888 -3.78931e-08
-0.00685228 0.729728 -3.25335e-08
0.0945918 0.698557 -2.92318e-08
0.200226 0.666572 -2.81148e-08
0.305992 0.635002 -2.92255e-08
0.407825 0.60506 -3.2521e-08
0.501811 0.577898 -3.78749e-08
0.584339 0.554557 -4.50813e-08
0.652237 0.535937 -5.38634e-08
0.702897 0.522752 -6.38836e-08
0.734371 0.515508 -7.47569e-08
0.745449 0.514485 -8.60655e-08
0.735707 0.519721 -9.73747e-08
0.705519 0.531016 -1.0825e-07
0.656044 0.547935 -1.18273e-07
0.589184 0.569828 -1.2706e-07
0.507508 0.595854 -1.34272e-07
0.414155 0.625013 -1.39632e-07
0.312712 0.656183 -1.42934e-07
0.207078 0.688168 -1.44051e-07
0.101312 0.719739 -1.42941e-07
-0.000522373 0.749681 -1.39646e-07
-0.0945107 0.776844 -1.34293e-07
-0.177042 0.800186 -1.27087e-07
-0.244943 0.818807 -1.18305e-07
-0.295607 0.831994 -1.08285e-07
-0.327085 0.839239 -9.74117e-08
-0.338168 0.840263 -8.61032e-08
-0.328431 0.835028 -7.47939e-08
-0.298247 0.823735 -6.39185e-08
-0.248776 0.806817 -5.38948e-08
-0.181919 0.784925 -4.5108e-08
-0.100246 0.7589 -3.78959e-08
-0.0068956 0.729742 -3.25355e-08
0.0945458 0.698571 -2.92328e-08
-0.257379 0.815093 -1.10683e-07
-0.249067 0.810631 -1.01065e-07
-0.223367 0.801018 -9.18171e-08
-0.181267 0.786623 -8.32941e-08
-0.124385 0.767998 -7.58237e-08
-0.0549071 0.745859 -6.96927e-08
0.0244972 0.721058 -6.5137e-08
0.110776 0.694548 -6.23315e-08
0.200615 0.667346 -6.13841e-08
0.29056 0.640499 -6.23311e-08
0.377156 0.615038 -6.51362e-08
0.457075 0.591941 -6.96915e-08
0.527245 0.572096 -7.58221e-08
0.584971 0.556266 -8.32924e-08
0.628033 0.54506 -9.18152e-08
0.654777 0.538906 -1.01063e-07
0.664175 0.538043 -1.1068e-07
0.655867 0.542503 -1.20298e-07
0.630171 0.552116 -1.29546e-07
0.588074 0.56651 -1.38069e-07
0.531196 0.585134 -1.4554e-07
0.46172 0.607272 -1.51671e-07
0.382318 0.632072 -1.56227e-07
0.29604 0.658583 -1.59033e-07
0.206202 0.685784 -1.59981e-07
0.116256 0.712632 -1.59035e-07
0.0296587 0.738093 -1.5623e-07
-0.0502618 0.761191 -1.51675e-07
-0.120435 0.781036 -1.45545e-07
-0.178163 0.796867 -1.38075e-07
-0.221229 0.808075 -1.29552e-07
-0.247977 0.814229 -1.20304e-07
-0.257379 0.815094 -1.10687e-07
-0.249074 0.810634 -1.01069e-07
-0.223382 0.801024 -9.18211e-08
-0.181289 0.78663 -8.32977e-08
-0.124413 0.768007 -7.58267e-08
-0.0549402 0.74587 -6.96951e-08
0.0244603 0.72107 -6.51386e-08
0.110737 0.69456 -6.23323e-08
0.200575 0.667358 -6.13841e-08
0.290521 0.64051 -6.23302e-08
0.377119 0.615048 -6.51345e-08
0.457042 0.59195 -6.96892e-08
0.527217 0.572104 -7.58191e-08
0.584948 0.556272 -8.32888e-08
0.628017 0.545063 -9.18112e-08
0.654769 0.538908 -1.01059e-07
0.664175 0.538042 -1.10676e-07
0.655874 0.5425 -1.20294e-07
0.630186 0.55211 -1.29542e-07
0.588096 0.566503 -1.38066e-07
0.531224 0.585125 -1.45537e-07
0.461753 0.607261 -1.51669e-07
0.382355 0.632061 -1.56226e-07
0.296079 0.658571 -1.59033e-07
0.206242 0.685772 -1.59981e-07
0.116295 0.71262 -1.59035e-07
0.0296958 0.738083 -1.56232e-07
-0.0502284 0.761181 -1.51677e-07
-0.120406 0.781028 -1.45548e-07
-0.178141 0.796861 -1.38078e-07
-0.221213 0.808071 -1.29556e-07
-0.247969 0.814228 -1.20309e-07
-0.257379 0.815094 -1.10691e-07
-0.249082 0.810638 -1.01073e-07
-0.223397 0.801029 -9.1825e-08
-0.181311 0.786637 -8.33013e-08
-0.124441 0.768016 -7.58297e-08
-0.0549733 0.74588 -6.96975e-08
0.0244235 0.721081 -6.51403e-08
0.110698 0.694572 -6.23332e-08
0.200535 0.66737 -6.13841e-08
0.290482 0.640522 -6.23294e-08
0.377082 0.615059 -6.51329e-08
0.457008 0.59196 -6.96868e-08
0.527188 0.572112 -7.58161e-08
0.584926 0.556278 -8.32853e-08
0.628002 0.545067 -9.18072e-08
0.654761 0.53891 -1.01055e-07
0.664175 0.538042 -1.10672e-07
0.655882 0.542497 -1.2029e-07
0.630201 0.552105 -1.29538e-07
0.588118 0.566495 -1.38062e-07
0.531252 0.585116 -1.45534e-07
0.461786 0.607251 -1.51667e-07
0.382391 0.632049 -1.56224e-07
0.296118 0.658559 -1.59032e-07
0.206282 0.68576 -1.59981e-07
0.116334 0.712609 -1.59036e-07
0.0297328 0.738072 -1.56233e-07
-0.050195 0.761172 -1.5168e-07
-0.120378 0.78102 -1.45551e-07
-0.178118 0.796855 -1.38082e-07
-0.221198 0.808067 -1.2956e-07
-0.24796 0.814226 -1.20313e-07
-0.257378 0.815095 -1.10695e-07
-0.249089 0.810641 -1.01078e-07
-0.223412 0.801034 -9.1829e-08
-0.181333 0.786645 -8.33048e-08
-0.124469 0.768025 -7.58327e-08
-0.0550064 0.745891 -6.96999e-08
0.0243866 0.721093 -6.51419e-08
0.110659 0.694584 -6.2334e-08
0.200495 0.667382 -6.13841e-08
0.290442 0.640534 -6.23286e-08
0.377045 0.61507 -6.51313e-08
0.456975 0.59197 -6.96844e-08
0.52716 0.57212 -7.58131e-08
0.584903 0.556285 -8.32817e-08
0.627986 0.545071 -9.18033e-08
0.654753 0.538911 -1.0105e-07
0.664175 0.538041 -1.10668e-07
0.65589 0.542494 -1.20285e-07
0.630216 0.5521 -1.29534e-07
0.58814 0.566488 -1.38059e-07
-0.158838 0.784747 -1.30871e-07
-0.152307 0.781242 -1.23315e-07
-0.132114 0.773689 -1.16048e-07
-0.0990362 0.762378 -1.09352e-07
-0.0543435 0.747744 -1.03482e-07
0.000246145 0.73035 -9.86651e-08
0.062635 0.710863 -9.50856e-08
0.130425 0.690034 -9.28813e-08
0.201013 0.668661 -9.21368e-08
0.271684 0.647567 -9.28809e-08
0.339723 0.627562 -9.50849e-08
0.402516 0.609414 -9.86641e-08
0.45765 0.593822 -1.03481e-07
0.503005 0.581385 -1.0935e-07
0.536839 0.572579 -1.16047e-07
0.557853 0.567745 -1.23313e-07
0.565237 0.567066 -1.3087e-07
0.558709 0.570571 -1.38426e-07
0.538519 0.578123 -1.45693e-07
0.505444 0.589433 -1.52389e-07
0.460753 0.604066 -1.58259e-07
0.406166 0.62146 -1.63077e-07
0.343778 0.640946 -1.66656e-07
0.275989 0.661776 -1.68861e-07
0.205402 0.683148 -1.69606e-07
0.134731 0.704243 -1.68862e-07
0.0666905 0.724248 -1.66658e-07
0.00389602 0.742396 -1.63079e-07
-0.0512395 0.757989 -1.58263e-07
-0.0965973 0.770427 -1.52393e-07
-0.130434 0.779233 -1.45697e-07
-0.151451 0.784069 -1.38431e-07
-0.158838 0.784748 -1.30875e-07
-0.152313 0.781244 -1.23318e-07
-0.132126 0.773693 -1.16052e-07
-0.0990535 0.762384 -1.09355e-07
-0.0543656 0.747751 -1.03485e-07
0.000220129 0.730358 -9.86669e-08
0.062606 0.710872 -9.50869e-08
0.130395 0.690043 -9.28819e-08
0.200981 0.66867 -9.21368e-08
0.271653 0.647576 -9.28803e-08
0.339694 0.62757 -9.50836e-08
0.40249 0.609422 -9.86623e-08
0.457627 0.593829 -1.03479e-07
0.502987 0.581389 -1.09348e-07
0.536827 0.572582 -1.16044e-07
0.557846 0.567746 -1.2331e-07
0.565237 0.567066 -1.30866e-07
0.558715 0.570568 -1.38423e-07
0.538531 0.578119 -1.45689e-07
0.505461 0.589427 -1.52387e-07
0.460776 0.604059 -1.58257e-07
0.406192 0.621452 -1.63075e-07
0.343807 0.640937 -1.66655e-07
0.27602 0.661766 -1.6886e-07
0.205434 0.683139 -1.69606e-07
0.134762 0.704233 -1.68863e-07
0.0667196 0.72424 -1.6666e-07
0.00392225 0.742388 -1.63081e-07
-0.0512171 0.757982 -1.58265e-07
-0.0965797 0.770422 -1.52396e-07
-0.130422 0.77923 -1.457e-07
-0.151444 0.784068 -1.38434e-07
-0.158838 0.784748 -1.30878e-07
-0.152319 0.781247 -1.23321e-07
-0.132138 0.773697 -1.16055e-07
-0.0990708 0.762389 -1.09357e-07
-0.0543877 0.747758 -1.03487e-07
0.000194115 0.730366 -9.86688e-08
0.0625771 0.710881 -9.50881e-08
0.130364 0.690052 -9.28826e-08
0.20095 0.66868 -9.21369e-08
0.271622 0.647585 -9.28796e-08
0.339665 0.627579 -9.50824e-08
0.402464 0.609429 -9.86604e-08
0.457605 0.593835 -1.03476e-07
0.50297 0.581394 -1.09345e-07
0.536815 0.572585 -1.16041e-07
0.55784 0.567747 -1.23306e-07
0.565237 0.567065 -1.30863e-07
0.558721 0.570566 -1.3842e-07
0.538543 0.578115 -1.45686e-07
0.505478 0.589422 -1.52384e-07
0.460798 0.604052 -1.58254e-07
0.406218 0.621444 -1.63073e-07
0.343836 0.640928 -1.66654e-07
0.27605 0.661757 -1.6886e-07
0.205465 0.683129 -1.69606e-07
0.134792 0.704224 -1.68863e-07
0.0667487 0.724231 -1.66661e-07
-0.0463339 0.750389 -1.45873e-07
-0.041835 0.747974 -1.40668e-07
-0.0279255 0.742772 -1.35663e-07
-0.00513988 0.73498 -1.3105e-07
0.0256462 0.7249 -1.27007e-07
0.0632496 0.712918 -1.23688e-07
0.106225 0.699495 -1.21223e-07
0.152922 0.685147 -1.19704e-07
0.201545 0.670424 -1.19191e-07
0.250226 0.655894 -1.19704e-07
0.297094 0.642114 -1.21222e-07
0.340349 0.629613 -1.23688e-07
0.378327 0.618873 -1.27006e-07
0.409569 0.610305 -1.31049e-07
0.432876 0.60424 -1.35662e-07
0.447351 0.600909 -1.40667e-07
0.452437 0.600442 -1.45872e-07
0.447941 0.602856 -1.51077e-07
0.434033 0.608058 -1.56083e-07
0.411249 0.615849 -1.60696e-07
0.380465 0.625929 -1.64739e-07
0.342863 0.637911 -1.68057e-07
0.299888 0.651333 -1.70523e-07
0.253192 0.665681 -1.72042e-07
0.204569 0.680404 -1.72555e-07
0.155888 0.694934 -1.72043e-07
0.109019 0.708715 -1.70525e-07
0.0657638 0.721216 -1.68059e-07
0.0277843 0.731957 -1.64741e-07
-0.00345991 0.740525 -1.60699e-07
-0.0267682 0.746591 -1.56086e-07
-0.041245 0.749922 -1.51081e-07
-0.0463338 0.75039 -1.45876e-07
-0.0418391 0.747976 -1.4067e-07
-0.0279336 0.742774 -1.35665e-07
-0.0051518 0.734984 -1.31052e-07
0.025631 0.724905 -1.27008e-07
0.0632317 0.712924 -1.2369e-07
0.106206 0.699501 -1.21224e-07
0.152901 0.685153 -1.19705e-07
0.201524 0.670431 -1.19191e-07
0.250205 0.6559 -1.19704e-07
0.297074 0.642119 -1.21221e-07
0.340331 0.629618 -1.23686e-07
0.378311 0.618877 -1.27004e-07
0.409557 0.610308 -1.31047e-07
0.432868 0.604242 -1.35659e-07
0.447346 0.60091 -1.40665e-07
0.452437 0.600442 -1.4587e-07
0.447945 0.602854 -1.51075e-07
0.434041 0.608056 -1.56081e-07
0.411261 0.615845 -1.60694e-07
0.38048 0.625924 -1.64737e-07
0.342881 0.637905 -1.68056e-07
0.299908 0.651327 -1.70522e-07
0.253213 0.665675 -1.72042e-07
0.204591 0.680397 -1.72555e-07
0.155909 0.694928 -1.72043e-07
0.109039 0.708709 -1.70526e-07
0.0657819 0.721211 -1.68061e-07
0.0277997 0.731952 -1.64743e-07
-0.00344778 0.740522 -1.607e-07
-0.0267598 0.746589 -1.56088e-07
0.0758107 0.713339 -1.55112e-07
0.0781045 0.712107 -1.52458e-07
0.0851963 0.709455 -1.49906e-07
0.0968136 0.705482 -1.47554e-07
0.11251 0.700343 -1.45493e-07
0.131682 0.694234 -1.43801e-07
0.153594 0.68739 -1.42544e-07
0.177402 0.680075 -1.4177e-07
0.202193 0.672568 -1.41508e-07
0.227013 0.66516 -1.41769e-07
0.250909 0.658134 -1.42543e-07
0.272962 0.651761 -1.43801e-07
0.292325 0.646284 -1.45492e-07
0.308254 0.641916 -1.47554e-07
0.320137 0.638824 -1.49905e-07
0.327517 0.637126 -1.52457e-07
0.330111 0.636888 -1.55111e-07
0.327818 0.638118 -1.57765e-07
0.320727 0.640771 -1.60317e-07
0.309111 0.644743 -1.62669e-07
0.293415 0.649882 -1.64731e-07
0.274244 0.655991 -1.66423e-07
0.252333 0.662835 -1.6768e-07
0.228525 0.67015 -1.68454e-07
0.203734 0.677656 -1.68716e-07
0.178914 0.685065 -1.68454e-07
0.155018 0.692091 -1.67681e-07
0.132964 0.698464 -1.66424e-07
0.1136 0.703941 -1.64732e-07
0.0976702 0.708309 -1.62671e-07
0.0857863 0.711402 -1.60319e-07
0.0784053 0.7131 -1.57767e-07
0.202902 0.675019 -1.58232e-07
