-0.0780588 0.547602 -0.390675
-0.2628 0.514627 -0.382076
-0.261514 0.531136 -0.368958
-0.253141 0.548028 -0.356344
-0.238005 0.564653 -0.344719
-0.216687 0.580373 -0.33453
-0.190006 0.594583 -0.326167
-0.158988 0.606738 -0.319953
-0.124823 0.61637 -0.316127
-0.0888262 0.62311 -0.314835
-0.0523798 0.626697 -0.316126
-0.0168845 0.626996 -0.319952
0.0162956 0.623993 -0.326166
0.0458855 0.617804 -0.334528
0.070748 0.608668 -0.344717
0.0899278 0.596935 -0.356341
0.102688 0.583056 -0.368955
0.108538 0.567564 -0.382073
0.107253 0.551055 -0.395191
0.0988819 0.534164 -0.407805
0.0837473 0.517539 -0.41943
0.0624305 0.501819 -0.42962
0.0357505 0.487608 -0.437983
0.00473262 0.475453 -0.444197
-0.0294311 0.46582 -0.448024
-0.0654279 0.45908 -0.449317
-0.101874 0.455491 -0.448026
-0.13737 0.455192 -0.444201
-0.170551 0.458194 -0.437988
-0.200142 0.464382 -0.429626
-0.225005 0.473518 -0.419438
-0.244186 0.485251 -0.407813
-0.256948 0.499129 -0.3952
-0.438587 0.469904 -0.356609
-0.436063 0.502288 -0.330877
-0.419641 0.535421 -0.306134
-0.38995 0.568033 -0.283331
-0.348133 0.598868 -0.263343
-0.295796 0.626743 -0.24694
-0.234951 0.650585 -0.234751
-0.167935 0.66948 -0.227245
-0.0973245 0.6827 -0.22471
-0.0258322 0.689737 -0.227244
0.0437943 0.690322 -0.234749
0.10888 0.684432 -0.246937
0.166922 0.672293 -0.263339
0.215692 0.654371 -0.283326
0.253314 0.631355 -0.306129
0.278344 0.604131 -0.330871
0.289819 0.573743 -0.356603
0.287298 0.54136 -0.382335
0.270878 0.508226 -0.407078
0.241191 0.475615 -0.429882
0.199376 0.444779 -0.44987
0.147042 0.416903 -0.466274
0.0861979 0.39306 -0.478464
0.0191833 0.374164 -0.485971
-0.051427 0.360943 -0.488507
-0.122919 0.353904 -0.485975
-0.192547 0.353318 -0.478471
-0.257633 0.359206 -0.466284
-0.315678 0.371344 -0.449882
-0.36445 0.389265 -0.429896
-0.402075 0.412279 -0.407094
-0.427107 0.439503 -0.382352
-0.438585 0.46989 -0.35662
-0.436067 0.502273 -0.330888
-0.419651 0.535407 -0.306144
-0.389966 0.568019 -0.28334
-0.348154 0.598855 -0.263351
-0.295821 0.626731 -0.246946
-0.234979 0.650576 -0.234755
-0.167966 0.669472 -0.227247
-0.0973561 0.682695 -0.22471
-0.0258636 0.689736 -0.227241
0.0437644 0.690323 -0.234744
0.108852 0.684436 -0.24693
0.166898 0.672299 -0.263331
0.215673 0.65438 -0.283316
0.2533 0.631367 -0.306118
0.278336 0.604144 -0.33086
0.289817 0.573757 -0.356591
0.287302 0.541375 -0.382324
0.270889 0.508241 -0.407068
0.241207 0.475629 -0.429872
0.199397 0.444792 -0.449862
0.147067 0.416915 -0.466268
0.0862263 0.393069 -0.47846
0.0192139 0.374171 -0.485969
-0.0513954 0.360947 -0.488507
-0.122888 0.353906 -0.485977
-0.192517 0.353316 -0.478475
-0.257606 0.359202 -0.46629
-0.315654 0.371338 -0.44989
-0.36443 0.389256 -0.429906
-0.402061 0.412268 -0.407105
-0.598664 0.415151 -0.315252
-0.595 0.462164 -0.277895
-0.571158 0.510267 -0.241974
-0.528054 0.557611 -0.208869
-0.467345 0.602378 -0.179851
-0.391364 0.642845 -0.156037
-0.30303 0.677459 -0.138342
-0.205738 0.70489 -0.127445
-0.103227 0.724082 -0.123765
0.000563747 0.734299 -0.127443
0.101646 0.735148 -0.138339
0.196135 0.726597 -0.156033
0.2804 0.708973 -0.179846
0.351203 0.682955 -0.208862
0.405822 0.649542 -0.241966
0.44216 0.610018 -0.277887
0.458819 0.565902 -0.315244
0.455159 0.518889 -0.352601
0.431321 0.470786 -0.388522
0.388222 0.423441 -0.421629
0.327516 0.378674 -0.450647
0.251538 0.338205 -0.474462
0.163206 0.30359 -0.492159
0.0659161 0.276158 -0.503058
-0.0365941 0.256963 -0.506739
-0.140385 0.246744 -0.503063
-0.241468 0.245893 -0.492168
-0.335959 0.254442 -0.474476
-0.420227 0.272064 -0.450664
-0.491033 0.29808 -0.421649
-0.545656 0.331492 -0.388545
-0.581998 0.371015 -0.352625
-0.598661 0.41513 -0.315269
-0.595006 0.462143 -0.277911
-0.571173 0.510246 -0.241989
-0.528077 0.557591 -0.208882
-0.467375 0.602359 -0.179863
-0.3914 0.642828 -0.156047
-0.303071 0.677445 -0.138348
-0.205783 0.704879 -0.127448
-0.103273 0.724076 -0.123765
0.000518182 0.734297 -0.12744
0.101602 0.73515 -0.138332
0.196095 0.726603 -0.156024
0.280366 0.708983 -0.179834
0.351175 0.682968 -0.208848
0.405802 0.649558 -0.241951
0.442148 0.610036 -0.277871
0.458816 0.565922 -0.315227
0.455165 0.51891 -0.352584
0.431336 0.470807 -0.388507
0.388245 0.423461 -0.421615
0.327547 0.378693 -0.450635
0.251574 0.338222 -0.474453
0.163248 0.303604 -0.492153
0.0659606 0.276168 -0.503054
-0.0365482 0.25697 -0.506739
-0.14034 0.246747 -0.503066
-0.241425 0.245891 -0.492175
-0.33592 0.254437 -0.474485
-0.420192 0.272054 -0.450676
-0.491005 0.298067 -0.421663
-0.545636 0.331476 -0.388561
-0.581986 0.370996 -0.352641
-0.598658 0.41511 -0.315285
-0.595012 0.462122 -0.277928
-0.571188 0.510225 -0.242005
-0.5281 0.55757 -0.208896
-0.467406 0.60234 -0.179875
-0.391437 0.642812 -0.156056
-0.303112 0.677432 -0.138355
-0.205827 0.704869 -0.127451
-0.103319 0.724069 -0.123765
0.000472617 0.734294 -0.127437
0.101559 0.735152 -0.138326
0.196056 0.726608 -0.156014
0.280331 0.708993 -0.179822
0.351147 0.682981 -0.208834
0.405782 0.649574 -0.241936
0.442136 0.610055 -0.277854
0.458813 0.565942 -0.31521
0.455171 0.518931 -0.352568
0.431351 0.470828 -0.388492
0.388268 0.423482 -0.421601
0.327577 0.378712 -0.450623
0.251611 0.338239 -0.474443
0.163289 0.303617 -0.492146
0.066005 0.276178 -0.503051
-0.0365024 0.256976 -0.506739
-0.140294 0.246749 -0.503069
-0.241381 0.24589 -0.492181
-0.73688 0.352471 -0.259595
-0.732216 0.412308 -0.212049
-0.701871 0.473532 -0.16633
-0.64701 0.533789 -0.124195
-0.569742 0.590766 -0.0872628
-0.473036 0.642272 -0.0569533
-0.360608 0.686327 -0.0344311
-0.236779 0.721239 -0.0205615
-0.106307 0.745667 -0.0158777
0.0257938 0.758671 -0.0205595
0.154447 0.759751 -0.034427
0.274709 0.748867 -0.0569474
0.381958 0.726437 -0.0872553
0.472073 0.693322 -0.124186
0.541591 0.650795 -0.16632
0.587839 0.60049 -0.212039
0.609042 0.544341 -0.259585
0.604384 0.484505 -0.307131
0.574045 0.423281 -0.352851
0.519189 0.363023 -0.394987
0.441926 0.306045 -0.43192
0.345224 0.254538 -0.462231
0.232799 0.210481 -0.484755
0.108972 0.175566 -0.498627
-0.0214993 0.151137 -0.503313
-0.1536 0.13813 -0.498633
-0.282255 0.137047 -0.484768
-0.402519 0.147928 -0.462249
-0.509772 0.170356 -0.431943
-0.599891 0.203469 -0.395013
-0.669413 0.245994 -0.35288
-0.715668 0.296297 -0.307162
-0.736876 0.352445 -0.259616
-0.732224 0.412281 -0.21207
-0.70189 0.473505 -0.166349
-0.647039 0.533763 -0.124212
-0.569781 0.590742 -0.0872777
-0.473082 0.64225 -0.0569651
-0.360661 0.686309 -0.0344392
-0.236836 0.721226 -0.0205657
-0.106366 0.745658 -0.0158777
0.0257358 0.758668 -0.0205553
0.154392 0.759754 -0.0344189
0.274659 0.748875 -0.0569357
0.381914 0.726449 -0.0872403
0.472038 0.693339 -0.124168
0.541565 0.650815 -0.1663
0.587824 0.600514 -0.212018
0.609039 0.544367 -0.259564
0.604392 0.484532 -0.30711
0.574064 0.423308 -0.352831
0.519219 0.363049 -0.394969
0.441964 0.306069 -0.431905
0.34527 0.254559 -0.46222
0.232851 0.210498 -0.484747
0.109028 0.17558 -0.498623
-0.0214409 0.151145 -0.503313
-0.153542 0.138133 -0.498637
-0.2822 0.137044 -0.484776
-0.402469 0.147921 -0.462261
-0.509728 0.170344 -0.431958
-0.599855 0.203452 -0.395031
-0.669388 0.245973 -0.3529
-0.715653 0.296273 -0.307183
-0.736872 0.35242 -0.259638
-0.732232 0.412254 -0.21209
-0.701909 0.473478 -0.166369
-0.647069 0.533737 -0.12423
-0.569819 0.590718 -0.0872927
-0.473129 0.642229 -0.0569768
-0.360713 0.686292 -0.0344473
-0.236892 0.721213 -0.0205698
-0.106424 0.74565 -0.0158777
0.0256778 0.758664 -0.0205512
0.154336 0.759756 -0.0344108
0.274608 0.748882 -0.0569239
0.38187 0.726462 -0.0872254
0.472002 0.693355 -0.124151
0.541539 0.650836 -0.166281
0.587809 0.600537 -0.211997
0.609035 0.544392 -0.259542
0.6044 0.484558 -0.30709
0.574083 0.423335 -0.352812
0.519248 0.363075 -0.394952
0.442003 0.306093 -0.43189
0.345317 0.254581 -0.462208
0.232904 0.210516 -0.484739
0.109085 0.175593 -0.498619
-0.0213825 0.151153 -0.503313
-0.153484 0.138136 -0.498641
-0.282144 0.137042 -0.484784
-0.402418 0.147913 -0.462272
-0.509684 0.170331 -0.431973
-0.59982 0.203435 -0.395049
-0.669362 0.245953 -0.352919
-0.715637 0.29625 -0.307204
-0.736869 0.352394 -0.259659
-0.732239 0.412227 -0.212111
-0.701928 0.473451 -0.166388
-0.647098 0.533711 -0.124247
-0.569858 0.590694 -0.0873076
-0.473175 0.642208 -0.0569886
-0.360766 0.686274 -0.0344554
-0.236949 0.7212 -0.0205739
-0.106482 0.745642 -0.0158777
0.0256198 0.758661 -0.0205471
0.154281 0.759758 -0.0344028
0.274557 0.74889 -0.0569122
0.381827 0.726474 -0.0872104
0.471967 0.693372 -0.124133
0.541513 0.650857 -0.166261
0.587794 0.600561 -0.211976
0.609031 0.544418 -0.259521
0.604408 0.484585 -0.307069
0.574102 0.423362 -0.352792
0.519277 0.363101 -0.394934
-0.847922 0.284274 -0.191777
-0.842439 0.354635 -0.135869
-0.806756 0.426626 -0.0821084
-0.742247 0.497482 -0.0325627
-0.651389 0.56448 0.0108647
-0.537674 0.625044 0.0465049
-0.405473 0.676848 0.0729883
-0.259865 0.7179 0.0892972
-0.106446 0.746624 0.0948049
0.0488883 0.761915 0.0892996
0.200169 0.763186 0.0729931
0.341582 0.750388 0.0465118
0.467694 0.724012 0.0108735
0.573658 0.685073 -0.0325523
0.655402 0.635066 -0.0820969
0.709785 0.575914 -0.135856
0.734717 0.509889 -0.191765
0.72924 0.439529 -0.247674
0.693564 0.367538 -0.301434
0.629061 0.296681 -0.350981
0.538209 0.229683 -0.39441
0.424499 0.169117 -0.430052
0.292301 0.117311 -0.456538
0.146695 0.0762558 -0.472849
-0.00672258 0.0475293 -0.478359
-0.162057 0.0322351 -0.472856
-0.313339 0.0309612 -0.456552
-0.454756 0.0437564 -0.430073
-0.580871 0.070129 -0.394437
-0.68684 0.109066 -0.351012
-0.76859 0.15907 -0.301469
-0.82298 0.21822 -0.24771
-0.847918 0.284244 -0.191802
-0.842448 0.354603 -0.135893
-0.806779 0.426595 -0.0821314
-0.742281 0.497452 -0.0325833
-0.651434 0.564451 0.0108471
-0.537729 0.625019 0.0464911
-0.405535 0.676827 0.0729788
-0.259932 0.717885 0.0892924
-0.106515 0.746614 0.0948049
0.0488201 0.761911 0.0893045
0.200104 0.763188 0.0730026
0.341523 0.750396 0.0465257
0.467643 0.724027 0.0108911
0.573616 0.685093 -0.0325317
0.655372 0.635091 -0.082074
0.709768 0.575942 -0.135832
0.734713 0.50992 -0.19174
0.729249 0.439561 -0.247649
0.693587 0.36757 -0.301412
0.629095 0.296712 -0.350961
0.538254 0.229711 -0.394393
0.424553 0.169142 -0.430039
0.292363 0.117332 -0.456528
0.146762 0.0762713 -0.472844
-0.00665392 0.047539 -0.478359
-0.161989 0.0322388 -0.472861
-0.313274 0.0309586 -0.456562
-0.454696 0.0437477 -0.430087
-0.58082 0.0701145 -0.394454
-0.686799 0.109046 -0.351033
-0.76856 0.159046 -0.301492
-0.822962 0.218192 -0.247735
-0.847914 0.284213 -0.191827
-0.842457 0.354572 -0.135917
-0.806801 0.426563 -0.0821544
-0.742316 0.497421 -0.032604
-0.65148 0.564423 0.0108296
-0.537784 0.624994 0.0464773
-0.405597 0.676807 0.0729693
-0.259998 0.717869 0.0892875
-0.106584 0.746604 0.0948049
0.0487519 0.761908 0.0893093
0.200039 0.763191 0.0730121
0.341463 0.750405 0.0465395
0.467591 0.724041 0.0109087
0.573575 0.685112 -0.032511
0.655342 0.635115 -0.082051
0.70975 0.57597 -0.135808
0.734709 0.50995 -0.191715
0.729258 0.439593 -0.247625
0.693609 0.367601 -0.301389
0.62913 0.296743 -0.35094
0.5383 0.22974 -0.394375
0.424608 0.169167 -0.430025
0.292424 0.117352 -0.456519
0.146828 0.0762869 -0.472839
-0.00658525 0.0475488 -0.478359
-0.161921 0.0322425 -0.472866
-0.313209 0.0309561 -0.456571
-0.454637 0.043739 -0.430101
-0.580768 0.0701 -0.394472
-0.686757 0.109026 -0.351054
-0.76853 0.159021 -0.301515
-0.822944 0.218165 -0.247759
-0.847909 0.284183 -0.191852
-0.842466 0.35454 -0.135942
-0.806823 0.426531 -0.0821774
-0.74235 0.49739 -0.0326247
-0.651525 0.564395 0.010812
-0.537839 0.624969 0.0464635
-0.405658 0.676786 0.0729598
-0.260065 0.717854 0.0892827
-0.106652 0.746595 0.0948049
0.0486837 0.761904 0.0893142
0.199974 0.763194 0.0730216
0.341404 0.750414 0.0465533
0.467539 0.724056 0.0109263
0.573533 0.685132 -0.0324903
0.655311 0.635139 -0.082028
0.709732 0.575998 -0.135783
0.734704 0.50998 -0.19169
0.729268 0.439624 -0.2476
0.693631 0.367633 -0.301366
0.629165 0.296773 -0.350919
0.538345 0.229768 -0.394358
0.424663 0.169192 -0.430011
0.292486 0.117373 -0.456509
0.146895 0.0763024 -0.472835
-0.00651658 0.0475586 -0.478359
-0.161853 0.0322462 -0.472871
-0.313144 0.0309535 -0.456581
-0.454577 0.0437303 -0.430115
-0.580717 0.0700854 -0.394489
-0.686715 0.109006 -0.351074
-0.768499 0.158997 -0.301538
-0.822927 0.218137 -0.247783
-0.847905 0.284153 -0.191877
-0.842475 0.354508 -0.135966
-0.806845 0.426499 -0.0822003
-0.742385 0.49736 -0.0326454
-0.651571 0.564366 0.0107944
-0.537893 0.624944 0.0464496
-0.40572 0.676765 0.0729502
-0.260131 0.717838 0.0892778
-0.927525 0.21318 -0.114404
-0.921432 0.291361 -0.0522815
-0.881784 0.371354 0.0074537
-0.810104 0.450085 0.0625061
-0.709148 0.524529 0.11076
-0.582795 0.591825 0.150362
-0.435901 0.649386 0.179788
-0.274109 0.695001 0.19791
-0.103639 0.726917 0.20403
0.0689598 0.743908 0.197913
0.237054 0.74532 0.179794
0.394185 0.731099 0.150369
0.534313 0.701792 0.11077
0.652054 0.658525 0.0625176
0.742884 0.602961 0.00746647
0.803311 0.537234 -0.052268
0.831014 0.463871 -0.11439
0.824928 0.385691 -0.176513
0.785287 0.305698 -0.236249
0.713615 0.226967 -0.291303
0.612665 0.152522 -0.339558
0.486317 0.0852242 -0.379162
0.339426 0.0276604 -0.408591
0.177637 -0.0179577 -0.426715
0.00716818 -0.049877 -0.432838
-0.165431 -0.0668709 -0.426723
-0.333527 -0.0682865 -0.408607
-0.490661 -0.0540692 -0.379185
-0.630793 -0.0247654 -0.339588
-0.74854 0.0184987 -0.291337
-0.839376 0.0740606 -0.236287
-0.89981 0.139785 -0.176554
-0.92752 0.213147 -0.114432
-0.921442 0.291326 -0.0523086
-0.881808 0.371319 0.00742817
-0.810143 0.450051 0.0624832
-0.709199 0.524497 0.110741
-0.582856 0.591797 0.150346
-0.435969 0.649363 0.179778
-0.274183 0.694984 0.197905
-0.103715 0.726906 0.20403
0.068884 0.743904 0.197918
0.236982 0.745323 0.179804
0.394119 0.731109 0.150385
0.534256 0.701808 0.110789
0.652008 0.658547 0.0625406
0.74285 0.602988 0.007492
0.803291 0.537265 -0.0522409
0.831009 0.463905 -0.114363
0.824938 0.385726 -0.176486
0.785312 0.305734 -0.236223
0.713653 0.227001 -0.29128
0.612715 0.152553 -0.339539
0.486377 0.085252 -0.379147
0.339495 0.0276834 -0.408581
0.177711 -0.0179404 -0.42671
0.00724448 -0.0498661 -0.432838
-0.165355 -0.0668668 -0.426729
-0.333455 -0.0682893 -0.408618
-0.490595 -0.0540789 -0.3792
-0.630736 -0.0247816 -0.339607
-0.748494 0.0184767 -0.29136
-0.839342 0.0740337 -0.236313
-0.89979 0.139754 -0.176581
-0.927516 0.213113 -0.114459
-0.921452 0.291291 -0.0523357
-0.881833 0.371284 0.00740264
-0.810181 0.450017 0.0624602
-0.709249 0.524466 0.110721
-0.582917 0.591769 0.150331
-0.436038 0.64934 0.179767
-0.274257 0.694967 0.197899
-0.103792 0.726896 0.20403
0.0688082 0.7439 0.197923
0.23691 0.745326 0.179815
0.394053 0.731119 0.1504
0.534198 0.701825 0.110809
0.651961 0.658569 0.0625636
0.742816 0.603015 0.00751752
0.803272 0.537296 -0.0522138
0.831004 0.463939 -0.114335
0.824948 0.385762 -0.176459
0.785337 0.305769 -0.236198
0.713691 0.227035 -0.291257
0.612766 0.152585 -0.339519
0.486438 0.0852798 -0.379131
0.339563 0.0277063 -0.40857
0.177785 -0.0179232 -0.426704
0.00732078 -0.0498552 -0.432838
-0.165279 -0.0668627 -0.426734
-0.333382 -0.0682922 -0.408628
-0.490528 -0.0540885 -0.379216
-0.630679 -0.0247977 -0.339627
-0.748447 0.0184547 -0.291383
-0.839308 0.0740067 -0.236338
-0.899771 0.139723 -0.176608
-0.927511 0.213079 -0.114487
-0.921462 0.291256 -0.0523628
-0.881858 0.371248 0.00737711
-0.81022 0.449983 0.0624372
-0.7093 0.524434 0.110702
-0.582978 0.591741 0.150315
-0.436107 0.649317 0.179757
-0.274331 0.694949 0.197894
-0.103868 0.726885 0.20403
0.0687325 0.743896 0.197929
0.236837 0.745328 0.179825
0.393986 0.731128 0.150415
0.534141 0.701841 0.110829
0.651915 0.658591 0.0625865
0.742783 0.603042 0.00754305
0.803252 0.537327 -0.0521867
0.830999 0.463972 -0.114307
0.824958 0.385797 -0.176432
0.785361 0.305804 -0.236172
0.71373 0.227069 -0.291234
0.612816 0.152616 -0.3395
0.486499 0.0853075 -0.379116
0.339632 0.0277293 -0.408559
0.177859 -0.0179059 -0.426699
0.00739708 -0.0498443 -0.432838
-0.165204 -0.0668586 -0.426739
-0.33331 -0.068295 -0.408639
-0.490462 -0.0540982 -0.379231
-0.630621 -0.0248138 -0.339646
-0.748401 0.0184328 -0.291406
-0.839275 0.0739797 -0.236364
-0.899751 0.139692 -0.176635
-0.927506 0.213046 -0.114515
-0.921473 0.291221 -0.0523899
-0.881883 0.371213 0.00735158
-0.810258 0.449949 0.0624142
-0.709351 0.524403 0.110682
-0.583038 0.591713 0.1503
-0.436175 0.649294 0.179746
-0.274405 0.694932 0.197888
-0.103944 0.726874 0.20403
0.0686567 0.743891 0.197934
0.236765 0.745331 0.179836
0.39392 0.731138 0.150431
0.534084 0.701857 0.110848
0.651869 0.658613 0.0626095
0.742749 0.603069 0.00756858
0.803232 0.537358 -0.0521596
0.830995 0.464006 -0.11428
0.824969 0.385832 -0.176405
0.785386 0.30584 -0.236147
0.713768 0.227103 -0.291211
0.612867 0.152648 -0.33948
0.48656 0.0853353 -0.3791
0.339701 0.0277522 -0.408549
-0.972629 0.141922 -0.030449
-0.96616 0.224919 0.0355001
-0.92407 0.309839 0.0989149
-0.847975 0.39342 0.157358
-0.740801 0.472449 0.208585
-0.606665 0.54389 0.250625
-0.450722 0.604997 0.281865
-0.278964 0.653422 0.301103
-0.0979934 0.687304 0.307599
0.085237 0.705341 0.301106
0.263686 0.70684 0.281871
0.430495 0.691743 0.250634
0.579255 0.660631 0.208595
0.704249 0.614699 0.157371
0.800673 0.555712 0.0989284
0.864822 0.485937 0.0355145
0.894232 0.408055 -0.0304343
0.887771 0.325059 -0.0963836
0.845688 0.240139 -0.159799
0.769601 0.156557 -0.218244
0.662433 0.0775269 -0.269472
0.528302 0.00608405 -0.311515
0.372363 -0.0550255 -0.342757
0.200609 -0.103454 -0.361998
0.0196392 -0.137339 -0.368497
-0.163592 -0.15538 -0.362006
-0.342042 -0.156883 -0.342774
-0.508855 -0.141789 -0.31154
-0.657619 -0.110681 -0.269503
-0.782619 -0.0647516 -0.218281
-0.87905 -0.00576719 -0.15984
-0.943207 0.0640059 -0.0964268
-0.972624 0.141886 -0.0304783
-0.966171 0.224881 0.0354714
-0.924096 0.309801 0.0988878
-0.848016 0.393383 0.157334
-0.740854 0.472415 0.208564
-0.606729 0.54386 0.250609
-0.450795 0.604972 0.281854
-0.279043 0.653403 0.301097
-0.0980744 0.687292 0.307599
0.0851566 0.705337 0.301111
0.263609 0.706843 0.281882
0.430425 0.691754 0.25065
0.579194 0.660648 0.208616
0.704199 0.614722 0.157395
0.800637 0.555741 0.0989555
0.864801 0.48597 0.0355433
0.894227 0.408091 -0.0304049
0.887782 0.325096 -0.0963549
0.845715 0.240176 -0.159772
0.769642 0.156594 -0.21822
0.662486 0.0775603 -0.269452
0.528367 0.00611354 -0.311499
0.372436 -0.0550012 -0.342746
0.200687 -0.103435 -0.361992
0.0197202 -0.137328 -0.368497
-0.163511 -0.155375 -0.362012
-0.341965 -0.156886 -0.342785
-0.508784 -0.1418 -0.311556
-0.657558 -0.110698 -0.269524
-0.782569 -0.0647749 -0.218305
-0.879014 -0.00579583 -0.159867
-0.943186 0.063973 -0.0964556
-0.972619 0.14185 -0.0305076
-0.966182 0.224844 0.0354426
-0.924122 0.309764 0.0988607
-0.848057 0.393347 0.15731
-0.740908 0.472382 0.208543
-0.606794 0.543831 0.250593
-0.450867 0.604948 0.281842
-0.279121 0.653385 0.301091
-0.0981554 0.687281 0.307599
0.0850761 0.705332 0.301117
0.263532 0.706846 0.281893
0.430355 0.691764 0.250666
0.579133 0.660665 0.208637
0.70415 0.614746 0.157419
0.800601 0.555769 0.0989826
0.864781 0.486002 0.035572
0.894221 0.408126 -0.0303756
0.887792 0.325134 -0.0963261
0.845741 0.240214 -0.159745
0.769682 0.15663 -0.218195
0.66254 0.0775938 -0.269431
0.528431 0.00614302 -0.311483
0.372509 -0.0549768 -0.342735
0.200766 -0.103417 -0.361986
0.0198012 -0.137316 -0.368497
-0.163431 -0.155371 -0.362018
-0.341888 -0.156889 -0.342797
-0.508714 -0.14181 -0.311572
-0.657497 -0.110715 -0.269545
-0.78252 -0.0647983 -0.218329
-0.878978 -0.00582446 -0.159894
-0.943165 0.0639402 -0.0964843
-0.972614 0.141815 -0.030537
-0.966193 0.224807 0.0354138
-0.924149 0.309726 0.0988336
-0.848098 0.393311 0.157285
-0.740962 0.472348 0.208523
-0.606858 0.543801 0.250577
-0.45094 0.604924 0.281831
-0.2792 0.653367 0.301086
-0.0982364 0.687269 0.307599
0.0849957 0.705328 0.301123
0.263455 0.706849 0.281904
0.430284 0.691774 0.250683
0.579072 0.660683 0.208657
0.704101 0.614769 0.157444
0.800566 0.555798 0.0990097
0.86476 0.486035 0.0356008
0.894216 0.408162 -0.0303463
0.887803 0.325171 -0.0962973
0.845767 0.240251 -0.159718
0.769723 0.156666 -0.218171
0.662594 0.0776273 -0.26941
0.528496 0.0061725 -0.311466
0.372582 -0.0549524 -0.342724
0.200844 -0.103399 -0.361981
0.0198822 -0.137304 -0.368497
-0.16335 -0.155367 -0.362023
-0.341812 -0.156892 -0.342808
-0.508644 -0.14182 -0.311589
-0.657436 -0.110732 -0.269566
-0.782471 -0.0648216 -0.218354
-0.878943 -0.00585309 -0.159921
-0.943144 0.0639073 -0.0965131
-0.972609 0.141779 -0.0305663
-0.966203 0.224769 0.035385
-0.924175 0.309689 0.0988065
-0.848138 0.393275 0.157261
-0.741015 0.472315 0.208502
-0.606923 0.543772 0.25056
-0.451013 0.604899 0.28182
-0.279278 0.653349 0.30108
-0.0983174 0.687258 0.307599
0.0849152 0.705324 0.301128
0.263378 0.706852 0.281915
0.430214 0.691784 0.250699
0.579011 0.6607 0.208678
0.704052 0.614792 0.157468
0.80053 0.555826 0.0990368
0.864739 0.486068 0.0356296
0.894211 0.408198 -0.0303169
0.887814 0.325208 -0.0962685
0.845793 0.240289 -0.159691
0.769764 0.156702 -0.218147
0.662647 0.0776607 -0.269389
0.52856 0.00620199 -0.31145
0.372655 -0.0549281 -0.342712
0.200923 -0.10338 -0.361975
0.0199632 -0.137293 -0.368497
-0.16327 -0.155362 -0.362029
-0.341735 -0.156895 -0.342819
-0.508574 -0.141831 -0.311605
-0.657376 -0.110749 -0.269586
-0.782422 -0.0648449 -0.218378
-0.878907 -0.00588172 -0.159948
-0.943123 0.0638745 -0.0965419
-0.9815 0.0732373 0.0568617
-0.974905 0.15786 0.124103
-0.93199 0.244444 0.18876
-0.854404 0.329663 0.248349
-0.745129 0.410241 0.300579
-0.608365 0.483082 0.343444
-0.449366 0.545386 0.375295
-0.274244 0.59476 0.39491
-0.0897264 0.629306 0.401534
0.0970944 0.647696 0.394913
0.27904 0.649225 0.375301
0.449118 0.633832 0.343452
0.600793 0.60211 0.30059
0.728235 0.555278 0.248362
0.826549 0.495135 0.188774
0.891956 0.423993 0.124118
0.921941 0.344585 0.0568766
0.915354 0.259963 -0.010365
0.872447 0.173379 -0.0750232
0.794868 0.0881595 -0.134613
0.6856 0.00758031 -0.186845
0.548841 -0.0652624 -0.229712
0.389847 -0.127569 -0.261566
0.214727 -0.176946 -0.281184
0.0302112 -0.211496 -0.287811
-0.15661 -0.22989 -0.281193
-0.338557 -0.231422 -0.261583
-0.508638 -0.216034 -0.229737
-0.660318 -0.184315 -0.186877
-0.787767 -0.137486 -0.134651
-0.886088 -0.0773459 -0.0750647
-0.951502 -0.00620565 -0.010409
-0.981495 0.0732008 0.0568318
-0.974916 0.157822 0.124074
-0.932017 0.244406 0.188733
-0.854446 0.329626 0.248324
-0.745184 0.410207 0.300558
-0.608431 0.483051 0.343427
-0.449441 0.545361 0.375284
-0.274324 0.594741 0.394904
-0.089809 0.629294 0.401534
0.0970124 0.647692 0.394919
0.278961 0.649228 0.375313
0.449046 0.633843 0.343469
0.60073 0.602128 0.300611
0.728185 0.555302 0.248386
0.826513 0.495165 0.188802
0.891934 0.424026 0.124147
0.921936 0.344621 0.0569065
0.915365 0.260001 -0.0103357
0.872474 0.173417 -0.0749956
0.79491 0.0881964 -0.134588
0.685655 0.00761443 -0.186824
0.548907 -0.0652324 -0.229695
0.389921 -0.127545 -0.261555
0.214807 -0.176928 -0.281178
0.0302938 -0.211484 -0.287811
-0.156528 -0.229886 -0.281198
-0.338479 -0.231425 -0.261595
-0.508567 -0.216044 -0.229754
-0.660256 -0.184333 -0.186898
-0.787717 -0.13751 -0.134675
-0.886051 -0.0773751 -0.0750923
-0.95148 -0.00623913 -0.0104383
-0.98149 0.0731644 0.0568019
-0.974927 0.157784 0.124044
-0.932043 0.244368 0.188705
-0.854487 0.329589 0.248299
-0.745239 0.410173 0.300537
-0.608497 0.483021 0.343411
-0.449515 0.545336 0.375272
-0.274404 0.594723 0.394898
-0.0898916 0.629282 0.401534
0.0969304 0.647688 0.394925
0.278883 0.649231 0.375324
0.448975 0.633853 0.343485
0.600668 0.602145 0.300632
0.728135 0.555326 0.248411
0.826476 0.495194 0.188829
0.891913 0.42406 0.124176
0.921931 0.344658 0.0569364
0.915376 0.260039 -0.0103063
0.8725 0.173455 -0.074968
0.794952 0.0882333 -0.134564
0.68571 0.00764855 -0.186803
0.548973 -0.0652023 -0.229679
0.389996 -0.12752 -0.261543
0.214887 -0.176909 -0.281172
0.0303764 -0.211472 -0.287811
-0.156446 -0.229881 -0.281204
-0.338401 -0.231428 -0.261606
-0.508495 -0.216054 -0.22977
-0.660194 -0.18435 -0.186919
-0.787666 -0.137534 -0.1347
-0.886015 -0.0774043 -0.0751199
-0.951459 -0.00627261 -0.0104677
-0.981485 0.0731279 0.0567719
-0.974938 0.157746 0.124015
-0.93207 0.24433 0.188677
-0.854529 0.329552 0.248274
-0.745294 0.410138 0.300516
-0.608562 0.482991 0.343394
-0.449589 0.545311 0.375261
-0.274484 0.594704 0.394893
-0.0899742 0.629271 0.401534
0.0968484 0.647683 0.39493
0.278805 0.649234 0.375335
0.448903 0.633864 0.343502
0.600606 0.602163 0.300653
0.728085 0.55535 0.248436
0.82644 0.495223 0.188857
0.891892 0.424093 0.124206
0.921926 0.344694 0.0569664
0.915387 0.260077 -0.010277
0.872527 0.173493 -0.0749403
0.794993 0.0882701 -0.134539
0.685764 0.00768268 -0.186782
0.549039 -0.0651722 -0.229662
0.39007 -0.127495 -0.261532
0.214967 -0.17689 -0.281166
0.030459 -0.211461 -0.287811
-0.156364 -0.229877 -0.28121
-0.338322 -0.231432 -0.261618
-0.508424 -0.216065 -0.229787
-0.660132 -0.184368 -0.186941
-0.787616 -0.137557 -0.134725
-0.885978 -0.0774335 -0.0751476
-0.951438 -0.00630609 -0.010497
-0.98148 0.0730914 0.056742
-0.974949 0.157708 0.123986
-0.932097 0.244292 0.18865
-0.85457 0.329515 0.24825
-0.745348 0.410104 0.300495
-0.608628 0.482961 0.343377
-0.449664 0.545287 0.37525
-0.274564 0.594685 0.394887
-0.0900568 0.629259 0.401534
0.0967664 0.647679 0.394936
0.278727 0.649237 0.375347
0.448831 0.633874 0.343519
0.600544 0.60218 0.300674
0.728035 0.555373 0.248461
0.826403 0.495252 0.188885
0.891871 0.424127 0.124235
0.92192 0.344731 0.0569963
0.915398 0.260115 -0.0102477
0.872554 0.173532 -0.0749127
0.795035 0.088307 -0.134514
0.685819 0.00771681 -0.186761
0.549104 -0.0651422 -0.229646
0.390144 -0.12747 -0.26152
0.215047 -0.176872 -0.28116
0.0305416 -0.211449 -0.287811
-0.156282 -0.229872 -0.281216
-0.338244 -0.231435 -0.261629
-0.508352 -0.216075 -0.229803
-0.66007 -0.184385 -0.186962
-0.787566 -0.137581 -0.13475
-0.885942 -0.0774627 -0.0751752
-0.951417 -0.00633957 -0.0105263
-0.981474 0.0730549 0.0567121
-0.97496 0.15767 0.123956
-0.932124 0.244253 0.188622
-0.953799 0.00976567 0.144173
-0.94733 0.0927629 0.210122
-0.905239 0.177684 0.273538
-0.829144 0.261265 0.331982
-0.721968 0.340295 0.383208
-0.587831 0.411737 0.42525
-0.431887 0.472844 0.456489
-0.260128 0.52127 0.475727
-0.0791557 0.555152 0.482224
0.104076 0.573189 0.47573
0.282527 0.574688 0.456495
0.449337 0.559592 0.425258
0.598098 0.528479 0.383219
0.723093 0.482547 0.331994
0.819518 0.423559 0.273551
0.883668 0.353783 0.210137
0.913078 0.275901 0.144187
0.906617 0.192904 0.0782374
0.864534 0.107983 0.0148213
0.788446 0.0244012 -0.0436241
0.681277 -0.0546301 -0.0948527
0.547145 -0.126074 -0.136896
0.391205 -0.187184 -0.168138
0.219449 -0.235612 -0.187379
0.038478 -0.269498 -0.193879
-0.144754 -0.287539 -0.187388
-0.323206 -0.289041 -0.168155
-0.49002 -0.273948 -0.13692
-0.638786 -0.242839 -0.0948839
-0.763787 -0.19691 -0.0436607
-0.860219 -0.137925 0.0147806
-0.924376 -0.0681512 0.0781943
-0.953794 0.00972989 0.144143
-0.947341 0.0927256 0.210094
-0.905266 0.177646 0.273511
-0.829185 0.261229 0.331957
-0.722022 0.340262 0.383188
-0.587896 0.411707 0.425233
-0.43196 0.47282 0.456478
-0.260207 0.521251 0.475721
-0.0792367 0.555141 0.482224
0.103996 0.573185 0.475736
0.28245 0.574692 0.456506
0.449267 0.559602 0.425274
0.598038 0.528496 0.38324
0.723044 0.48257 0.332018
0.819483 0.423588 0.273578
0.883648 0.353816 0.210165
0.913073 0.275937 0.144217
0.906628 0.192942 0.0782662
0.86456 0.108021 0.0148484
0.788487 0.0244374 -0.0435997
0.681331 -0.0545966 -0.094832
0.54721 -0.126044 -0.13688
0.391278 -0.187159 -0.168127
0.219528 -0.235594 -0.187373
0.038559 -0.269486 -0.193879
-0.144674 -0.287534 -0.187393
-0.32313 -0.289044 -0.168166
-0.48995 -0.273959 -0.136937
-0.638725 -0.242856 -0.0949046
-0.763738 -0.196933 -0.0436851
-0.860183 -0.137953 0.0147535
-0.924355 -0.068184 0.0781655
-0.953789 0.00969411 0.144114
-0.947352 0.0926882 0.210065
-0.905292 0.177609 0.273483
-0.829226 0.261193 0.331933
-0.722076 0.340228 0.383167
-0.58796 0.411678 0.425217
-0.432033 0.472796 0.456467
-0.260285 0.521233 0.475716
-0.0793177 0.555129 0.482224
0.103915 0.573181 0.475741
0.282373 0.574695 0.456517
0.449197 0.559612 0.42529
0.597977 0.528513 0.38326
0.722995 0.482593 0.332043
0.819447 0.423616 0.273605
0.883627 0.353849 0.210194
0.913068 0.275972 0.144246
0.906639 0.192979 0.078295
0.864587 0.108058 0.0148755
0.788528 0.0244735 -0.0435753
0.681384 -0.0545631 -0.0948113
0.547274 -0.126015 -0.136863
0.391351 -0.187135 -0.168116
0.219606 -0.235575 -0.187368
0.03864 -0.269475 -0.193879
-0.144593 -0.28753 -0.187399
-0.323053 -0.289048 -0.168178
-0.48988 -0.273969 -0.136953
-0.638664 -0.242874 -0.0949253
-0.763688 -0.196956 -0.0437095
-0.860147 -0.137982 0.0147264
-0.924334 -0.0682169 0.0781367
-0.953783 0.00965834 0.144085
-0.947362 0.0926509 0.210036
-0.905318 0.177572 0.273456
-0.829266 0.261157 0.331908
-0.722129 0.340195 0.383146
-0.588025 0.411648 0.425201
-0.432106 0.472771 0.456456
-0.260364 0.521215 0.47571
-0.0793987 0.555118 0.482224
0.103835 0.573176 0.475747
0.282296 0.574698 0.456529
0.449127 0.559623 0.425307
0.597916 0.528531 0.383281
0.722945 0.482617 0.332067
0.819411 0.423645 0.273632
0.883606 0.353882 0.210223
0.913063 0.276008 0.144275
0.90665 0.193016 0.0783237
0.864613 0.108096 0.0149026
0.788568 0.0245097 -0.0435509
0.681438 -0.0545297 -0.0947905
0.547339 -0.125985 -0.136847
0.391424 -0.187111 -0.168105
0.219685 -0.235557 -0.187362
0.038721 -0.269463 -0.193879
-0.144513 -0.287526 -0.187405
-0.322976 -0.289051 -0.168189
-0.48981 -0.273979 -0.136969
-0.638604 -0.242891 -0.0949461
-0.763639 -0.19698 -0.0437338
-0.860112 -0.138011 0.0146993
-0.924314 -0.0682497 0.0781079
-0.953778 0.00962256 0.144055
-0.947373 0.0926136 0.210007
-0.905344 0.177534 0.273429
-0.829307 0.261121 0.331884
-0.722183 0.340161 0.383125
-0.588089 0.411619 0.425184
-0.432178 0.472747 0.456444
-0.260442 0.521197 0.475704
-0.0794797 0.555106 0.482224
0.103755 0.573172 0.475753
0.282219 0.574701 0.45654
0.449057 0.559633 0.425323
0.597855 0.528548 0.383302
0.722896 0.48264 0.332091
0.819375 0.423674 0.27366
0.883585 0.353915 0.210252
0.913058 0.276044 0.144305
0.90666 0.193054 0.0783525
0.864639 0.108133 0.0149297
0.788609 0.0245459 -0.0435265
0.681492 -0.0544962 -0.0947698
0.547403 -0.125956 -0.136831
0.391497 -0.187086 -0.168093
0.219763 -0.235539 -0.187356
0.038802 -0.269452 -0.193879
-0.144433 -0.287521 -0.18741
-0.322899 -0.289054 -0.1682
-0.48974 -0.273989 -0.136986
-0.638543 -0.242908 -0.0949668
-0.76359 -0.197003 -0.0437582
-0.860076 -0.138039 0.0146722
-0.924293 -0.0682825 0.0780792
-0.890588 -0.0460538 0.228129
-0.884495 0.0321284 0.290252
-0.844846 0.112123 0.349989
-0.773165 0.190855 0.405042
-0.672208 0.2653 0.453297
-0.545852 0.332597 0.492899
-0.398955 0.39016 0.522326
-0.237161 0.435776 0.540448
-0.0666874 0.467692 0.546568
0.105915 0.484683 0.540451
0.274012 0.486095 0.522332
0.431145 0.471874 0.492907
0.571276 0.442567 0.453307
0.689019 0.399299 0.405054
0.77985 0.343734 0.350001
0.840279 0.278006 0.290266
0.867982 0.204642 0.228143
0.861896 0.12646 0.166019
0.822255 0.0464658 0.106282
0.750581 -0.0322673 0.051227
0.649629 -0.106714 0.00297037
0.523279 -0.174012 -0.0366338
0.376386 -0.231577 -0.0660636
0.214594 -0.277196 -0.084188
0.0441218 -0.309116 -0.0903106
-0.12848 -0.32611 -0.0841961
-0.29658 -0.327526 -0.0660794
-0.453716 -0.313308 -0.0366568
-0.593851 -0.284004 0.00294106
-0.7116 -0.240739 0.0511925
-0.802437 -0.185176 0.106243
-0.862873 -0.11945 0.165978
-0.890584 -0.0460875 0.228101
-0.884505 0.0320933 0.290225
-0.844871 0.112088 0.349963
-0.773204 0.190821 0.405019
-0.672258 0.265269 0.453278
-0.545913 0.332569 0.492884
-0.399024 0.390137 0.522316
-0.237235 0.435758 0.540443
-0.0667637 0.467681 0.546568
0.105839 0.484679 0.540456
0.27394 0.486098 0.522342
0.431079 0.471884 0.492922
0.571219 0.442583 0.453326
0.688973 0.399321 0.405077
0.779817 0.343761 0.350027
0.840259 0.278037 0.290293
0.867977 0.204675 0.22817
0.861906 0.126495 0.166046
0.822279 0.0465011 0.106307
0.750619 -0.0322332 0.05125
0.64968 -0.106682 0.00298991
0.52334 -0.173985 -0.0366184
0.376454 -0.231554 -0.066053
0.214668 -0.277179 -0.0841826
0.0441981 -0.309105 -0.0903106
-0.128405 -0.326106 -0.0842015
-0.296507 -0.327529 -0.06609
-0.45365 -0.313318 -0.0366722
-0.593794 -0.28402 0.00292152
-0.711554 -0.240761 0.0511696
-0.802404 -0.185203 0.106218
-0.862853 -0.119481 0.165951
-0.890579 -0.0461212 0.228074
-0.884515 0.0320581 0.290198
-0.844896 0.112052 0.349938
-0.773242 0.190787 0.404996
-0.672309 0.265237 0.453258
-0.545974 0.332542 0.492868
-0.399092 0.390114 0.522305
-0.237309 0.435741 0.540438
-0.06684 0.467671 0.546568
0.105763 0.484675 0.540462
0.273867 0.486101 0.522353
0.431013 0.471894 0.492937
0.571161 0.442599 0.453346
0.688927 0.399343 0.4051
0.779783 0.343788 0.350053
0.84024 0.278068 0.29032
0.867973 0.204709 0.228198
0.861917 0.12653 0.166073
0.822304 0.0465364 0.106333
0.750658 -0.0321992 0.051273
0.64973 -0.106651 0.00300945
0.5234 -0.173957 -0.0366031
0.376523 -0.231531 -0.0660424
0.214742 -0.277162 -0.0841772
0.0442744 -0.309094 -0.0903106
-0.128329 -0.326102 -0.0842068
-0.296435 -0.327531 -0.0661006
-0.453584 -0.313328 -0.0366875
-0.593736 -0.284036 0.00290199
-0.711507 -0.240783 0.0511466
-0.80237 -0.18523 0.106192
-0.862833 -0.119512 0.165924
-0.890574 -0.0461549 0.228046
-0.884525 0.0320229 0.290171
-0.84492 0.112017 0.349912
-0.773281 0.190753 0.404973
-0.672359 0.265206 0.453238
-0.546035 0.332514 0.492853
-0.399161 0.390091 0.522295
-0.237383 0.435724 0.540432
-0.0669163 0.46766 0.546568
0.105687 0.484671 0.540467
0.273795 0.486104 0.522363
0.430947 0.471903 0.492953
0.571104 0.442615 0.453365
0.68888 0.399365 0.405123
0.779749 0.343814 0.350078
0.84022 0.278099 0.290347
0.867968 0.204743 0.228226
0.861927 0.126566 0.1661
0.822329 0.0465717 0.106358
0.750696 -0.0321651 0.0512959
0.649781 -0.106619 0.003029
0.523461 -0.173929 -0.0365877
0.376592 -0.231508 -0.0660318
0.214816 -0.277144 -0.0841718
0.0443507 -0.309083 -0.0903106
-0.128253 -0.326098 -0.0842122
-0.296363 -0.327534 -0.0661111
-0.453518 -0.313337 -0.0367029
-0.593679 -0.284052 0.00288245
-0.711461 -0.240805 0.0511236
-0.802336 -0.185257 0.106167
-0.862814 -0.119543 0.165897
-0.890569 -0.0461886 0.228018
-0.884536 0.0319877 0.290144
-0.844945 0.111982 0.349887
-0.773319 0.190719 0.40495
-0.67241 0.265174 0.453219
-0.546095 0.332486 0.492838
-0.39923 0.390068 0.522284
-0.237456 0.435707 0.540427
-0.0669926 0.467649 0.546568
0.105611 0.484667 0.540473
0.273723 0.486107 0.522374
0.430881 0.471913 0.492968
0.571047 0.442631 0.453385
0.688834 0.399387 0.405146
0.779716 0.343841 0.350104
0.8402 0.27813 0.290374
0.867963 0.204776 0.228253
0.861937 0.126601 0.166127
0.822354 0.046607 0.106384
0.750734 -0.032131 0.0513189
0.649831 -0.106588 0.00304854
0.523522 -0.173901 -0.0365724
0.37666 -0.231485 -0.0660212
-0.794298 -0.092076 0.305504
-0.788814 -0.0217132 0.361414
-0.753131 0.0502805 0.415176
-0.68862 0.121138 0.464723
-0.597759 0.188138 0.508152
-0.484041 0.248704 0.543793
-0.351836 0.300509 0.570277
-0.206224 0.341563 0.586586
-0.0528007 0.370287 0.592094
0.102538 0.385579 0.586589
0.253823 0.38685 0.570282
0.395241 0.374051 0.5438
0.521356 0.347675 0.50816
0.627323 0.308734 0.464733
0.70907 0.258726 0.415187
0.763454 0.199573 0.361426
0.788387 0.133546 0.305516
0.78291 0.0631838 0.249606
0.747233 -0.00880981 0.195843
0.682728 -0.0796684 0.146295
0.591873 -0.146669 0.102865
0.47816 -0.207237 0.0672217
0.345958 -0.259044 0.0407354
0.200348 -0.3001 0.0244237
0.0469258 -0.328828 0.0189134
-0.108413 -0.344122 0.0244164
-0.2597 -0.345396 0.0407211
-0.40112 -0.332601 0.067201
-0.52724 -0.306227 0.102838
-0.633212 -0.26729 0.146264
-0.714964 -0.217284 0.195809
-0.769355 -0.158132 0.249569
-0.794294 -0.0921063 0.305479
-0.788824 -0.0217449 0.36139
-0.753153 0.0502487 0.415153
-0.688654 0.121108 0.464702
-0.597805 0.188109 0.508134
-0.484096 0.248679 0.543779
-0.351898 0.300488 0.570268
-0.206291 0.341547 0.586582
-0.0528694 0.370278 0.592094
0.10247 0.385575 0.586594
0.253758 0.386852 0.570291
0.395181 0.37406 0.543814
0.521305 0.347689 0.508178
0.627282 0.308754 0.464754
0.70904 0.258751 0.41521
0.763437 0.1996 0.361451
0.788383 0.133576 0.305541
0.782919 0.0632155 0.24963
0.747255 -0.00877804 0.195866
0.682762 -0.0796377 0.146316
0.591918 -0.14664 0.102882
0.478214 -0.207212 0.0672355
0.34602 -0.259023 0.0407449
0.200415 -0.300085 0.0244285
0.0469945 -0.328818 0.0189134
-0.108345 -0.344119 0.0244116
-0.259635 -0.345399 0.0407116
-0.401061 -0.332609 0.0671872
-0.527188 -0.306242 0.102821
-0.63317 -0.267309 0.146243
-0.714934 -0.217308 0.195786
-0.769337 -0.15816 0.249545
-0.79429 -0.0921366 0.305454
-0.788833 -0.0217765 0.361365
-0.753176 0.0502169 0.41513
-0.688689 0.121077 0.464682
-0.59785 0.188081 0.508116
-0.484151 0.248654 0.543765
-0.35196 0.300468 0.570258
-0.206357 0.341532 0.586577
-0.052938 0.370268 0.592094
0.102402 0.385571 0.586599
0.253693 0.386855 0.570301
0.395122 0.374068 0.543827
0.521253 0.347704 0.508196
0.62724 0.308774 0.464775
0.709009 0.258775 0.415233
0.763419 0.199628 0.361475
0.788378 0.133607 0.305566
0.782928 0.0632471 0.249655
0.747278 -0.00874627 0.195889
0.682797 -0.079607 0.146336
0.591964 -0.146612 0.1029
0.478269 -0.207187 0.0672493
0.346082 -0.259003 0.0407544
0.200481 -0.300069 0.0244334
0.0470631 -0.328808 0.0189134
-0.108277 -0.344115 0.0244067
-0.25957 -0.345401 0.0407021
-0.401001 -0.332618 0.0671733
-0.527136 -0.306256 0.102803
-0.633128 -0.267329 0.146223
-0.714903 -0.217332 0.195763
-0.769319 -0.158187 0.24952
-0.794285 -0.092167 0.305429
-0.788842 -0.0218082 0.361341
-0.753198 0.0501851 0.415107
-0.688723 0.121046 0.464661
-0.597896 0.188053 0.508099
-0.484206 0.248629 0.543751
-0.352022 0.300447 0.570248
-0.206424 0.341516 0.586572
-0.0530067 0.370258 0.592094
0.102334 0.385568 0.586603
0.253628 0.386857 0.57031
0.395062 0.374077 0.543841
0.521201 0.347718 0.508213
0.627198 0.308794 0.464795
0.708979 0.258799 0.415256
0.763401 0.199656 0.361499
0.788374 0.133637 0.305591
0.782937 0.0632788 0.249679
0.7473 -0.0087145 0.195912
0.682831 -0.0795764 0.146357
0.592009 -0.146584 0.102918
0.478324 -0.207162 0.0672632
0.346143 -0.258982 0.0407639
0.200548 -0.300054 0.0244382
0.0471318 -0.328798 0.0189135
-0.108209 -0.344111 0.0244019
-0.259505 -0.345404 0.0406926
-0.400942 -0.332627 0.0671595
-0.527085 -0.306271 0.102786
-0.633086 -0.267349 0.146202
-0.714873 -0.217357 0.19574
-0.769302 -0.158215 0.249496
-0.794281 -0.0921973 0.305404
-0.788851 -0.0218399 0.361317
-0.75322 0.0501534 0.415084
-0.688758 0.121016 0.46464
-0.597941 0.188024 0.508081
-0.48426 0.248604 0.543738
-0.352083 0.300426 0.570239
-0.20649 0.341501 0.586567
-0.668629 -0.126532 0.373324
-0.663965 -0.066693 0.420873
-0.633619 -0.00546663 0.466594
-0.578756 0.0547939 0.508731
-0.501484 0.111773 0.545664
-0.404774 0.163281 0.575975
-0.292341 0.207338 0.598498
-0.168507 0.242252 0.612368
-0.0380293 0.26668 0.617052
0.0940773 0.279685 0.61237
0.222736 0.280766 0.598502
0.343004 0.269881 0.575981
0.450257 0.24745 0.545672
0.540376 0.214333 0.50874
0.609897 0.171804 0.466604
0.656147 0.121497 0.420883
0.677351 0.0653457 0.373335
0.672693 0.00550691 0.325786
0.642352 -0.0557194 0.280065
0.587494 -0.11598 0.237927
0.510227 -0.17296 0.200992
0.413521 -0.22447 0.170679
0.301091 -0.268529 0.148154
0.177259 -0.303445 0.134282
0.0467822 -0.327876 0.129596
-0.0853246 -0.340883 0.134276
-0.213985 -0.341966 0.148142
-0.334254 -0.331084 0.170662
-0.441512 -0.308655 0.200969
-0.531634 -0.275541 0.2379
-0.60116 -0.233014 0.280035
-0.647416 -0.182709 0.325755
-0.668626 -0.126558 0.373303
-0.663973 -0.0667199 0.420852
-0.633638 -0.00549364 0.466574
-0.578785 0.0547678 0.508713
-0.501523 0.111749 0.545649
-0.404821 0.163259 0.575963
-0.292394 0.20732 0.59849
-0.168563 0.242239 0.612364
-0.0380877 0.266672 0.617052
0.0940193 0.279682 0.612375
0.222681 0.280768 0.59851
0.342953 0.269889 0.575993
0.450213 0.247462 0.545687
0.54034 0.21435 0.508757
0.609871 0.171825 0.466623
0.656132 0.121521 0.420904
0.677347 0.0653715 0.373356
0.672701 0.00553383 0.325807
0.642371 -0.0556924 0.280084
0.587524 -0.115954 0.237944
0.510266 -0.172936 0.201007
0.413568 -0.224448 0.170691
0.301144 -0.268511 0.148162
0.177315 -0.303432 0.134286
0.0468406 -0.327867 0.129596
-0.0852666 -0.34088 0.134272
-0.213929 -0.341968 0.148134
-0.334204 -0.331092 0.17065
-0.441468 -0.308668 0.200954
-0.531599 -0.275558 0.237883
-0.601134 -0.233035 0.280016
-0.647401 -0.182732 0.325734
-0.668622 -0.126584 0.373282
-0.663981 -0.0667468 0.420831
-0.633657 -0.00552066 0.466555
-0.578814 0.0547417 0.508696
-0.501562 0.111725 0.545634
-0.404867 0.163238 0.575952
-0.292446 0.207303 0.598482
-0.16862 0.242225 0.61236
-0.0381461 0.266664 0.617052
0.0939614 0.279679 0.612379
0.222626 0.28077 0.598518
0.342902 0.269896 0.576004
0.450169 0.247474 0.545702
0.540305 0.214367 0.508775
0.609845 0.171846 0.466643
0.656117 0.121545 0.420925
0.677344 0.0653973 0.373377
0.672709 0.00556076 0.325828
0.64239 -0.0556654 0.280104
0.587553 -0.115928 0.237962
0.510305 -0.172912 0.201022
0.413614 -0.224427 0.170703
0.301196 -0.268494 0.148171
0.177372 -0.303418 0.134291
0.046899 -0.327859 0.129596
-0.0852086 -0.340877 0.134268
-0.213874 -0.341971 0.148126
-0.334153 -0.331099 0.170638
-0.441424 -0.30868 0.200939
-0.531563 -0.275575 0.237865
-0.601108 -0.233055 0.279996
-0.647386 -0.182756 0.325714
-0.668618 -0.12661 0.373261
-0.663989 -0.0667738 0.42081
-0.633676 -0.00554768 0.466535
-0.578844 0.0547157 0.508678
-0.5016 0.1117 0.545619
-0.404914 0.163217 0.57594
-0.292499 0.207285 0.598474
-0.168676 0.242212 0.612356
-0.0382045 0.266655 0.617052
0.0939034 0.279675 0.612383
0.22257 0.280772 0.598527
0.342852 0.269903 0.576016
0.450126 0.247487 0.545717
0.540269 0.214384 0.508792
0.609819 0.171866 0.466662
0.656102 0.121568 0.420945
0.67734 0.0654231 0.373398
0.672716 0.00558768 0.325849
0.642409 -0.0556383 0.280123
0.587582 -0.115902 0.237979
-0.51841 -0.148099 0.428984
-0.514746 -0.101082 0.466343
-0.490902 -0.0529761 0.502267
-0.447795 -0.0056288 0.535374
-0.387082 0.0391402 0.564393
-0.311096 0.0796105 0.588209
-0.222756 0.114227 0.605906
-0.125458 0.141659 0.616804
-0.0229407 0.160853 0.620484
0.0808569 0.17107 0.616805
0.181946 0.17192 0.605909
0.276441 0.163368 0.588213
0.360711 0.145743 0.564399
0.431519 0.119723 0.535381
0.486142 0.0863076 0.502275
0.522481 0.0467809 0.466351
0.539141 0.00266186 0.428992
0.535482 -0.0443541 0.391633
0.511642 -0.0924603 0.355709
0.46854 -0.139808 0.322601
0.407831 -0.184578 0.29358
0.331847 -0.225049 0.269764
0.24351 -0.259667 0.252066
0.146214 -0.287101 0.241166
0.0436966 -0.306296 0.237484
-0.0601011 -0.316516 0.241161
-0.161191 -0.317368 0.252056
-0.255688 -0.308818 0.26975
-0.339961 -0.291195 0.293563
-0.410772 -0.265177 0.32258
-0.465399 -0.231763 0.355686
-0.501743 -0.192237 0.391608
-0.518407 -0.148119 0.428967
-0.514752 -0.101104 0.466327
-0.490917 -0.0529974 0.502251
-0.447818 -0.00564929 0.53536
-0.387113 0.0391213 0.564382
-0.311133 0.0795938 0.5882
-0.222798 0.114213 0.605899
-0.125503 0.141649 0.6168
-0.0229866 0.160846 0.620484
0.0808113 0.171068 0.616808
0.181902 0.171921 0.605915
0.276401 0.163373 0.588223
0.360677 0.145753 0.564411
0.431491 0.119736 0.535395
0.486121 0.0863238 0.50229
0.52247 0.0467995 0.466368
0.539139 0.00268213 0.429009
0.535488 -0.044333 0.391649
0.511657 -0.0924391 0.355724
0.468563 -0.139788 0.322614
0.407861 -0.184559 0.293592
0.331884 -0.225032 0.269773
0.243551 -0.259653 0.252072
0.146258 -0.28709 0.241169
0.0437425 -0.30629 0.237484
-0.0600556 -0.316514 0.241158
-0.161147 -0.317369 0.25205
-0.255648 -0.308823 0.269741
-0.339927 -0.291205 0.293551
-0.410744 -0.26519 0.322566
-0.465378 -0.231779 0.35567
-0.501731 -0.192256 0.391592
-0.518404 -0.148139 0.428951
-0.514758 -0.101125 0.466311
-0.490932 -0.0530186 0.502236
-0.447841 -0.00566977 0.535347
-0.387143 0.0391023 0.56437
-0.311169 0.0795771 0.58819
-0.222839 0.114199 0.605893
-0.125547 0.141638 0.616797
-0.0230325 0.16084 0.620484
0.0807658 0.171066 0.616812
0.181859 0.171923 0.605921
0.276361 0.163379 0.588232
0.360642 0.145762 0.564423
0.431463 0.119749 0.535409
0.486101 0.08634 0.502305
0.522458 0.0468181 0.466384
0.539136 0.00270239 0.429026
0.535494 -0.0443118 0.391665
0.511672 -0.0924178 0.355739
0.468586 -0.139767 0.322628
0.407891 -0.18454 0.293604
0.33192 -0.225016 0.269782
0.243593 -0.259639 0.252078
0.146302 -0.28708 0.241173
0.0437884 -0.306283 0.237484
-0.06001 -0.316511 0.241155
-0.161104 -0.317371 0.252043
-0.349413 -0.155947 0.470344
-0.346889 -0.12356 0.496078
-0.330465 -0.0904224 0.520824
-0.300771 -0.0578077 0.54363
-0.25895 -0.0269691 0.563619
-0.206607 0.000908409 0.580024
-0.145756 0.0247535 0.592214
-0.078733 0.0436498 0.599721
-0.00811485 0.0568712 0.602257
0.0633849 0.0639096 0.599722
0.133019 0.0644945 0.592217
0.198111 0.0586035 0.580027
0.25616 0.046463 0.563623
0.304934 0.0285394 0.543635
0.342561 0.00552164 0.520829
0.367593 -0.0217059 0.496084
0.379069 -0.0520968 0.47035
0.376548 -0.0844832 0.444615
0.360127 -0.117621 0.419869
0.330436 -0.150236 0.397063
0.288617 -0.181075 0.377073
0.236277 -0.208953 0.360667
0.175427 -0.232799 0.348476
0.108405 -0.251697 0.340968
0.0377875 -0.264919 0.338431
-0.0337124 -0.271959 0.340964
-0.103347 -0.272545 0.348469
-0.16844 -0.266656 0.360657
-0.226491 -0.254517 0.377061
-0.275268 -0.236594 0.397049
-0.312897 -0.213578 0.419853
-0.337932 -0.186351 0.444598
-0.349411 -0.155961 0.470333
-0.346893 -0.123574 0.496067
-0.330475 -0.090437 0.520813
-0.300787 -0.0578218 0.54362
-0.258971 -0.0269821 0.563611
-0.206633 0.000896905 0.580018
-0.145784 0.024744 0.59221
-0.0787636 0.0436426 0.599719
-0.00814646 0.0568667 0.602257
0.0633536 0.0639079 0.599725
0.132989 0.0644957 0.592221
0.198083 0.0586076 0.580034
0.256136 0.0464697 0.563631
0.304915 0.0285485 0.543644
0.342547 0.00553281 0.52084
0.367585 -0.0216931 0.496095
0.379067 -0.0520828 0.470361
0.376552 -0.0844686 0.444626
0.360137 -0.117606 0.41988
0.330452 -0.150221 0.397072
0.288638 -0.181062 0.377081
0.236302 -0.208941 0.360673
0.175455 -0.23279 0.34848
0.108436 -0.251689 0.34097
0.0378191 -0.264915 0.338431
-0.033681 -0.271957 0.340962
-0.103317 -0.272547 0.348465
-0.168413 -0.26666 0.360651
-0.226467 -0.254523 0.377053
-0.275249 -0.236603 0.397039
-0.312883 -0.213589 0.419843
-0.168134 -0.149774 0.495815
-0.166847 -0.133262 0.508936
-0.158473 -0.116366 0.521552
-0.143333 -0.0997377 0.53318
-0.12201 -0.0840145 0.543372
-0.0953235 -0.0698011 0.551736
-0.0642981 -0.0576436 0.557951
-0.0301263 -0.0480093 0.561778
0.00587854 -0.0412683 0.563071
0.0423329 -0.0376797 0.561779
0.077836 -0.0373815 0.557952
0.111023 -0.040385 0.551737
0.14062 -0.0465749 0.543374
0.165488 -0.0557133 0.533182
0.184672 -0.067449 0.521555
0.197434 -0.081331 0.508939
0.203285 -0.0968259 0.495818
0.202 -0.113338 0.482697
0.193628 -0.130233 0.47008
0.17849 -0.146862 0.458452
0.157168 -0.162586 0.44826
0.130482 -0.1768 0.439896
0.0994578 -0.188958 0.43368
0.0652866 -0.198592 0.429852
0.029282 -0.205334 0.428559
-0.00717245 -0.208923 0.42985
-0.0426758 -0.209222 0.433677
-0.0758639 -0.20622 0.439891
-0.105461 -0.20003 0.448254
-0.13033 -0.190893 0.458445
-0.149516 -0.179157 0.470072
-0.16228 -0.165276 0.482688
0.018463 -0.129819 0.504418
