-0.0833142 0.669042 -0.00979523
0.0487581 0.685826 -0.00966232
0.0461837 0.685799 -0.00963306
0.0386314 0.68514 -0.00960493
0.0263912 0.683876 -0.009579
0.00993367 0.682054 -0.00955628
-0.0101088 0.679745 -0.00953762
-0.0329661 0.677037 -0.00952377
-0.0577597 0.674035 -0.00951523
-0.0835369 0.670854 -0.00951235
-0.109307 0.667616 -0.00951523
-0.13408 0.664446 -0.00952376
-0.156904 0.661465 -0.00953762
-0.176901 0.658788 -0.00955627
-0.193304 0.656518 -0.009579
-0.205481 0.654741 -0.00960492
-0.212966 0.653528 -0.00963306
-0.215469 0.652923 -0.00966231
-0.212896 0.65295 -0.00969157
-0.205345 0.653609 -0.00971971
-0.193106 0.654873 -0.00974564
-0.176649 0.656695 -0.00976836
-0.156607 0.659003 -0.00978701
-0.13375 0.661711 -0.00980087
-0.108957 0.664713 -0.00980941
-0.0831799 0.667894 -0.00981229
-0.0574096 0.671132 -0.00980941
-0.0326362 0.674302 -0.00980088
-0.00981198 0.677283 -0.00978703
0.0101861 0.679961 -0.00976838
0.0265896 0.682231 -0.00974565
0.038768 0.684007 -0.00971972
0.0462534 0.685221 -0.00969159
0.175672 0.70263 -0.0092687
0.170623 0.702576 -0.00921131
0.155808 0.701284 -0.00915612
0.131798 0.698803 -0.00910526
0.0995154 0.69523 -0.00906069
0.0602007 0.690701 -0.0090241
0.0153645 0.68539 -0.00899691
-0.03327 0.679501 -0.00898017
-0.0838339 0.673261 -0.00897452
-0.134384 0.66691 -0.00898017
-0.182978 0.660691 -0.00899691
-0.227748 0.654843 -0.00902409
-0.266975 0.649592 -0.00906068
-0.29915 0.645139 -0.00910525
-0.323036 0.641655 -0.00915611
-0.337718 0.639274 -0.0092113
-0.342629 0.638087 -0.00926869
-0.337581 0.638141 -0.00932608
-0.322768 0.639432 -0.00938127
-0.298761 0.641913 -0.00943213
-0.26648 0.645486 -0.00947671
-0.227166 0.650015 -0.00951329
-0.182331 0.655326 -0.00954048
-0.133697 0.661214 -0.00955723
-0.0831336 0.667454 -0.00956288
-0.0325831 0.673806 -0.00955723
0.0160115 0.680025 -0.0095405
0.0607829 0.685872 -0.00951332
0.100011 0.691124 -0.00947673
0.132187 0.695577 -0.00943216
0.156076 0.699061 -0.0093813
0.170759 0.701443 -0.00932612
0.175672 0.702629 -0.00926873
0.170627 0.702576 -0.00921133
0.155817 0.701285 -0.00915615
0.131811 0.698805 -0.00910529
0.0995314 0.695232 -0.0090607
0.0602194 0.690703 -0.00902411
0.0153853 0.685392 -0.00899692
-0.0332479 0.679504 -0.00898018
-0.0838114 0.673264 -0.00897452
-0.134362 0.666912 -0.00898017
-0.182957 0.660693 -0.0089969
-0.22773 0.654846 -0.00902408
-0.266959 0.649594 -0.00906066
-0.299137 0.64514 -0.00910523
-0.323028 0.641656 -0.00915609
-0.337713 0.639274 -0.00921127
-0.342629 0.638087 -0.00926866
-0.337585 0.63814 -0.00932605
-0.322777 0.639432 -0.00938124
-0.298773 0.641911 -0.00943211
-0.266496 0.645484 -0.00947669
-0.227185 0.650013 -0.00951328
-0.182352 0.655323 -0.00954047
-0.133719 0.661212 -0.00955722
-0.0831561 0.667451 -0.00956288
-0.0326052 0.673803 -0.00955724
0.0159908 0.680022 -0.00954051
0.0607643 0.68587 -0.00951333
0.0999947 0.691122 -0.00947675
0.132175 0.695575 -0.00943218
0.156067 0.69906 -0.00938133
0.292552 0.718807 -0.0086295
0.28522 0.718729 -0.00854618
0.263713 0.716853 -0.00846606
0.228856 0.713252 -0.00839222
0.181989 0.708064 -0.0083275
0.124912 0.701489 -0.00827439
0.0598203 0.693778 -0.00823492
-0.0107861 0.685229 -0.00821062
-0.0841935 0.67617 -0.00820241
-0.157581 0.666949 -0.00821061
-0.228129 0.657921 -0.00823491
-0.293125 0.649431 -0.00827438
-0.350073 0.641808 -0.00832749
-0.396784 0.635343 -0.00839221
-0.431462 0.630285 -0.00846604
-0.452776 0.626828 -0.00854616
-0.459906 0.625105 -0.00862948
-0.452578 0.625183 -0.0087128
-0.431073 0.627059 -0.00879292
-0.396219 0.630659 -0.00886675
-0.349354 0.635847 -0.00893147
-0.29228 0.642422 -0.00898459
-0.22719 0.650132 -0.00902406
-0.156584 0.658681 -0.00904837
-0.0831769 0.66774 -0.00905658
-0.00978893 0.676961 -0.00904838
0.0607596 0.685989 -0.00902408
0.125758 0.694479 -0.00898462
0.182708 0.702103 -0.00893151
0.229421 0.708568 -0.0088668
0.264102 0.713626 -0.00879297
0.285419 0.717084 -0.00871285
0.292552 0.718806 -0.00862953
0.285227 0.718729 -0.00854621
0.263725 0.716854 -0.00846609
0.228874 0.713254 -0.00839225
0.182012 0.708067 -0.00832753
0.12494 0.701492 -0.00827441
0.0598505 0.693782 -0.00823494
-0.010754 0.685233 -0.00821062
-0.0841609 0.676174 -0.00820241
-0.157549 0.666953 -0.00821061
-0.228099 0.657925 -0.0082349
-0.293098 0.649435 -0.00827436
-0.35005 0.641811 -0.00832746
-0.396766 0.635345 -0.00839218
-0.43145 0.630287 -0.00846601
-0.45277 0.626829 -0.00854612
-0.459906 0.625106 -0.00862944
-0.452584 0.625183 -0.00871276
-0.431086 0.627057 -0.00879288
-0.396237 0.630657 -0.00886672
-0.349377 0.635844 -0.00893145
-0.292307 0.642419 -0.00898457
-0.22722 0.650128 -0.00902405
-0.156616 0.658677 -0.00904836
-0.0832095 0.667736 -0.00905658
-0.00982095 0.676957 -0.00904839
0.0607295 0.685986 -0.0090241
0.125731 0.694475 -0.00898464
0.182684 0.7021 -0.00893154
0.229403 0.708565 -0.00886683
0.264089 0.713625 -0.008793
0.285412 0.717082 -0.00871289
0.292552 0.718806 -0.00862957
0.285233 0.718729 -0.00854625
0.263738 0.716855 -0.00846613
0.228892 0.713256 -0.00839228
0.182035 0.708069 -0.00832756
0.124967 0.701495 -0.00827443
0.0598807 0.693785 -0.00823495
-0.010722 0.685237 -0.00821063
-0.0841282 0.676178 -0.00820241
-0.157517 0.666957 -0.0082106
-0.228068 0.657928 -0.00823489
-0.293071 0.649439 -0.00827434
-0.350027 0.641814 -0.00832744
-0.396748 0.635348 -0.00839214
-0.431437 0.630288 -0.00846597
-0.452763 0.62683 -0.00854609
-0.459906 0.625106 -0.0086294
-0.45259 0.625182 -0.00871272
-0.431098 0.627056 -0.00879285
-0.396255 0.630655 -0.00886669
-0.349401 0.635841 -0.00893142
-0.292334 0.642416 -0.00898455
-0.22725 0.650125 -0.00902403
-0.156648 0.658673 -0.00904836
-0.0832422 0.667732 -0.00905658
-0.00985296 0.676953 -0.0090484
0.0606993 0.685982 -0.00902411
0.394904 0.733736 -0.00776927
0.385573 0.733636 -0.00766322
0.358199 0.731249 -0.00756125
0.313835 0.726666 -0.00746728
0.254184 0.720063 -0.00738491
0.181539 0.711694 -0.0073173
0.098693 0.701881 -0.00726707
0.00882795 0.691 -0.00723614
-0.0846022 0.67947 -0.00722569
-0.178007 0.667734 -0.00723613
-0.267797 0.656243 -0.00726706
-0.350522 0.645438 -0.00731729
-0.423003 0.635735 -0.00738489
-0.482455 0.627506 -0.00746726
-0.526592 0.621068 -0.00756123
-0.553719 0.616669 -0.0076632
-0.562794 0.614477 -0.00776925
-0.553467 0.614576 -0.00787529
-0.526097 0.616962 -0.00797726
-0.481736 0.621545 -0.00807124
-0.422088 0.628148 -0.00815362
-0.349446 0.636516 -0.00822122
-0.266602 0.646329 -0.00827146
-0.176738 0.65721 -0.0083024
-0.0833082 0.66874 -0.00831285
0.0100971 0.680476 -0.00830241
0.0998884 0.691967 -0.00827148
0.182615 0.702772 -0.00822126
0.255099 0.712476 -0.00815367
0.314554 0.720704 -0.0080713
0.358694 0.727143 -0.00797733
0.385825 0.731543 -0.00787536
0.394904 0.733736 -0.00776932
0.385581 0.733637 -0.00766327
0.358215 0.731251 -0.0075613
0.313858 0.726668 -0.00746732
0.254213 0.720066 -0.00738494
0.181574 0.711698 -0.00731733
0.0987314 0.701885 -0.00726709
0.00886871 0.691005 -0.00723615
-0.0845606 0.679475 -0.00722569
-0.177966 0.667739 -0.00723612
-0.267759 0.656247 -0.00726704
-0.350488 0.645442 -0.00731726
-0.422974 0.635739 -0.00738486
-0.482432 0.627509 -0.00746722
-0.526576 0.621071 -0.00756119
-0.553711 0.61667 -0.00766315
-0.562794 0.614477 -0.0077692
-0.553475 0.614575 -0.00787525
-0.526113 0.616961 -0.00797722
-0.481759 0.621543 -0.0080712
-0.422118 0.628144 -0.00815358
-0.349481 0.636512 -0.00822119
-0.26664 0.646325 -0.00827144
-0.176779 0.657205 -0.00830239
-0.0833498 0.668735 -0.00831285
0.0100563 0.680471 -0.00830242
0.0998501 0.691962 -0.0082715
0.182581 0.702768 -0.00822129
0.25507 0.712472 -0.0081537
0.31453 0.720701 -0.00807134
0.358679 0.72714 -0.00797737
0.385817 0.731541 -0.00787541
0.394904 0.733735 -0.00776936
0.385589 0.733638 -0.00766332
0.358231 0.731252 -0.00756134
0.313881 0.726671 -0.00746736
0.254243 0.72007 -0.00738497
0.181609 0.711702 -0.00731736
0.0987698 0.70189 -0.00726711
0.00890947 0.69101 -0.00723616
-0.0845191 0.67948 -0.00722569
-0.177926 0.667744 -0.00723611
-0.26772 0.656252 -0.00726703
-0.350453 0.645447 -0.00731724
-0.422944 0.635743 -0.00738482
-0.482409 0.627513 -0.00746718
-0.52656 0.621073 -0.00756114
-0.553703 0.616672 -0.00766311
-0.562794 0.614477 -0.00776915
-0.553483 0.614575 -0.0078752
-0.526129 0.616959 -0.00797718
-0.481782 0.62154 -0.00807116
-0.422147 0.628141 -0.00815355
-0.349516 0.636508 -0.00822117
-0.266679 0.64632 -0.00827142
-0.176819 0.6572 -0.00830238
-0.0833913 0.66873 -0.00831285
0.0100156 0.680466 -0.00830243
0.0998117 0.691957 -0.00827152
0.182546 0.702763 -0.00822131
0.25504 0.712468 -0.00815373
0.314507 0.720698 -0.00807138
0.358663 0.727138 -0.00797742
0.385809 0.73154 -0.00787545
0.394904 0.733735 -0.00776941
0.385597 0.733638 -0.00766336
0.358247 0.731254 -0.00756138
0.313904 0.726673 -0.00746739
0.254272 0.720073 -0.00738501
0.181643 0.711706 -0.00731738
0.0988082 0.701894 -0.00726713
0.00895024 0.691015 -0.00723616
-0.0844775 0.679485 -0.00722569
-0.177885 0.667749 -0.0072361
-0.267682 0.656257 -0.00726701
-0.350419 0.645451 -0.00731721
-0.422915 0.635747 -0.00738479
-0.482385 0.627516 -0.00746714
-0.526544 0.621076 -0.0075611
-0.553695 0.616673 -0.00766306
-0.562794 0.614478 -0.0077691
-0.553491 0.614574 -0.00787515
-0.526145 0.616958 -0.00797713
-0.481805 0.621538 -0.00807112
0.478797 0.746844 -0.00672108
0.467824 0.746726 -0.00659638
0.435636 0.743919 -0.00647648
0.383469 0.73853 -0.00636597
0.313327 0.730766 -0.00626911
0.227906 0.720925 -0.00618962
0.130489 0.709385 -0.00613056
0.0248183 0.696591 -0.00609418
-0.0850441 0.683033 -0.0060819
-0.194877 0.669233 -0.00609417
-0.300459 0.655721 -0.00613054
-0.397734 0.643016 -0.00618961
-0.482962 0.631606 -0.00626909
-0.55287 0.62193 -0.00636595
-0.60477 0.61436 -0.00647645
-0.636668 0.609187 -0.00659635
-0.647339 0.606609 -0.00672105
-0.636371 0.606726 -0.00684575
-0.604188 0.609532 -0.00696565
-0.552025 0.614921 -0.00707616
-0.481886 0.622685 -0.00717302
-0.396468 0.632525 -0.00725252
-0.299053 0.644064 -0.00731159
-0.193384 0.656858 -0.00734797
-0.0835225 0.670416 -0.00736026
0.0263107 0.684216 -0.00734799
0.131894 0.697729 -0.00731162
0.229171 0.710434 -0.00725256
0.314403 0.721844 -0.00717308
0.384314 0.73152 -0.00707623
0.436219 0.739091 -0.00696573
0.468121 0.744265 -0.00684583
0.478797 0.746843 -0.00672113
0.467834 0.746727 -0.00659644
0.435655 0.743921 -0.00647653
0.383496 0.738533 -0.00636602
0.313362 0.73077 -0.00626915
0.227947 0.72093 -0.00618965
0.130534 0.709391 -0.00613058
0.0248663 0.696597 -0.00609419
-0.0849952 0.683039 -0.0060819
-0.194829 0.669239 -0.00609416
-0.300414 0.655727 -0.00613052
-0.397693 0.643021 -0.00618958
-0.482928 0.631611 -0.00626905
-0.552843 0.621934 -0.0063659
-0.604751 0.614363 -0.0064764
-0.636659 0.609189 -0.0065963
-0.647339 0.60661 -0.00672099
-0.636381 0.606725 -0.00684569
-0.604207 0.60953 -0.0069656
-0.552052 0.614918 -0.00707612
-0.481921 0.622681 -0.00717298
-0.396509 0.63252 -0.00725249
-0.299098 0.644059 -0.00731157
-0.193432 0.656853 -0.00734796
-0.0835714 0.67041 -0.00736026
0.0262628 0.68421 -0.007348
0.131849 0.697723 -0.00731164
0.229131 0.710429 -0.0072526
0.314368 0.721839 -0.00717312
0.384287 0.731516 -0.00707628
0.4362 0.739088 -0.00696578
0.468112 0.744263 -0.00684588
0.478797 0.746842 -0.00672119
0.467844 0.746728 -0.00659649
0.435674 0.743923 -0.00647658
0.383523 0.738536 -0.00636606
0.313396 0.730774 -0.00626919
0.227987 0.720934 -0.00618968
0.130579 0.709396 -0.0061306
0.0249142 0.696603 -0.0060942
-0.0849463 0.683045 -0.0060819
-0.194781 0.669245 -0.00609415
-0.300369 0.655732 -0.0061305
-0.397652 0.643026 -0.00618955
-0.482893 0.631615 -0.00626902
-0.552816 0.621938 -0.00636586
-0.604733 0.614366 -0.00647635
-0.636649 0.60919 -0.00659625
-0.647339 0.60661 -0.00672094
-0.636391 0.606724 -0.00684564
-0.604225 0.609528 -0.00696555
-0.552079 0.614915 -0.00707607
-0.481956 0.622677 -0.00717295
-0.39655 0.632516 -0.00725246
-0.299144 0.644053 -0.00731155
-0.19348 0.656847 -0.00734795
-0.0836202 0.670404 -0.00736026
0.0262148 0.684204 -0.00734801
0.131804 0.697717 -0.00731166
0.22909 0.710423 -0.00725263
0.314334 0.721835 -0.00717316
0.38426 0.731512 -0.00707632
0.436181 0.739085 -0.00696583
0.468102 0.744261 -0.00684594
0.478797 0.746842 -0.00672124
0.467853 0.746728 -0.00659654
0.435693 0.743925 -0.00647663
0.38355 0.738539 -0.00636611
0.313431 0.730778 -0.00626923
0.228028 0.720939 -0.00618972
0.130624 0.709402 -0.00613062
0.0249621 0.696609 -0.00609421
-0.0848975 0.683051 -0.0060819
-0.194733 0.669251 -0.00609414
-0.300324 0.655738 -0.00613048
-0.397612 0.643032 -0.00618951
-0.482859 0.63162 -0.00626898
-0.552789 0.621942 -0.00636581
-0.604714 0.614369 -0.0064763
-0.63664 0.609192 -0.00659619
-0.647339 0.606611 -0.00672088
-0.6364 0.606724 -0.00684558
-0.604244 0.609527 -0.0069655
-0.552106 0.614912 -0.00707602
-0.48199 0.622673 -0.00717291
-0.39659 0.632511 -0.00725243
-0.299189 0.644048 -0.00731153
-0.193528 0.656841 -0.00734794
-0.0836691 0.670398 -0.00736026
0.0261669 0.684198 -0.00734802
0.131759 0.697711 -0.00731169
0.229049 0.710418 -0.00725266
0.314299 0.72183 -0.0071732
0.384233 0.731509 -0.00707637
0.436163 0.739082 -0.00696588
0.468093 0.744259 -0.00684599
0.478797 0.746841 -0.0067213
0.467863 0.746729 -0.0065966
0.435711 0.743927 -0.00647668
0.383578 0.738542 -0.00636616
0.313465 0.730781 -0.00626927
0.228069 0.720944 -0.00618975
0.130669 0.709407 -0.00613064
0.0250101 0.696614 -0.00609422
0.541005 0.757626 -0.0055252
0.528814 0.757496 -0.00538665
0.493048 0.754376 -0.00525342
0.435083 0.748388 -0.00513063
0.357145 0.739761 -0.00502301
0.26223 0.728826 -0.00493468
0.153985 0.716004 -0.00486905
0.0365706 0.701788 -0.00482863
-0.0855022 0.686723 -0.00481498
-0.207542 0.671389 -0.00482862
-0.324859 0.656375 -0.00486904
-0.432945 0.642258 -0.00493466
-0.527646 0.62958 -0.00502298
-0.605324 0.618829 -0.0051306
-0.662992 0.610418 -0.00525339
-0.698436 0.60467 -0.00538662
-0.710292 0.601805 -0.00552517
-0.698106 0.601935 -0.00566373
-0.662345 0.605053 -0.00579696
-0.604384 0.611041 -0.00591975
-0.526451 0.619667 -0.00602738
-0.431539 0.630602 -0.00611571
-0.323297 0.643423 -0.00618135
-0.205884 0.657639 -0.00622177
-0.0838115 0.672704 -0.00623543
0.0382288 0.688038 -0.00622179
0.155547 0.703052 -0.00618138
0.263636 0.717169 -0.00611576
0.35834 0.729848 -0.00602744
0.436022 0.740599 -0.00591983
0.493695 0.749011 -0.00579705
0.529144 0.75476 -0.00566382
0.541005 0.757625 -0.00552527
0.528824 0.757496 -0.00538671
0.493069 0.754379 -0.00525347
0.435113 0.748392 -0.00513068
0.357183 0.739765 -0.00502305
0.262275 0.728832 -0.00493471
0.154036 0.71601 -0.00486907
0.0366239 0.701794 -0.00482864
-0.0854479 0.68673 -0.00481498
-0.207489 0.671396 -0.00482861
-0.324809 0.656382 -0.00486901
-0.4329 0.642264 -0.00493463
-0.527608 0.629586 -0.00502294
-0.605294 0.618834 -0.00513055
-0.662971 0.610421 -0.00525333
-0.698425 0.604671 -0.00538656
-0.710292 0.601806 -0.00552511
-0.698116 0.601934 -0.00566367
-0.662366 0.605051 -0.0057969
-0.604415 0.611037 -0.0059197
-0.526489 0.619663 -0.00602734
-0.431584 0.630596 -0.00611568
-0.323347 0.643417 -0.00618132
-0.205937 0.657633 -0.00622176
-0.0838658 0.672697 -0.00623543
0.0381756 0.688031 -0.0062218
0.155497 0.703046 -0.00618141
0.263591 0.717164 -0.00611579
0.358302 0.729842 -0.00602749
0.435992 0.740595 -0.00591988
0.493674 0.749008 -0.0057971
0.529133 0.754758 -0.00566388
0.541005 0.757625 -0.00552533
0.528835 0.757497 -0.00538677
0.49309 0.754381 -0.00525353
0.435143 0.748395 -0.00513073
0.357222 0.73977 -0.00502309
0.26232 0.728837 -0.00493475
0.154086 0.716016 -0.0048691
0.0366772 0.701801 -0.00482865
-0.0853936 0.686737 -0.00481498
-0.207436 0.671403 -0.0048286
-0.324759 0.656388 -0.00486899
-0.432855 0.64227 -0.00493459
-0.52757 0.629591 -0.0050229
-0.605263 0.618838 -0.0051305
-0.662951 0.610424 -0.00525327
-0.698414 0.604673 -0.0053865
-0.710292 0.601806 -0.00552505
-0.698127 0.601933 -0.00566361
-0.662387 0.605049 -0.00579685
-0.604445 0.611034 -0.00591965
-0.526528 0.619659 -0.00602729
-0.43163 0.630591 -0.00611564
-0.323397 0.643411 -0.0061813
-0.20599 0.657626 -0.00622175
-0.0839201 0.67269 -0.00623543
0.0381224 0.688024 -0.00622181
0.155447 0.703039 -0.00618143
0.263546 0.717158 -0.00611583
0.358264 0.729837 -0.00602753
0.435962 0.740591 -0.00591993
0.493654 0.749005 -0.00579716
0.529123 0.754756 -0.00566394
0.541006 0.757624 -0.00552539
0.528846 0.757498 -0.00538683
0.493111 0.754383 -0.00525359
0.435173 0.748398 -0.00513078
0.35726 0.739774 -0.00502314
0.262366 0.728842 -0.00493478
0.154136 0.716022 -0.00486912
0.0367304 0.701807 -0.00482867
-0.0853393 0.686744 -0.00481498
-0.207382 0.671409 -0.00482859
-0.324709 0.656395 -0.00486897
-0.43281 0.642276 -0.00493456
-0.527531 0.629596 -0.00502285
-0.605233 0.618842 -0.00513045
-0.66293 0.610427 -0.00525322
-0.698404 0.604675 -0.00538644
-0.710292 0.601807 -0.00552499
-0.698138 0.601932 -0.00566355
-0.662408 0.605047 -0.00579679
-0.604475 0.611031 -0.0059196
-0.526566 0.619654 -0.00602725
-0.431675 0.630586 -0.00611561
-0.323448 0.643405 -0.00618128
-0.206044 0.65762 -0.00622173
-0.0839744 0.672684 -0.00623543
0.0380691 0.688018 -0.00622182
0.155397 0.703033 -0.00618145
0.263501 0.717152 -0.00611586
0.358225 0.729832 -0.00602758
0.435932 0.740586 -0.00591998
0.493633 0.749002 -0.00579722
0.529112 0.754754 -0.005664
0.541006 0.757623 -0.00552545
0.528856 0.757499 -0.00538689
0.493131 0.754385 -0.00525364
0.435204 0.748401 -0.00513083
0.357299 0.739778 -0.00502318
0.262411 0.728847 -0.00493482
0.154186 0.716028 -0.00486914
0.0367837 0.701814 -0.00482868
-0.085285 0.68675 -0.00481498
-0.207329 0.671416 -0.00482858
-0.324659 0.656401 -0.00486894
-0.432765 0.642282 -0.00493453
-0.527493 0.629601 -0.00502281
-0.605203 0.618846 -0.0051304
-0.662909 0.610431 -0.00525316
-0.698393 0.604677 -0.00538638
-0.710292 0.601808 -0.00552493
-0.698148 0.601932 -0.00566349
-0.662428 0.605045 -0.00579673
-0.604505 0.611028 -0.00591955
-0.526605 0.61965 -0.0060272
-0.43172 0.63058 -0.00611557
-0.323498 0.643399 -0.00618125
0.57914 0.765668 -0.0042276
0.566197 0.76553 -0.00408051
0.528229 0.762219 -0.00393907
0.466693 0.755862 -0.00380872
0.383954 0.746703 -0.00369447
0.283193 0.735095 -0.0036007
0.16828 0.721483 -0.00353103
0.0436332 0.706391 -0.00348812
-0.085959 0.690398 -0.00347363
-0.215516 0.67412 -0.00348811
-0.34006 0.658181 -0.00353101
-0.454803 0.643194 -0.00360068
-0.555338 0.629736 -0.00369445
-0.6378 0.618322 -0.00380869
-0.699021 0.609393 -0.00393904
-0.736647 0.60329 -0.00408048
-0.749234 0.600249 -0.00422757
-0.736297 0.600387 -0.00437466
-0.698334 0.603697 -0.0045161
-0.636803 0.610054 -0.00464645
-0.554069 0.619212 -0.00476071
-0.453311 0.63082 -0.00485448
-0.338401 0.644431 -0.00492416
-0.213756 0.659523 -0.00496707
-0.0841642 0.675515 -0.00498157
0.0453935 0.691794 -0.00496709
0.169939 0.707733 -0.0049242
0.284685 0.72272 -0.00485453
0.385223 0.736179 -0.00476078
0.46769 0.747593 -0.00464653
0.528915 0.756523 -0.00451619
0.566548 0.762626 -0.00437475
0.57914 0.765668 -0.00422767
0.566209 0.765531 -0.00408057
0.528251 0.762221 -0.00393913
0.466725 0.755865 -0.00380878
0.383995 0.746708 -0.00369451
0.283241 0.7351 -0.00360074
0.168334 0.721489 -0.00353105
0.0436898 0.706398 -0.00348813
-0.0859014 0.690405 -0.00347363
-0.21546 0.674127 -0.0034881
-0.340006 0.658188 -0.00353099
-0.454755 0.643201 -0.00360065
-0.555297 0.629741 -0.0036944
-0.637768 0.618327 -0.00380864
-0.698999 0.609396 -0.00393898
-0.736636 0.603292 -0.00408041
-0.749234 0.60025 -0.0042275
-0.736309 0.600386 -0.00437459
-0.698356 0.603695 -0.00451604
-0.636835 0.61005 -0.0046464
-0.55411 0.619207 -0.00476066
-0.453359 0.630814 -0.00485444
-0.338455 0.644425 -0.00492414
-0.213812 0.659516 -0.00496706
-0.0842218 0.675508 -0.00498157
0.045337 0.691787 -0.00496711
0.169885 0.707726 -0.00492422
0.284637 0.722714 -0.00485457
0.385183 0.736173 -0.00476082
0.467658 0.747588 -0.00464659
0.528893 0.75652 -0.00451625
0.566536 0.762624 -0.00437482
0.57914 0.765667 -0.00422773
0.56622 0.765532 -0.00408064
0.528273 0.762223 -0.00393919
0.466757 0.755869 -0.00380883
0.384036 0.746712 -0.00369456
0.283289 0.735106 -0.00360078
0.168387 0.721496 -0.00353108
0.0437463 0.706405 -0.00348815
-0.0858437 0.690413 -0.00347363
-0.215403 0.674134 -0.00348809
-0.339953 0.658195 -0.00353096
-0.454708 0.643207 -0.00360061
-0.555257 0.629747 -0.00369435
-0.637736 0.618331 -0.00380859
-0.698977 0.609399 -0.00393892
-0.736625 0.603294 -0.00408035
-0.749234 0.600251 -0.00422744
-0.73632 0.600385 -0.00437453
-0.698378 0.603693 -0.00451598
-0.636867 0.610047 -0.00464634
-0.554151 0.619203 -0.00476062
-0.453407 0.630808 -0.00485441
-0.338508 0.644418 -0.00492411
-0.213869 0.659509 -0.00496705
-0.0842795 0.675501 -0.00498157
0.0452805 0.69178 -0.00496712
0.169832 0.707719 -0.00492425
0.284589 0.722707 -0.00485461
0.385142 0.736168 -0.00476087
0.467626 0.747584 -0.00464664
0.528871 0.756516 -0.00451631
0.566525 0.762622 -0.00437488
0.57914 0.765666 -0.0042278
0.566231 0.765532 -0.0040807
0.528295 0.762225 -0.00393925
0.466789 0.755872 -0.00380889
0.384077 0.746717 -0.00369461
0.283337 0.735112 -0.00360081
0.16844 0.721502 -0.0035311
0.0438029 0.706412 -0.00348816
-0.0857861 0.69042 -0.00347363
-0.215347 0.674141 -0.00348808
-0.3399 0.658202 -0.00353094
-0.45466 0.643213 -0.00360058
-0.555216 0.629752 -0.00369431
-0.637704 0.618336 -0.00380853
-0.698955 0.609403 -0.00393886
-0.736614 0.603296 -0.00408029
-0.749234 0.600251 -0.00422737
-0.736331 0.600385 -0.00437447
-0.6984 0.603691 -0.00451592
-0.636899 0.610044 -0.00464629
-0.554191 0.619198 -0.00476057
-0.453455 0.630803 -0.00485437
-0.338561 0.644412 -0.00492409
-0.213925 0.659502 -0.00496704
-0.0843371 0.675494 -0.00498157
0.045224 0.691772 -0.00496713
0.169779 0.707712 -0.00492427
0.284541 0.722701 -0.00485464
0.385101 0.736162 -0.00476092
0.467594 0.747579 -0.0046467
0.528849 0.756513 -0.00451637
0.566514 0.76262 -0.00437495
0.57914 0.765666 -0.00422786
0.566243 0.765533 -0.00408077
0.528317 0.762227 -0.00393931
0.466821 0.755876 -0.00380894
0.384117 0.746722 -0.00369465
0.283385 0.735117 -0.00360085
0.168494 0.721509 -0.00353113
0.0438594 0.706419 -0.00348817
-0.0857284 0.690427 -0.00347363
-0.21529 0.674148 -0.00348806
-0.339847 0.658208 -0.00353091
-0.454612 0.643219 -0.00360054
-0.555175 0.629758 -0.00369426
-0.637672 0.61834 -0.00380848
-0.698933 0.609406 -0.0039388
-0.736603 0.603298 -0.00408022
-0.749235 0.600252 -0.00422731
-0.736343 0.600384 -0.0043744
-0.698422 0.603689 -0.00451586
-0.636931 0.61004 -0.00464623
-0.554232 0.619193 -0.00476052
-0.453503 0.630797 -0.00485433
-0.338615 0.644405 -0.00492406
-0.213982 0.659495 -0.00496702
-0.0843947 0.675487 -0.00498157
0.0451675 0.691765 -0.00496714
0.169726 0.707705 -0.0049243
0.284494 0.722695 -0.00485468
0.38506 0.736157 -0.00476096
0.467562 0.747575 -0.00464675
0.528827 0.75651 -0.00451643
0.566503 0.762618 -0.00437501
0.591735 0.770662 -0.00287813
0.578538 0.770521 -0.00272816
0.539826 0.767145 -0.00258395
0.477084 0.760663 -0.00245105
0.392724 0.751325 -0.00233456
0.289988 0.739489 -0.00223895
0.172824 0.725611 -0.00216791
0.0457347 0.710223 -0.00212416
-0.0863969 0.693917 -0.00210939
-0.218493 0.67732 -0.00212416
-0.345477 0.661068 -0.0021679
-0.462469 0.645788 -0.00223893
-0.564973 0.632066 -0.00233453
-0.649051 0.620429 -0.00245102
-0.711472 0.611324 -0.00258392
-0.749836 0.605102 -0.00272813
-0.762669 0.602002 -0.0028781
-0.749479 0.602142 -0.00302807
-0.710771 0.605517 -0.00317228
-0.648035 0.611998 -0.00330519
-0.563679 0.621336 -0.00342169
-0.460947 0.633171 -0.0035173
-0.343786 0.647049 -0.00358834
-0.216698 0.662437 -0.0036321
-0.0845669 0.678743 -0.00364688
0.0475295 0.69534 -0.00363212
0.174515 0.711591 -0.00358838
0.29151 0.726872 -0.00351735
0.394018 0.740595 -0.00342176
0.478101 0.752232 -0.00330528
0.540526 0.761337 -0.00317238
0.578896 0.76756 -0.00302817
0.591735 0.770661 -0.0028782
0.57855 0.770522 -0.00272823
0.539848 0.767147 -0.00258401
0.477117 0.760667 -0.0024511
0.392766 0.75133 -0.0023346
0.290037 0.739495 -0.00223899
0.172879 0.725618 -0.00216794
0.0457923 0.71023 -0.00212418
-0.0863381 0.693924 -0.00210939
-0.218435 0.677327 -0.00212414
-0.345422 0.661075 -0.00216787
-0.46242 0.645794 -0.0022389
-0.564932 0.632071 -0.00233448
-0.649019 0.620433 -0.00245096
-0.711449 0.611328 -0.00258386
-0.749824 0.605104 -0.00272806
-0.762669 0.602002 -0.00287803
-0.74949 0.602141 -0.00302801
-0.710794 0.605515 -0.00317222
-0.648067 0.611995 -0.00330514
-0.563721 0.621331 -0.00342164
-0.460996 0.633165 -0.00351726
-0.34384 0.647043 -0.00358832
-0.216756 0.66243 -0.00363208
-0.0846257 0.678735 -0.00364688
0.0474719 0.695333 -0.00363213
0.174461 0.711584 -0.00358841
0.291461 0.726866 -0.00351739
0.393977 0.740589 -0.00342181
0.478068 0.752228 -0.00330533
0.540504 0.761334 -0.00317244
0.578884 0.767558 -0.00302824
0.591735 0.770661 -0.00287827
0.578562 0.770523 -0.00272829
0.539871 0.767149 -0.00258408
0.477149 0.76067 -0.00245116
0.392807 0.751335 -0.00233465
0.290086 0.739501 -0.00223903
0.172933 0.725624 -0.00216796
0.04585 0.710237 -0.00212419
-0.0862794 0.693932 -0.00210939
-0.218377 0.677334 -0.00212413
-0.345368 0.661082 -0.00216785
-0.462371 0.645801 -0.00223886
-0.56489 0.632077 -0.00233444
-0.648986 0.620438 -0.00245091
-0.711427 0.611331 -0.0025838
-0.749813 0.605106 -0.002728
-0.762669 0.602003 -0.00287797
-0.749502 0.60214 -0.00302794
-0.710816 0.605513 -0.00317216
-0.6481 0.611991 -0.00330508
-0.563763 0.621326 -0.00342159
-0.461045 0.63316 -0.00351722
-0.343895 0.647036 -0.00358829
-0.216813 0.662423 -0.00363207
-0.0846845 0.678728 -0.00364688
0.0474143 0.695326 -0.00363214
0.174407 0.711577 -0.00358843
0.291412 0.726859 -0.00351743
0.393935 0.740584 -0.00342185
0.478035 0.752223 -0.00330539
0.540481 0.761331 -0.0031725
0.578873 0.767556 -0.0030283
0.591735 0.77066 -0.00287833
0.578573 0.770523 -0.00272836
0.539893 0.767152 -0.00258414
0.477182 0.760674 -0.00245121
0.392849 0.751339 -0.0023347
0.290135 0.739507 -0.00223906
0.172987 0.725631 -0.00216799
0.0459076 0.710244 -0.0021242
-0.0862206 0.693939 -0.00210939
-0.21832 0.677341 -0.00212412
-0.345314 0.661089 -0.00216782
-0.462322 0.645807 -0.00223882
-0.564849 0.632083 -0.00233439
-0.648954 0.620443 -0.00245085
-0.711404 0.611334 -0.00258374
-0.749801 0.605108 -0.00272793
-0.762669 0.602004 -0.0028779
-0.749513 0.60214 -0.00302788
-0.710839 0.605511 -0.0031721
-0.648133 0.611988 -0.00330503
-0.563804 0.621322 -0.00342155
-0.461094 0.633154 -0.00351719
-0.343949 0.64703 -0.00358827
-0.216871 0.662416 -0.00363206
-0.0847432 0.678721 -0.00364688
0.0473566 0.695318 -0.00363216
0.174352 0.71157 -0.00358846
0.291363 0.726853 -0.00351746
0.393894 0.740578 -0.0034219
0.478003 0.752219 -0.00330544
0.540459 0.761327 -0.00317256
0.578861 0.767554 -0.00302837
0.591735 0.770659 -0.0028784
0.578585 0.770524 -0.00272842
0.539916 0.767154 -0.0025842
0.477215 0.760677 -0.00245127
0.392891 0.751344 -0.00233474
0.290184 0.739512 -0.0022391
0.173042 0.725637 -0.00216801
0.0459653 0.710251 -0.00212422
-0.0861618 0.693946 -0.00210939
-0.218262 0.677349 -0.0021241
-0.34526 0.661096 -0.0021678
-0.462273 0.645814 -0.00223879
-0.564807 0.632088 -0.00233434
-0.648921 0.620447 -0.0024508
-0.711382 0.611338 -0.00258367
-0.74979 0.605111 -0.00272787
-0.762669 0.602004 -0.00287783
-0.749525 0.602139 -0.00302781
-0.710862 0.605509 -0.00317204
-0.648165 0.611984 -0.00330497
-0.563846 0.621317 -0.0034215
-0.461143 0.633148 -0.00351715
-0.344003 0.647023 -0.00358824
-0.216929 0.662409 -0.00363205
-0.084802 0.678713 -0.00364688
0.047299 0.695311 -0.00363217
0.174298 0.711563 -0.00358848
0.291315 0.726846 -0.0035175
0.393852 0.740572 -0.00342195
0.47797 0.752214 -0.0033055
0.540436 0.761324 -0.00317262
0.57885 0.767552 -0.00302843
0.591735 0.770659 -0.00287847
0.578596 0.770525 -0.00272849
0.539938 0.767156 -0.00258426
0.578305 0.772415 -0.00152866
0.565363 0.772277 -0.00138157
0.527394 0.768966 -0.00124013
0.465857 0.762608 -0.00110978
0.383118 0.75345 -0.000995525
0.282356 0.741841 -0.000901758
0.167443 0.728229 -0.000832082
0.0427943 0.713137 -0.000789175
-0.0867991 0.697144 -0.000774684
-0.216357 0.680866 -0.000789168
-0.340902 0.664927 -0.00083207
-0.455647 0.64994 -0.00090174
-0.556182 0.636481 -0.000995502
-0.638645 0.625068 -0.00110975
-0.699866 0.616138 -0.0012401
-0.737493 0.610036 -0.00138154
-0.75008 0.606995 -0.00152863
-0.737143 0.607132 -0.00167572
-0.699179 0.610443 -0.00181716
-0.637648 0.616799 -0.00194752
-0.554913 0.625957 -0.00206177
-0.454154 0.637565 -0.00215555
-0.339244 0.651177 -0.00222523
-0.214597 0.666269 -0.00226814
-0.0850043 0.682261 -0.00228264
0.0445546 0.69854 -0.00226816
0.169101 0.714479 -0.00222527
0.283848 0.729466 -0.0021556
0.384387 0.742925 -0.00206184
0.466854 0.754339 -0.0019476
0.528081 0.76327 -0.00181725
0.565713 0.769373 -0.00167582
0.578306 0.772414 -0.00152873
0.565374 0.772278 -0.00138163
0.527416 0.768968 -0.00124019
0.465889 0.762612 -0.00110983
0.383159 0.753454 -0.000995571
0.282404 0.741847 -0.000901794
0.167496 0.728236 -0.000832107
0.0428508 0.713144 -0.000789187
-0.0867414 0.697152 -0.000774684
-0.216301 0.680873 -0.000789155
-0.340849 0.664934 -0.000832045
-0.455599 0.649946 -0.000901704
-0.556141 0.636487 -0.000995456
-0.638613 0.625072 -0.0011097
-0.699844 0.616142 -0.00124004
-0.737482 0.610038 -0.00138147
-0.75008 0.606995 -0.00152856
-0.737154 0.607131 -0.00167566
-0.699201 0.610441 -0.0018171
-0.63768 0.616796 -0.00194746
-0.554954 0.625953 -0.00206173
-0.454202 0.63756 -0.00215551
-0.339297 0.65117 -0.0022252
-0.214654 0.666262 -0.00226813
-0.0850619 0.682254 -0.00228264
0.0444981 0.698533 -0.00226817
0.169048 0.714472 -0.00222529
0.2838 0.72946 -0.00215564
0.384347 0.74292 -0.00206189
0.466822 0.754335 -0.00194765
0.528059 0.763266 -0.00181731
0.565702 0.769371 -0.00167588
0.578306 0.772414 -0.00152879
0.565386 0.772278 -0.0013817
0.527438 0.76897 -0.00124025
0.465921 0.762615 -0.00110989
0.3832 0.753459 -0.000995617
0.282452 0.741853 -0.000901831
0.167549 0.728242 -0.000832132
0.0429074 0.713151 -0.0007892
-0.0866838 0.697159 -0.000774684
-0.216244 0.68088 -0.000789143
-0.340795 0.66494 -0.00083202
-0.455551 0.649953 -0.000901667
-0.556101 0.636492 -0.000995409
-0.638581 0.625077 -0.00110964
-0.699822 0.616145 -0.00123998
-0.737471 0.61004 -0.00138141
-0.75008 0.606996 -0.0015285
-0.737166 0.607131 -0.00167559
-0.699224 0.610438 -0.00181704
-0.637712 0.616792 -0.00194741
-0.554995 0.625948 -0.00206168
-0.45425 0.637554 -0.00215547
-0.33935 0.651164 -0.00222518
-0.21471 0.666255 -0.00226812
-0.0851195 0.682247 -0.00228264
0.0444416 0.698526 -0.00226819
0.168994 0.714466 -0.00222532
0.283752 0.729454 -0.00215567
0.384306 0.742914 -0.00206194
0.466791 0.75433 -0.00194771
0.528037 0.763263 -0.00181737
0.565691 0.769369 -0.00167595
0.578306 0.772413 -0.00152886
0.565397 0.772279 -0.00138176
0.52746 0.768972 -0.00124031
0.465954 0.762619 -0.00110994
0.383241 0.753464 -0.000995664
0.2825 0.741858 -0.000901867
0.167602 0.728249 -0.000832157
0.0429639 0.713158 -0.000789213
-0.0866262 0.697166 -0.000774684
-0.216188 0.680887 -0.00078913
-0.340742 0.664947 -0.000831995
-0.455503 0.649959 -0.000901631
-0.55606 0.636498 -0.000995363
-0.638549 0.625081 -0.00110959
-0.6998 0.616148 -0.00123992
-0.73746 0.610042 -0.00138135
-0.75008 0.606997 -0.00152843
-0.737177 0.60713 -0.00167553
-0.699246 0.610436 -0.00181698
-0.637744 0.616789 -0.00194735
-0.555035 0.625944 -0.00206164
-0.454298 0.637548 -0.00215544
-0.339404 0.651158 -0.00222515
-0.214767 0.666248 -0.0022681
-0.0851772 0.68224 -0.00228264
0.0443851 0.698519 -0.0022682
0.168941 0.714459 -0.00222534
0.283705 0.729447 -0.00215571
0.384265 0.742909 -0.00206198
0.466759 0.754326 -0.00194776
0.528015 0.76326 -0.00181743
0.56568 0.769367 -0.00167601
0.578306 0.772412 -0.00152892
0.565408 0.77228 -0.00138183
0.527482 0.768974 -0.00124037
0.465986 0.762622 -0.00111
0.383281 0.753468 -0.00099571
0.282548 0.741864 -0.000901904
0.167656 0.728255 -0.000832182
0.0430204 0.713165 -0.000789226
-0.0865685 0.697173 -0.000774684
-0.216131 0.680894 -0.000789117
-0.340689 0.664954 -0.00083197
-0.455455 0.649965 -0.000901595
-0.556019 0.636503 -0.000995317
-0.638517 0.625086 -0.00110953
-0.699778 0.616152 -0.00123986
-0.737448 0.610044 -0.00138128
-0.75008 0.606997 -0.00152837
-0.737188 0.607129 -0.00167546
-0.699268 0.610434 -0.00181692
-0.637776 0.616785 -0.0019473
-0.555076 0.625939 -0.00206159
-0.454346 0.637543 -0.0021554
-0.339457 0.651151 -0.00222513
-0.214823 0.666241 -0.00226809
-0.0852348 0.682233 -0.00228264
0.0443285 0.698511 -0.00226821
0.168888 0.714452 -0.00222537
0.283657 0.729441 -0.00215575
0.384224 0.742903 -0.00206203
0.466727 0.754321 -0.00194782
0.527993 0.763256 -0.00181749
0.565668 0.769365 -0.00167607
0.539369 0.77086 -0.000231041
0.527177 0.77073 -9.2483e-05
0.491411 0.767611 4.07506e-05
0.433444 0.761622 0.00016354
0.355505 0.752995 0.000271166
0.260588 0.74206 0.000359493
0.152342 0.729238 0.000425126
0.034925 0.715021 0.000465545
-0.0871501 0.699956 0.000479194
-0.209192 0.684622 0.000465551
-0.326511 0.669608 0.000425138
-0.434599 0.65549 0.00035951
-0.529302 0.642812 0.000271187
-0.606981 0.632061 0.000163565
-0.66465 0.62365 4.0779e-05
-0.700094 0.617901 -9.24528e-05
-0.711951 0.615037 -0.00023101
-0.699765 0.615166 -0.000369569
-0.664003 0.618285 -0.000502804
-0.606042 0.624272 -0.000625596
-0.528107 0.632899 -0.000733226
-0.433193 0.643834 -0.000821558
-0.324949 0.656655 -0.000887197
-0.207534 0.670872 -0.000927621
-0.0854594 0.685937 -0.000941276
0.0365832 0.701271 -0.000927639
0.153904 0.716285 -0.000887232
0.261994 0.730403 -0.000821609
0.356701 0.743081 -0.000733291
0.434383 0.753833 -0.000625673
0.492058 0.762245 -0.00050289
0.527507 0.767994 -0.00036966
0.539369 0.770859 -0.000231103
0.527188 0.770731 -9.25435e-05
0.491431 0.767613 4.06936e-05
0.433474 0.761626 0.000163488
0.355543 0.752999 0.000271122
0.260634 0.742065 0.000359458
0.152392 0.729244 0.000425103
0.0349782 0.715028 0.000465532
-0.0870958 0.699963 0.000479194
-0.209139 0.684629 0.000465563
-0.326461 0.669614 0.000425162
-0.434554 0.655496 0.000359544
-0.529264 0.642818 0.000271231
-0.606951 0.632065 0.000163616
-0.66463 0.623653 4.0836e-05
-0.700084 0.617903 -9.23923e-05
-0.711951 0.615037 -0.000230949
-0.699775 0.615165 -0.000369509
-0.664024 0.618283 -0.000502747
-0.606072 0.624269 -0.000625545
-0.528145 0.632895 -0.000733182
-0.433239 0.643828 -0.000821523
-0.324999 0.656649 -0.000887173
-0.207587 0.670865 -0.000927609
-0.0855137 0.68593 -0.000941276
0.0365299 0.701264 -0.000927651
0.153854 0.716279 -0.000887256
0.261949 0.730397 -0.000821643
0.356662 0.743076 -0.000733335
0.434353 0.753829 -0.000625724
0.492037 0.762242 -0.000502947
0.527496 0.767992 -0.00036972
0.539369 0.770859 -0.000231164
0.527198 0.770731 -9.26039e-05
0.491452 0.767615 4.06367e-05
0.433505 0.761629 0.000163437
0.355582 0.753004 0.000271078
0.260679 0.742071 0.000359424
0.152442 0.72925 0.000425079
0.0350315 0.715034 0.00046552
-0.0870415 0.69997 0.000479194
-0.209086 0.684635 0.000465575
-0.326411 0.669621 0.000425185
-0.434509 0.655502 0.000359578
-0.529225 0.642823 0.000271275
-0.606921 0.63207 0.000163668
-0.664609 0.623656 4.08929e-05
-0.700073 0.617905 -9.23319e-05
-0.711951 0.615038 -0.000230887
-0.699786 0.615165 -0.000369448
-0.664045 0.618281 -0.00050269
-0.606102 0.624266 -0.000625494
-0.528183 0.63289 -0.000733139
-0.433284 0.643823 -0.000821489
-0.32505 0.656643 -0.00088715
-0.20764 0.670859 -0.000927597
-0.085568 0.685923 -0.000941276
0.0364767 0.701257 -0.000927663
0.153804 0.716272 -0.000887279
0.261904 0.730391 -0.000821678
0.356624 0.743071 -0.000733379
0.434323 0.753825 -0.000625776
0.492016 0.762239 -0.000503004
0.527486 0.76799 -0.000369781
0.539369 0.770858 -0.000231226
0.527209 0.770732 -9.26644e-05
0.491473 0.767617 4.05797e-05
0.433535 0.761632 0.000163386
0.35562 0.753008 0.000271035
0.260724 0.742076 0.00035939
0.152492 0.729256 0.000425055
0.0350848 0.715041 0.000465508
-0.0869872 0.699977 0.000479194
-0.209032 0.684642 0.000465587
-0.326361 0.669627 0.000425209
-0.434464 0.655508 0.000359612
-0.529187 0.642828 0.000271318
-0.60689 0.632074 0.000163719
-0.664588 0.623659 4.09498e-05
-0.700063 0.617907 -9.22715e-05
-0.711951 0.615038 -0.000230825
-0.699797 0.615164 -0.000369388
-0.664066 0.618278 -0.000502634
-0.606132 0.624263 -0.000625443
-0.528222 0.632886 -0.000733095
-0.433329 0.643818 -0.000821455
-0.3251 0.656637 -0.000887126
-0.207694 0.670852 -0.000927585
-0.0856223 0.685916 -0.000941276
0.0364235 0.701251 -0.000927675
0.153753 0.716266 -0.000887303
0.261859 0.730385 -0.000821712
0.356586 0.743066 -0.000733422
0.434293 0.75382 -0.000625827
0.491996 0.762236 -0.000503061
0.527475 0.767989 -0.000369841
0.539369 0.770858 -0.000231288
0.52722 0.770733 -9.27248e-05
0.491494 0.767619 4.05228e-05
0.433565 0.761635 0.000163335
0.355659 0.753012 0.000270991
0.260769 0.742081 0.000359356
0.152543 0.729262 0.000425032
0.035138 0.715047 0.000465496
-0.0869329 0.699983 0.000479194
-0.208979 0.684649 0.000465599
-0.326311 0.669634 0.000425232
-0.434419 0.655514 0.000359647
-0.529149 0.642833 0.000271362
-0.60686 0.632078 0.00016377
-0.664567 0.623662 4.10068e-05
-0.700052 0.617909 -9.2211e-05
-0.711951 0.615039 -0.000230764
-0.699807 0.615163 -0.000369327
-0.664087 0.618276 -0.000502577
-0.606162 0.624259 -0.000625391
-0.52826 0.632882 -0.000733052
-0.433374 0.643812 -0.000821421
-0.32515 0.656631 -0.000887102
0.476421 0.766057 0.000964861
0.465448 0.76594 0.00108956
0.433259 0.763132 0.00120947
0.38109 0.757743 0.00131998
0.310946 0.749979 0.00141684
0.225523 0.740137 0.00149633
0.128103 0.728598 0.0015554
0.0224292 0.715803 0.00159178
-0.0874364 0.702244 0.00160406
-0.197272 0.688444 0.00159178
-0.302858 0.674931 0.00155541
-0.400135 0.662226 0.00149635
-0.485366 0.650816 0.00141686
-0.555276 0.64114 0.00132
-0.607177 0.63357 0.0012095
-0.639077 0.628396 0.00108959
-0.649747 0.625818 0.000964889
-0.63878 0.625935 0.000840188
-0.606595 0.628741 0.000720279
-0.55443 0.63413 0.000609768
-0.48429 0.641894 0.000512903
-0.39887 0.651735 0.000433406
-0.301452 0.663274 0.000374332
-0.19578 0.676069 0.000337951
-0.0859148 0.689627 0.000325661
0.0239215 0.703428 0.000337934
0.129508 0.71694 0.0003743
0.226788 0.729646 0.00043336
0.312022 0.741056 0.000512844
0.381935 0.750733 0.000609699
0.433841 0.758304 0.000720202
0.465745 0.763478 0.000840107
0.476421 0.766056 0.000964806
0.465458 0.76594 0.00108951
0.433278 0.763134 0.00120942
0.381117 0.757746 0.00131993
0.310981 0.749982 0.0014168
0.225563 0.740142 0.0014963
0.128148 0.728603 0.00155538
0.0224771 0.715809 0.00159177
-0.0873875 0.702251 0.00160406
-0.197224 0.68845 0.00159179
-0.302813 0.674937 0.00155543
-0.400094 0.662231 0.00149638
-0.485332 0.650821 0.0014169
-0.555249 0.641144 0.00132005
-0.607159 0.633573 0.00120955
-0.639067 0.628398 0.00108964
-0.649747 0.625819 0.000964944
-0.638789 0.625934 0.000840243
-0.606614 0.628739 0.00072033
-0.554458 0.634127 0.000609814
-0.484325 0.64189 0.000512942
-0.39891 0.65173 0.000433437
-0.301497 0.663269 0.000374353
-0.195828 0.676063 0.000337962
-0.0859637 0.689621 0.000325661
0.0238736 0.703422 0.000337924
0.129463 0.716935 0.000374279
0.226747 0.729641 0.000433329
0.311988 0.741052 0.000512805
0.381908 0.750729 0.000609653
0.433823 0.758301 0.000720151
0.465736 0.763476 0.000840052
0.476421 0.766056 0.00096475
0.465467 0.765941 0.00108945
0.433297 0.763136 0.00120937
0.381144 0.757749 0.00131989
0.311015 0.749986 0.00141676
0.225604 0.740147 0.00149627
0.128193 0.728608 0.00155536
0.0225251 0.715814 0.00159176
-0.0873387 0.702257 0.00160406
-0.197176 0.688456 0.0015918
-0.302767 0.674943 0.00155545
-0.400054 0.662237 0.00149641
-0.485297 0.650825 0.00141694
-0.555222 0.641148 0.00132009
-0.60714 0.633575 0.0012096
-0.639058 0.6284 0.0010897
-0.649747 0.625819 0.000965
-0.638799 0.625933 0.000840297
-0.606633 0.628738 0.000720381
-0.554485 0.634124 0.00060986
-0.484359 0.641886 0.000512981
-0.398951 0.651725 0.000433467
-0.301542 0.663264 0.000374374
-0.195876 0.676057 0.000337972
-0.0860125 0.689615 0.000325661
0.0238257 0.703416 0.000337913
0.129418 0.716929 0.000374257
0.226707 0.729635 0.000433298
0.311953 0.741047 0.000512766
0.381881 0.750725 0.000609607
0.433804 0.758298 0.000720099
0.465726 0.763474 0.000839998
0.476421 0.766055 0.000964695
0.465477 0.765942 0.0010894
0.433315 0.763138 0.00120932
0.381172 0.757752 0.00131984
0.31105 0.74999 0.00141672
0.225645 0.740152 0.00149624
0.128238 0.728614 0.00155534
0.022573 0.71582 0.00159174
-0.0872898 0.702263 0.00160406
-0.197129 0.688462 0.00159182
-0.302722 0.674949 0.00155548
-0.400013 0.662242 0.00149644
-0.485263 0.65083 0.00141698
-0.555194 0.641151 0.00132014
-0.607121 0.633578 0.00120965
-0.639048 0.628401 0.00108975
-0.649748 0.62582 0.000965055
-0.638808 0.625933 0.000840352
-0.606651 0.628736 0.000720432
-0.554512 0.634121 0.000609906
-0.484394 0.641882 0.000513021
-0.398992 0.651721 0.000433498
-0.301587 0.663258 0.000374395
-0.195924 0.676051 0.000337983
-0.0860614 0.689609 0.000325661
0.0237778 0.70341 0.000337902
0.129373 0.716923 0.000374236
0.226666 0.72963 0.000433267
0.311919 0.741042 0.000512726
0.381854 0.750721 0.00060956
0.433785 0.758295 0.000720048
0.465717 0.763472 0.000839944
0.476421 0.766055 0.000964639
0.465487 0.765942 0.00108934
0.433334 0.76314 0.00120926
0.381199 0.757755 0.00131979
0.311085 0.749994 0.00141668
0.225685 0.740156 0.00149621
0.128283 0.728619 0.00155532
0.0226209 0.715826 0.00159173
0.39188 0.75819 0.00201309
0.382549 0.75809 0.00211914
0.355174 0.755703 0.00222111
0.310807 0.751119 0.00231509
0.251154 0.744516 0.00239747
0.178506 0.736147 0.00246507
0.095656 0.726333 0.00251531
0.00578712 0.715452 0.00254624
-0.0876471 0.703921 0.00255669
-0.181056 0.692185 0.00254625
-0.27085 0.680693 0.00251532
-0.353579 0.669888 0.00246509
-0.426063 0.660184 0.00239749
-0.485517 0.651955 0.00231511
-0.529656 0.645517 0.00222114
-0.556784 0.641118 0.00211916
-0.565859 0.638925 0.00201311
-0.556532 0.639024 0.00190706
-0.529161 0.641411 0.00180509
-0.484798 0.645994 0.0017111
-0.425148 0.652597 0.00162873
-0.352503 0.660966 0.00156112
-0.269655 0.670779 0.00151088
-0.179787 0.681661 0.00147994
-0.086353 0.693191 0.00146949
0.00705628 0.704928 0.00147993
0.0968516 0.716419 0.00151085
0.179582 0.727225 0.00156108
0.252069 0.736929 0.00162868
0.311526 0.745158 0.00171104
0.355669 0.751596 0.00180502
0.382801 0.755996 0.00190699
0.39188 0.758189 0.00201304
0.382557 0.758091 0.00211909
0.35519 0.755704 0.00222107
0.31083 0.751122 0.00231506
0.251183 0.74452 0.00239744
0.178541 0.736151 0.00246505
0.0956944 0.726338 0.00251529
0.00582789 0.715457 0.00254624
-0.0876055 0.703926 0.00255669
-0.181015 0.69219 0.00254626
-0.270812 0.680698 0.00251534
-0.353544 0.669892 0.00246511
-0.426033 0.660188 0.00239752
-0.485494 0.651959 0.00231515
-0.52964 0.64552 0.00222118
-0.556776 0.641119 0.00211921
-0.565859 0.638926 0.00201316
-0.55654 0.639024 0.00190711
-0.529177 0.64141 0.00180513
-0.484821 0.645992 0.00171114
-0.425177 0.652594 0.00162876
-0.352537 0.660962 0.00156114
-0.269693 0.670775 0.0015109
-0.179828 0.681656 0.00147995
-0.0863946 0.693186 0.00146949
0.00701554 0.704922 0.00147992
0.0968132 0.716414 0.00151083
0.179548 0.72722 0.00156105
0.252039 0.736925 0.00162864
0.311503 0.745154 0.00171101
0.355653 0.751594 0.00180498
0.382793 0.755995 0.00190695
0.39188 0.758189 0.002013
0.382565 0.758091 0.00211905
0.355205 0.755706 0.00222103
0.310853 0.751124 0.00231502
0.251213 0.744523 0.0023974
0.178575 0.736155 0.00246502
0.0957329 0.726342 0.00251527
0.00586865 0.715462 0.00254623
-0.0875639 0.703932 0.00255669
-0.180974 0.692195 0.00254627
-0.270773 0.680703 0.00251535
-0.35351 0.669897 0.00246514
-0.426004 0.660192 0.00239755
-0.485471 0.651962 0.00231519
-0.529624 0.645522 0.00222122
-0.556768 0.641121 0.00211926
-0.565859 0.638926 0.00201321
-0.556548 0.639023 0.00190716
-0.529193 0.641408 0.00180517
-0.484844 0.645989 0.00171118
-0.425207 0.65259 0.00162879
-0.352572 0.660958 0.00156117
-0.269731 0.67077 0.00151092
-0.179868 0.681651 0.00147996
-0.0864361 0.693181 0.00146949
0.00697479 0.704917 0.00147991
0.0967748 0.716409 0.00151082
0.179513 0.727216 0.00156103
0.25201 0.736921 0.00162861
0.31148 0.745151 0.00171097
0.355637 0.751591 0.00180493
0.382785 0.755993 0.0019069
0.39188 0.758188 0.00201295
0.382573 0.758092 0.002119
0.355221 0.755708 0.00222098
0.310876 0.751127 0.00231498
0.251242 0.744526 0.00239737
0.17861 0.736159 0.002465
0.0957713 0.726347 0.00251525
0.00590942 0.715467 0.00254622
-0.0875224 0.703937 0.00255669
-0.180934 0.6922 0.00254628
-0.270735 0.680708 0.00251537
-0.353475 0.669901 0.00246517
-0.425975 0.660196 0.00239759
-0.485448 0.651965 0.00231523
-0.529608 0.645525 0.00222127
-0.55676 0.641122 0.0021193
-0.565859 0.638927 0.00201325
-0.556556 0.639023 0.0019072
-0.529209 0.641406 0.00180522
-0.484867 0.645987 0.00171122
0.288996 0.747562 0.00287336
0.281664 0.747483 0.00295669
0.260155 0.745607 0.00303681
0.225296 0.742006 0.00311065
0.178425 0.736818 0.00317537
0.121346 0.730242 0.00322849
0.0562493 0.722531 0.00326796
-0.0143617 0.713982 0.00329227
-0.0877739 0.704922 0.00330048
-0.161166 0.695701 0.00329227
-0.231719 0.686671 0.00326797
-0.296719 0.678182 0.0032285
-0.353671 0.670557 0.00317539
-0.400384 0.664092 0.00311067
-0.435065 0.659034 0.00303683
-0.45638 0.655577 0.0029567
-0.46351 0.653854 0.00287338
-0.456182 0.653932 0.00279006
-0.434676 0.655807 0.00270993
-0.39982 0.659408 0.00263609
-0.352952 0.664596 0.00257136
-0.295874 0.671172 0.00251824
-0.230779 0.678882 0.00247877
-0.160169 0.687432 0.00245446
-0.0867572 0.696491 0.00244625
-0.0133645 0.705713 0.00245445
0.0571886 0.714742 0.00247875
0.122191 0.723232 0.00251821
0.179144 0.730856 0.00257132
0.225861 0.737322 0.00263604
0.260544 0.742381 0.00270988
0.281862 0.745838 0.00279
0.288996 0.747561 0.00287332
0.28167 0.747484 0.00295665
0.260168 0.745609 0.00303677
0.225314 0.742008 0.00311062
0.178449 0.736821 0.00317535
0.121373 0.730245 0.00322847
0.0562795 0.722535 0.00326795
-0.0143297 0.713986 0.00329226
-0.0877413 0.704926 0.00330048
-0.161134 0.695705 0.00329228
-0.231688 0.686675 0.00326798
-0.296692 0.678185 0.00322852
-0.353648 0.670561 0.00317541
-0.400366 0.664095 0.0031107
-0.435053 0.659035 0.00303686
-0.456374 0.655578 0.00295674
-0.46351 0.653854 0.00287342
-0.456188 0.653931 0.00279009
-0.434689 0.655806 0.00270997
-0.399838 0.659406 0.00263612
-0.352975 0.664593 0.00257139
-0.295901 0.671168 0.00251826
-0.230809 0.678879 0.00247878
-0.160201 0.687428 0.00245447
-0.0867899 0.696487 0.00244625
-0.0133965 0.705709 0.00245444
0.0571585 0.714738 0.00247873
0.122164 0.723228 0.00251819
0.179121 0.730853 0.0025713
0.225842 0.737319 0.00263601
0.260532 0.742379 0.00270985
0.281856 0.745837 0.00278996
0.288996 0.747561 0.00287329
0.281677 0.747484 0.00295661
0.26018 0.74561 0.00303674
0.225332 0.74201 0.00311059
0.178472 0.736823 0.00317532
0.1214 0.730248 0.00322845
0.0563096 0.722538 0.00326793
-0.0142976 0.71399 0.00329225
-0.0877086 0.70493 0.00330048
-0.161102 0.695709 0.00329229
-0.231658 0.686679 0.003268
-0.296665 0.678189 0.00322854
-0.353625 0.670564 0.00317544
-0.400348 0.664097 0.00311073
-0.43504 0.659037 0.00303689
-0.456368 0.655579 0.00295678
-0.463511 0.653855 0.00287345
-0.456195 0.653931 0.00279013
-0.434701 0.655805 0.00271
-0.399856 0.659404 0.00263615
-0.352998 0.664591 0.00257142
-0.295928 0.671165 0.00251828
-0.23084 0.678875 0.0024788
-0.160233 0.687424 0.00245447
-0.0868225 0.696483 0.00244625
-0.0134285 0.705705 0.00245443
0.0571283 0.714734 0.00247872
0.171721 0.73458 0.00351262
0.166671 0.734526 0.00357002
0.151855 0.733234 0.00362521
0.127842 0.730754 0.00367607
0.0955563 0.72718 0.00372066
0.0562374 0.72265 0.00375725
0.0113966 0.717338 0.00378443
-0.037243 0.711449 0.00380118
-0.0878122 0.705209 0.00380683
-0.138368 0.698856 0.00380118
-0.186967 0.692637 0.00378444
-0.231742 0.686789 0.00375725
-0.270972 0.681537 0.00372067
-0.30315 0.677083 0.00367608
-0.32704 0.673599 0.00362522
-0.341722 0.671217 0.00357003
-0.346634 0.670031 0.00351263
-0.341586 0.670084 0.00345523
-0.326772 0.671376 0.00340004
-0.302761 0.673857 0.00334918
-0.270477 0.67743 0.00330459
-0.23116 0.68196 0.003268
-0.18632 0.687271 0.00324081
-0.137681 0.69316 0.00322406
-0.0871118 0.699401 0.00321841
-0.0365561 0.705753 0.00322406
0.0120436 0.711973 0.00324079
0.0568197 0.717821 0.00326798
0.0960515 0.723073 0.00330456
0.128231 0.727527 0.00334914
0.152123 0.731012 0.00340001
0.166808 0.733393 0.0034552
0.171721 0.73458 0.00351259
0.166675 0.734527 0.00356999
0.151863 0.733235 0.00362518
0.127855 0.730755 0.00367605
0.0955722 0.727182 0.00372064
0.0562561 0.722652 0.00375723
0.0114174 0.717341 0.00378442
-0.0372209 0.711452 0.00380117
-0.0877897 0.705211 0.00380683
-0.138346 0.698859 0.00380118
-0.186946 0.692639 0.00378445
-0.231723 0.686791 0.00375727
-0.270956 0.681539 0.00372068
-0.303138 0.677085 0.0036761
-0.327031 0.6736 0.00362524
-0.341718 0.671218 0.00357005
-0.346634 0.670031 0.00351266
-0.34159 0.670084 0.00345526
-0.32678 0.671376 0.00340007
-0.302774 0.673855 0.0033492
-0.270493 0.677429 0.00330461
-0.231178 0.681958 0.00326801
-0.186341 0.687269 0.00324082
-0.137703 0.693158 0.00322407
-0.0871343 0.699398 0.00321841
-0.0365781 0.70575 0.00322405
0.0120229 0.71197 0.00324078
0.0568011 0.717819 0.00326796
0.0960357 0.723071 0.00330455
0.128219 0.727525 0.00334912
0.152114 0.73101 0.00339998
0.0445636 0.719745 0.0039063
0.0419886 0.719717 0.00393556
0.0344346 0.719059 0.0039637
0.0221918 0.717794 0.00398963
0.00573066 0.715972 0.00401236
-0.0143162 0.713662 0.00403102
-0.0371784 0.710954 0.00404488
-0.0619775 0.707951 0.00405342
-0.0877603 0.70477 0.0040563
-0.113536 0.701531 0.00405342
-0.138315 0.69836 0.00404488
-0.161143 0.695378 0.00403102
-0.181145 0.692701 0.00401237
-0.197551 0.69043 0.00398964
-0.209731 0.688653 0.00396371
-0.217217 0.687439 0.00393557
-0.219721 0.686834 0.0039063
-0.217148 0.686862 0.00387704
-0.209595 0.68752 0.0038489
-0.197353 0.688785 0.00382296
-0.180893 0.690607 0.00380023
-0.160846 0.692916 0.00378158
-0.137985 0.695624 0.00376771
-0.113186 0.698627 0.00375917
-0.0874033 0.701809 0.00375629
-0.0616273 0.705047 0.00375917
-0.0368485 0.708218 0.0037677
-0.0140193 0.7112 0.00378156
0.00598316 0.713878 0.00380022
0.0223902 0.716149 0.00382295
0.0345713 0.717925 0.00384888
0.0420583 0.71914 0.00387702
-0.0875909 0.703626 0.00403926
