-0.868098 -0.240167 2.1686e-06
-0.887144 -0.171892 2.21874e-06
-0.887063 -0.173282 1.60495e-06
-0.886259 -0.177245 1.01475e-06
-0.884763 -0.183627 4.70819e-07
-0.882632 -0.192183 -5.94435e-09
-0.879948 -0.202585 -3.97217e-07
-0.876814 -0.214433 -6.87962e-07
-0.873351 -0.227271 -8.67007e-07
-0.869691 -0.240607 -9.27473e-07
-0.865976 -0.253927 -8.67034e-07
-0.862349 -0.266719 -6.88014e-07
-0.858947 -0.278493 -3.97292e-07
-0.855903 -0.288796 -6.04088e-09
-0.853333 -0.297232 4.70705e-07
-0.851336 -0.303476 1.01463e-06
-0.849989 -0.307289 1.60482e-06
-0.849344 -0.308524 2.2186e-06
-0.849424 -0.307134 2.83239e-06
-0.850228 -0.303172 3.4226e-06
-0.851725 -0.29679 3.96655e-06
-0.853856 -0.288234 4.44333e-06
-0.85654 -0.277833 4.83462e-06
-0.859673 -0.265985 5.12539e-06
-0.863136 -0.253147 5.30446e-06
-0.866796 -0.239812 5.36495e-06
-0.870511 -0.226492 5.30454e-06
-0.874139 -0.213699 5.12554e-06
-0.87754 -0.201925 4.83485e-06
-0.880584 -0.191621 4.44362e-06
-0.883154 -0.183185 3.96689e-06
-0.885151 -0.176941 3.42298e-06
-0.886498 -0.173127 2.83279e-06
-0.90575 -0.10632 2.36723e-06
-0.905591 -0.109048 1.16324e-06
-0.904014 -0.116821 5.51973e-09
-0.901079 -0.12934 -1.06144e-06
-0.896898 -0.146124 -1.99665e-06
-0.891633 -0.166528 -2.76416e-06
-0.885486 -0.189768 -3.33448e-06
-0.878693 -0.214951 -3.68569e-06
-0.871515 -0.24111 -3.80429e-06
-0.864228 -0.267238 -3.68574e-06
-0.857111 -0.292332 -3.33458e-06
-0.850439 -0.315427 -2.76431e-06
-0.844468 -0.335637 -1.99684e-06
-0.839427 -0.352184 -1.06167e-06
-0.83551 -0.364432 5.27234e-09
-0.832868 -0.371911 1.16298e-06
-0.831601 -0.374334 2.36696e-06
-0.83176 -0.371607 3.57095e-06
-0.833337 -0.363836 4.72869e-06
-0.836271 -0.351318 5.79568e-06
-0.840452 -0.334534 6.73091e-06
-0.845716 -0.314131 7.49846e-06
-0.851863 -0.290891 8.06883e-06
-0.858656 -0.265709 8.42009e-06
-0.865835 -0.239551 8.53875e-06
-0.873122 -0.213422 8.42024e-06
-0.880238 -0.188328 8.06913e-06
-0.88691 -0.165232 7.49891e-06
-0.892882 -0.145022 6.73148e-06
-0.897923 -0.128474 5.79634e-06
-0.90184 -0.116224 4.72943e-06
-0.904483 -0.108744 3.57174e-06
-0.90575 -0.10632 2.36776e-06
-0.905592 -0.109046 1.16377e-06
-0.904015 -0.116816 6.01452e-09
-0.90108 -0.129333 -1.061e-06
-0.896901 -0.146116 -1.99627e-06
-0.891636 -0.166519 -2.76386e-06
-0.885489 -0.189758 -3.33427e-06
-0.878696 -0.21494 -3.68558e-06
-0.871518 -0.241098 -3.80429e-06
-0.864231 -0.267226 -3.68584e-06
-0.857114 -0.292321 -3.33478e-06
-0.850442 -0.315418 -2.7646e-06
-0.844471 -0.335629 -1.99722e-06
-0.839429 -0.352177 -1.06211e-06
-0.835512 -0.364428 4.77758e-09
-0.832869 -0.371909 1.16245e-06
-0.831602 -0.374334 2.36642e-06
-0.831759 -0.37161 3.57043e-06
-0.833335 -0.36384 4.72819e-06
-0.83627 -0.351324 5.79523e-06
-0.840449 -0.334543 6.73054e-06
-0.845714 -0.314141 7.49817e-06
-0.85186 -0.290902 8.06862e-06
-0.858653 -0.26572 8.41998e-06
-0.865831 -0.239562 8.53875e-06
-0.873119 -0.213434 8.42035e-06
-0.880235 -0.188339 8.06934e-06
-0.886908 -0.165242 7.49921e-06
-0.892879 -0.14503 6.73186e-06
-0.897921 -0.12848 5.79679e-06
-0.901839 -0.116229 4.72992e-06
-0.9232 -0.0459727 2.60836e-06
-0.92297 -0.0499332 8.60438e-07
-0.92068 -0.0612177 -8.20312e-07
-0.916419 -0.0793925 -2.3693e-06
-0.91035 -0.103759 -3.72701e-06
-0.902706 -0.133382 -4.84126e-06
-0.893782 -0.167121 -5.66924e-06
-0.883919 -0.203681 -6.17912e-06
-0.873498 -0.241657 -6.35131e-06
-0.862919 -0.279589 -6.17919e-06
-0.852587 -0.31602 -5.66939e-06
-0.842901 -0.349549 -4.84148e-06
-0.834233 -0.378889 -3.72729e-06
-0.826914 -0.402912 -2.36963e-06
-0.821228 -0.420694 -8.20671e-07
-0.817391 -0.431552 8.60057e-07
-0.815553 -0.435069 2.60797e-06
-0.815783 -0.431111 4.3559e-06
-0.818072 -0.419828 6.03667e-06
-0.822333 -0.401654 7.5857e-06
-0.828401 -0.377289 8.94346e-06
-0.836045 -0.347668 1.00578e-05
-0.844969 -0.313929 1.08858e-05
-0.854831 -0.277369 1.13958e-05
-0.865252 -0.239394 1.1568e-05
-0.875831 -0.201461 1.1396e-05
-0.886163 -0.16503 1.08863e-05
-0.895849 -0.1315 1.00584e-05
-0.904518 -0.102159 8.94428e-06
-0.911837 -0.078135 7.58667e-06
-0.917524 -0.0603515 6.03775e-06
-0.92136 -0.0494916 4.35704e-06
-0.9232 -0.0459726 2.60914e-06
-0.92297 -0.0499298 8.61201e-07
-0.920681 -0.0612111 -8.19594e-07
-0.916421 -0.079383 -2.36866e-06
-0.910353 -0.103747 -3.72646e-06
-0.90271 -0.133367 -4.84083e-06
-0.893786 -0.167105 -5.66894e-06
-0.883924 -0.203664 -6.17897e-06
-0.873503 -0.24164 -6.35131e-06
-0.862924 -0.279572 -6.17934e-06
-0.852592 -0.316004 -5.66968e-06
-0.842905 -0.349535 -4.84191e-06
-0.834236 -0.378877 -3.72784e-06
-0.826917 -0.402902 -2.37027e-06
-0.82123 -0.420687 -8.2139e-07
-0.817393 -0.431549 8.59295e-07
-0.815553 -0.435069 2.60719e-06
-0.815782 -0.431114 4.35514e-06
-0.81807 -0.419834 6.03595e-06
-0.82233 -0.401664 7.58505e-06
-0.828398 -0.377301 8.94291e-06
-0.836041 -0.347682 1.00573e-05
-0.844965 -0.313944 1.08855e-05
-0.854826 -0.277386 1.13956e-05
-0.865247 -0.23941 1.1568e-05
-0.875827 -0.201478 1.13961e-05
-0.886158 -0.165045 1.08866e-05
-0.895845 -0.131514 1.00588e-05
-0.904515 -0.102171 8.94483e-06
-0.911834 -0.0781443 7.58732e-06
-0.917522 -0.0603578 6.03847e-06
-0.921359 -0.0494948 4.3578e-06
-0.923199 -0.0459725 2.60991e-06
-0.922971 -0.0499264 8.61964e-07
-0.920683 -0.0612046 -8.18876e-07
-0.916423 -0.0793736 -2.36801e-06
-0.910356 -0.103735 -3.72591e-06
-0.902713 -0.133353 -4.8404e-06
-0.89379 -0.16709 -5.66864e-06
-0.883928 -0.203648 -6.17881e-06
-0.873508 -0.241623 -6.35131e-06
-0.862928 -0.279556 -6.1795e-06
-0.852596 -0.315989 -5.66998e-06
-0.842909 -0.349521 -4.84234e-06
-0.83424 -0.378865 -3.72839e-06
-0.82692 -0.402893 -2.37092e-06
-0.821232 -0.420681 -8.22108e-07
-0.817394 -0.431546 8.58532e-07
-0.815554 -0.43507 2.60642e-06
-0.815782 -0.431117 4.35437e-06
-0.818069 -0.419841 6.03523e-06
-0.822328 -0.401673 7.58441e-06
-0.828395 -0.377313 8.94236e-06
-0.836037 -0.347696 1.00569e-05
-0.84496 -0.31396 1.08852e-05
-0.854822 -0.277402 1.13955e-05
-0.865242 -0.239427 1.1568e-05
-0.875822 -0.201494 1.13963e-05
-0.886154 -0.165061 1.08868e-05
-0.938824 0.00683146 2.93287e-06
-0.938531 0.00179069 7.08184e-07
-0.935617 -0.0125718 -1.43101e-06
-0.930193 -0.035704 -3.4025e-06
-0.922469 -0.066717 -5.13054e-06
-0.91274 -0.104419 -6.54872e-06
-0.901382 -0.147361 -7.60253e-06
-0.888829 -0.193894 -8.25148e-06
-0.875566 -0.242228 -8.47064e-06
-0.862101 -0.290506 -8.25158e-06
-0.848951 -0.336874 -7.60272e-06
-0.836623 -0.379549 -6.54899e-06
-0.82559 -0.416891 -5.13089e-06
-0.816275 -0.447466 -3.40292e-06
-0.809038 -0.470099 -1.43147e-06
-0.804155 -0.483919 7.07699e-07
-0.801815 -0.488395 2.93237e-06
-0.802107 -0.483357 5.15707e-06
-0.805021 -0.468996 7.29629e-06
-0.810444 -0.445866 9.26783e-06
-0.818168 -0.414854 1.09959e-05
-0.827896 -0.377154 1.24142e-05
-0.839254 -0.334213 1.34681e-05
-0.851806 -0.287681 1.41171e-05
-0.86507 -0.239347 1.43364e-05
-0.878535 -0.191068 1.41174e-05
-0.891685 -0.1447 1.34686e-05
-0.904013 -0.102024 1.2415e-05
-0.915047 -0.06468 1.0997e-05
-0.924361 -0.0341035 9.26906e-06
-0.9316 -0.0114693 7.29766e-06
-0.936483 0.00235279 5.15852e-06
-0.938823 0.00683159 2.93386e-06
-0.938532 0.001795 7.09155e-07
-0.935618 -0.0125634 -1.43009e-06
-0.930196 -0.0356919 -3.40168e-06
-0.922472 -0.0667017 -5.12984e-06
-0.912745 -0.104401 -6.54817e-06
-0.901387 -0.147341 -7.60215e-06
-0.888835 -0.193872 -8.25129e-06
-0.875572 -0.242206 -8.47064e-06
-0.862106 -0.290485 -8.25177e-06
-0.848957 -0.336854 -7.6031e-06
-0.836628 -0.379531 -6.54954e-06
-0.825594 -0.416876 -5.13159e-06
-0.816279 -0.447454 -3.40374e-06
-0.80904 -0.47009 -1.43238e-06
-0.804157 -0.483915 7.06728e-07
-0.801815 -0.488395 2.93138e-06
-0.802107 -0.483361 5.1561e-06
-0.805019 -0.469005 7.29537e-06
-0.810441 -0.445878 9.26701e-06
-0.818164 -0.41487 1.09952e-05
-0.827891 -0.377172 1.24136e-05
-0.839249 -0.334232 1.34677e-05
-0.851801 -0.287702 1.41169e-05
-0.865064 -0.239368 1.43364e-05
-0.878529 -0.191089 1.41176e-05
-0.891679 -0.14472 1.3469e-05
-0.904008 -0.102042 1.24156e-05
-0.915042 -0.0646951 1.09977e-05
-0.924358 -0.0341153 9.26989e-06
-0.931597 -0.0114774 7.29857e-06
-0.936481 0.00234872 5.15949e-06
-0.938823 0.00683171 2.93485e-06
-0.938532 0.00179932 7.10125e-07
-0.93562 -0.0125551 -1.42918e-06
-0.930199 -0.0356799 -3.40086e-06
-0.922476 -0.0666864 -5.12914e-06
-0.91275 -0.104383 -6.54762e-06
-0.901392 -0.147321 -7.60177e-06
-0.888841 -0.193851 -8.2511e-06
-0.875578 -0.242185 -8.47064e-06
-0.862112 -0.290464 -8.25197e-06
-0.848963 -0.336834 -7.60348e-06
-0.836633 -0.379513 -6.55009e-06
-0.825599 -0.416861 -5.13229e-06
-0.816283 -0.447443 -3.40456e-06
-0.809043 -0.470082 -1.43329e-06
-0.804158 -0.48391 7.05758e-07
-0.801816 -0.488396 2.93039e-06
-0.802106 -0.483365 5.15512e-06
-0.805017 -0.469013 7.29446e-06
-0.810438 -0.44589 9.26618e-06
-0.81816 -0.414885 1.09945e-05
-0.827887 -0.37719 1.24131e-05
-0.839244 -0.334252 1.34673e-05
-0.851795 -0.287723 1.41167e-05
-0.865058 -0.23939 1.43364e-05
-0.878523 -0.19111 1.41178e-05
-0.891673 -0.144739 1.34694e-05
-0.904003 -0.102059 1.24161e-05
-0.915038 -0.0647102 1.09984e-05
-0.924354 -0.0341271 9.27071e-06
-0.931594 -0.0114855 7.29949e-06
-0.93648 0.00234465 5.16046e-06
-0.938822 0.00683183 2.93584e-06
-0.938533 0.00180363 7.11096e-07
-0.935622 -0.0125468 -1.42827e-06
-0.930202 -0.0356678 -3.40004e-06
-0.92248 -0.0666711 -5.12844e-06
-0.912754 -0.104365 -6.54707e-06
-0.901398 -0.147302 -7.60139e-06
-0.888847 -0.19383 -8.2509e-06
-0.875584 -0.242163 -8.47064e-06
-0.862118 -0.290443 -8.25216e-06
-0.848968 -0.336814 -7.60385e-06
-0.836639 -0.379496 -6.55064e-06
-0.825603 -0.416846 -5.13299e-06
-0.816286 -0.447431 -3.40538e-06
-0.809046 -0.470074 -1.43421e-06
-0.80416 -0.483906 7.04787e-07
-0.801816 -0.488396 2.9294e-06
-0.802105 -0.48337 5.15415e-06
-0.805016 -0.469021 7.29354e-06
-0.810435 -0.445902 9.26536e-06
-0.952021 0.0500632 3.32828e-06
-0.951677 0.0441359 7.12328e-07
-0.94825 0.0272474 -1.8031e-06
-0.941873 4.67762e-05 -4.12134e-06
-0.93279 -0.0364207 -6.1533e-06
-0.92135 -0.0807537 -7.8209e-06
-0.907994 -0.131249 -9.06005e-06
-0.893234 -0.185965 -9.82314e-06
-0.877638 -0.2428 -1.00808e-05
-0.861804 -0.299569 -9.82326e-06
-0.846342 -0.354092 -9.06028e-06
-0.831846 -0.404273 -7.82122e-06
-0.818872 -0.448183 -6.15371e-06
-0.807919 -0.484135 -4.12182e-06
-0.799409 -0.510748 -1.80364e-06
-0.793667 -0.526999 7.11757e-07
-0.790916 -0.532263 3.3277e-06
-0.79126 -0.526338 5.94367e-06
-0.794686 -0.509452 8.45913e-06
-0.801063 -0.482253 1.07774e-05
-0.810145 -0.445788 1.28095e-05
-0.821584 -0.401456 1.44771e-05
-0.83494 -0.350963 1.57164e-05
-0.8497 -0.296247 1.64796e-05
-0.865296 -0.239412 1.67374e-05
-0.881129 -0.182643 1.64799e-05
-0.896591 -0.128119 1.57171e-05
-0.911088 -0.0779372 1.44781e-05
-0.924062 -0.0340255 1.28107e-05
-0.935015 0.00192875 1.07789e-05
-0.943526 0.0285438 8.46074e-06
-0.949269 0.0447969 5.94538e-06
-0.952021 0.0500634 3.32945e-06
-0.951678 0.044141 7.13469e-07
-0.948252 0.0272572 -1.80203e-06
-0.941876 6.09353e-05 -4.12037e-06
-0.932794 -0.0364028 -6.15248e-06
-0.921356 -0.0807326 -7.82025e-06
-0.908 -0.131225 -9.05961e-06
-0.893241 -0.18594 -9.82292e-06
-0.877645 -0.242775 -1.00808e-05
-0.861811 -0.299545 -9.82349e-06
-0.846349 -0.354069 -9.06072e-06
-0.831852 -0.404252 -7.82187e-06
-0.818877 -0.448165 -6.15453e-06
-0.807924 -0.484121 -4.12279e-06
-0.799412 -0.510739 -1.80471e-06
-0.793669 -0.526994 7.10616e-07
-0.790916 -0.532263 3.32654e-06
-0.791259 -0.526343 5.94253e-06
-0.794684 -0.509462 8.45806e-06
-0.801059 -0.482268 1.07765e-05
-0.81014 -0.445806 1.28086e-05
-0.821578 -0.401478 1.44765e-05
-0.834934 -0.350986 1.5716e-05
-0.849693 -0.296272 1.64794e-05
-0.865289 -0.239438 1.67374e-05
-0.881122 -0.182667 1.64802e-05
-0.896585 -0.128142 1.57175e-05
-0.911082 -0.0779582 1.44788e-05
-0.924057 -0.0340432 1.28115e-05
-0.935011 0.00191483 1.07798e-05
-0.943523 0.0285342 8.46182e-06
-0.949267 0.0447921 5.94652e-06
-0.95202 0.0500635 3.33061e-06
-0.951678 0.044146 7.1461e-07
-0.948254 0.027267 -1.80095e-06
-0.941879 7.50926e-05 -4.1194e-06
-0.932799 -0.0363848 -6.15166e-06
-0.921361 -0.0807115 -7.81961e-06
-0.908006 -0.131202 -9.05916e-06
-0.893247 -0.185915 -9.82269e-06
-0.877652 -0.242749 -1.00808e-05
-0.861818 -0.29952 -9.82371e-06
-0.846355 -0.354046 -9.06117e-06
-0.831858 -0.404231 -7.82252e-06
-0.818883 -0.448148 -6.15536e-06
-0.807928 -0.484108 -4.12376e-06
-0.799415 -0.510729 -1.80579e-06
-0.793671 -0.526989 7.09474e-07
-0.790917 -0.532263 3.32537e-06
-0.791258 -0.526348 5.94139e-06
-0.794681 -0.509472 8.45698e-06
-0.801056 -0.482282 1.07755e-05
-0.810136 -0.445824 1.28078e-05
-0.821573 -0.401499 1.44759e-05
-0.834927 -0.35101 1.57155e-05
-0.849686 -0.296297 1.64791e-05
-0.865282 -0.239463 1.67374e-05
-0.881115 -0.182692 1.64804e-05
-0.896578 -0.128166 1.5718e-05
-0.911076 -0.0779791 1.44794e-05
-0.924052 -0.034061 1.28123e-05
-0.935007 0.00190092 1.07808e-05
-0.94352 0.0285247 8.46289e-06
-0.949265 0.0447873 5.94766e-06
-0.95202 0.0500637 3.33177e-06
-0.951679 0.0441511 7.15751e-07
-0.948256 0.0272768 -1.79988e-06
-0.941883 8.92481e-05 -4.11844e-06
-0.932803 -0.0363668 -6.15083e-06
-0.921367 -0.0806905 -7.81896e-06
-0.908013 -0.131178 -9.05872e-06
-0.893254 -0.18589 -9.82246e-06
-0.877659 -0.242724 -1.00808e-05
-0.861825 -0.299495 -9.82394e-06
-0.846362 -0.354022 -9.06161e-06
-0.831864 -0.40421 -7.82316e-06
-0.818888 -0.44813 -6.15618e-06
-0.807932 -0.484094 -4.12473e-06
-0.799418 -0.51072 -1.80686e-06
-0.793673 -0.526985 7.08333e-07
-0.790917 -0.532263 3.32421e-06
-0.791257 -0.526353 5.94024e-06
-0.794679 -0.509481 8.45591e-06
-0.801052 -0.482296 1.07745e-05
-0.810131 -0.445842 1.2807e-05
-0.821567 -0.40152 1.44752e-05
-0.834921 -0.351033 1.57151e-05
-0.849679 -0.296322 1.64789e-05
-0.865275 -0.239488 1.67374e-05
-0.881108 -0.182717 1.64806e-05
-0.896571 -0.128189 1.57184e-05
-0.91107 -0.078 1.44801e-05
-0.924046 -0.0340788 1.28132e-05
-0.935002 0.001887 1.07818e-05
-0.943517 0.0285152 8.46397e-06
-0.949263 0.0447825 5.9488e-06
-0.952019 0.0500638 3.33294e-06
-0.95168 0.0441562 7.16893e-07
-0.948259 0.0272866 -1.7988e-06
-0.941886 0.000103402 -4.11747e-06
-0.932808 -0.0363489 -6.15001e-06
-0.921372 -0.0806694 -7.81831e-06
-0.908019 -0.131155 -9.05827e-06
-0.893261 -0.185866 -9.82224e-06
-0.962285 0.0820613 3.77941e-06
-0.961902 0.0754752 8.7271e-07
-0.958095 0.0567096 -1.92229e-06
-0.951008 0.0264858 -4.49819e-06
-0.940916 -0.0140348 -6.75599e-06
-0.928205 -0.0632951 -8.60893e-06
-0.913364 -0.119402 -9.9858e-06
-0.896964 -0.1802 -1.08337e-05
-0.879634 -0.243351 -1.11201e-05
-0.862041 -0.306431 -1.08338e-05
-0.844861 -0.367013 -9.98605e-06
-0.828753 -0.422771 -8.60929e-06
-0.814337 -0.471562 -6.75644e-06
-0.802167 -0.51151 -4.49872e-06
-0.792711 -0.54108 -1.92289e-06
-0.786331 -0.559137 8.72076e-07
-0.783274 -0.564986 3.77876e-06
-0.783656 -0.558403 6.68548e-06
-0.787463 -0.53964 9.48052e-06
-0.794548 -0.509419 1.20565e-05
-0.80464 -0.4689 1.43144e-05
-0.817351 -0.419642 1.61674e-05
-0.832191 -0.363536 1.75444e-05
-0.848591 -0.302739 1.83924e-05
-0.865921 -0.239588 1.86789e-05
-0.883514 -0.176508 1.83928e-05
-0.900695 -0.115925 1.75451e-05
-0.916803 -0.0601656 1.61685e-05
-0.931219 -0.0113733 1.43157e-05
-0.943389 0.028577 1.20581e-05
-0.952846 0.0581501 9.48231e-06
-0.959226 0.0762096 6.68738e-06
-0.962285 0.0820614 3.7807e-06
-0.961903 0.0754808 8.73978e-07
-0.958097 0.0567205 -1.9211e-06
-0.951012 0.0265016 -4.49711e-06
-0.940921 -0.0140148 -6.75507e-06
-0.928211 -0.0632716 -8.60821e-06
-0.913371 -0.119376 -9.98531e-06
-0.896972 -0.180172 -1.08335e-05
-0.879642 -0.243323 -1.11201e-05
-0.862049 -0.306403 -1.08341e-05
-0.844868 -0.366987 -9.98655e-06
-0.82876 -0.422748 -8.61e-06
-0.814343 -0.471542 -6.75736e-06
-0.802172 -0.511494 -4.4998e-06
-0.792714 -0.54107 -1.92408e-06
-0.786333 -0.559132 8.70808e-07
-0.783274 -0.564987 3.77747e-06
-0.783655 -0.558409 6.68421e-06
-0.787461 -0.539651 9.47932e-06
-0.794545 -0.509434 1.20554e-05
-0.804635 -0.46892 1.43134e-05
-0.817345 -0.419665 1.61667e-05
-0.832184 -0.363562 1.75439e-05
-0.848584 -0.302767 1.83922e-05
-0.865913 -0.239616 1.86789e-05
-0.883506 -0.176536 1.8393e-05
-0.900687 -0.115951 1.75456e-05
-0.916796 -0.0601888 1.61692e-05
-0.931213 -0.011393 1.43166e-05
-0.943384 0.0285615 1.20592e-05
-0.952843 0.0581395 9.4835e-06
-0.959224 0.0762043 6.68865e-06
-0.962284 0.0820616 3.782e-06
-0.961904 0.0754864 8.75246e-07
-0.9581 0.0567314 -1.9199e-06
-0.951016 0.0265173 -4.49604e-06
-0.940926 -0.0139948 -6.75416e-06
-0.928217 -0.0632482 -8.60749e-06
-0.913378 -0.11935 -9.98481e-06
-0.896979 -0.180144 -1.08332e-05
-0.87965 -0.243295 -1.11201e-05
-0.862057 -0.306376 -1.08343e-05
-0.844875 -0.366961 -9.98704e-06
-0.828767 -0.422725 -8.61072e-06
-0.814349 -0.471522 -6.75827e-06
-0.802177 -0.511479 -4.50087e-06
-0.792718 -0.541059 -1.92528e-06
-0.786336 -0.559127 8.6954e-07
-0.783275 -0.564987 3.77618e-06
-0.783654 -0.558414 6.68294e-06
-0.787458 -0.539662 9.47813e-06
-0.794541 -0.50945 1.20543e-05
-0.80463 -0.46894 1.43125e-05
-0.817338 -0.419689 1.6166e-05
-0.832177 -0.363588 1.75434e-05
-0.848576 -0.302794 1.83919e-05
-0.865905 -0.239644 1.86789e-05
-0.883498 -0.176563 1.83933e-05
-0.90068 -0.115977 1.75461e-05
-0.916789 -0.0602121 1.61699e-05
-0.931207 -0.0114128 1.43175e-05
-0.94338 0.0285461 1.20602e-05
-0.952839 0.0581289 9.4847e-06
-0.959222 0.0761989 6.68992e-06
-0.962283 0.0820618 3.78329e-06
-0.961905 0.0754921 8.76514e-07
-0.958102 0.0567423 -1.91871e-06
-0.95102 0.026533 -4.49496e-06
-0.940931 -0.0139749 -6.75324e-06
-0.928224 -0.0632248 -8.60677e-06
-0.913385 -0.119324 -9.98432e-06
-0.896987 -0.180117 -1.08329e-05
-0.879658 -0.243267 -1.11201e-05
-0.862064 -0.306348 -1.08346e-05
-0.844883 -0.366936 -9.98754e-06
-0.828773 -0.422701 -8.61144e-06
-0.814355 -0.471502 -6.75918e-06
-0.802182 -0.511463 -4.50195e-06
-0.792721 -0.541049 -1.92647e-06
-0.786338 -0.559121 8.68272e-07
-0.783276 -0.564987 3.77489e-06
-0.783653 -0.55842 6.68167e-06
-0.787456 -0.539673 9.47693e-06
-0.794537 -0.509466 1.20532e-05
-0.804625 -0.46896 1.43116e-05
-0.817332 -0.419712 1.61652e-05
-0.83217 -0.363614 1.75429e-05
-0.848569 -0.302822 1.83916e-05
-0.865897 -0.239672 1.86789e-05
-0.883491 -0.176591 1.83935e-05
-0.900672 -0.116002 1.75466e-05
-0.916782 -0.0602353 1.61706e-05
-0.931201 -0.0114325 1.43185e-05
-0.943375 0.0285306 1.20613e-05
-0.952836 0.0581183 9.48589e-06
-0.95922 0.0761936 6.69118e-06
-0.962283 0.0820619 3.78458e-06
-0.961906 0.0754977 8.77782e-07
-0.958104 0.0567532 -1.91751e-06
-0.951024 0.0265488 -4.49389e-06
-0.940936 -0.0139549 -6.75233e-06
-0.92823 -0.0632013 -8.60605e-06
-0.913392 -0.119298 -9.98382e-06
-0.896994 -0.180089 -1.08327e-05
-0.879665 -0.243239 -1.11201e-05
-0.862072 -0.306321 -1.08348e-05
-0.84489 -0.36691 -9.98803e-06
-0.82878 -0.422678 -8.61216e-06
-0.814361 -0.471483 -6.7601e-06
-0.802186 -0.511448 -4.50302e-06
-0.792725 -0.541038 -1.92767e-06
-0.78634 -0.559116 8.67004e-07
-0.783276 -0.564987 3.77359e-06
-0.783652 -0.558426 6.68041e-06
-0.787453 -0.539684 9.47574e-06
-0.794533 -0.509482 1.20522e-05
-0.80462 -0.46898 1.43107e-05
-0.817326 -0.419735 1.61645e-05
-0.832163 -0.36364 1.75424e-05
-0.969221 0.101596 4.26891e-06
-0.968815 0.0946042 1.18317e-06
-0.964772 0.0746827 -1.784e-06
-0.95725 0.0425972 -4.51856e-06
-0.946536 -0.000419351 -6.91544e-06
-0.933042 -0.052714 -8.88251e-06
-0.917287 -0.112277 -1.03442e-05
-0.899876 -0.17682 -1.12443e-05
-0.881479 -0.243861 -1.15483e-05
-0.862802 -0.310826 -1.12445e-05
-0.844563 -0.37514 -1.03445e-05
-0.827464 -0.434333 -8.8829e-06
-0.81216 -0.486129 -6.91592e-06
-0.79924 -0.528538 -4.51913e-06
-0.789201 -0.55993 -1.78463e-06
-0.782429 -0.579099 1.18249e-06
-0.779183 -0.585308 4.26823e-06
-0.779589 -0.578319 7.35399e-06
-0.78363 -0.558401 1.03212e-05
-0.791152 -0.526318 1.30558e-05
-0.801866 -0.483303 1.54528e-05
-0.815359 -0.431011 1.742e-05
-0.831113 -0.371449 1.88818e-05
-0.848524 -0.306907 1.9782e-05
-0.866921 -0.239866 2.00861e-05
-0.885598 -0.172901 1.97824e-05
-0.903837 -0.108585 1.88826e-05
-0.920937 -0.0493917 1.74211e-05
-0.936241 0.00240605 1.54542e-05
-0.949161 0.0448172 1.30575e-05
-0.959201 0.0762119 1.03231e-05
-0.965974 0.0953838 7.35601e-06
-0.969221 0.101596 4.27029e-06
-0.968816 0.0946101 1.18451e-06
-0.964775 0.0746943 -1.78273e-06
-0.957254 0.0426139 -4.51742e-06
-0.946541 -0.000398155 -6.91447e-06
-0.933048 -0.0526891 -8.88175e-06
-0.917294 -0.112249 -1.03437e-05
-0.899884 -0.17679 -1.12441e-05
-0.881487 -0.243832 -1.15483e-05
-0.86281 -0.310797 -1.12447e-05
-0.844571 -0.375113 -1.0345e-05
-0.827471 -0.434308 -8.88366e-06
-0.812166 -0.486108 -6.91689e-06
-0.799245 -0.528521 -4.52027e-06
-0.789205 -0.559918 -1.7859e-06
-0.782431 -0.579093 1.18115e-06
-0.779184 -0.585308 4.26686e-06
-0.779588 -0.578325 7.35264e-06
-0.783628 -0.558412 1.03199e-05
-0.791148 -0.526334 1.30547e-05
-0.80186 -0.483325 1.54518e-05
-0.815352 -0.431036 1.74192e-05
-0.831106 -0.371477 1.88812e-05
-0.848516 -0.306937 1.97818e-05
-0.866912 -0.239896 2.00861e-05
-0.885589 -0.17293 1.97827e-05
-0.903829 -0.108613 1.88831e-05
-0.92093 -0.0494164 1.74219e-05
-0.936235 0.0023851 1.54552e-05
-0.949156 0.0448008 1.30587e-05
-0.959197 0.0762007 1.03244e-05
-0.965972 0.0953782 7.35735e-06
-0.96922 0.101596 4.27166e-06
-0.968817 0.0946161 1.18586e-06
-0.964778 0.0747059 -1.78146e-06
-0.957258 0.0426306 -4.51628e-06
-0.946546 -0.00037696 -6.91349e-06
-0.933055 -0.0526642 -8.88099e-06
-0.917302 -0.112222 -1.03432e-05
-0.899892 -0.176761 -1.12438e-05
-0.881496 -0.243802 -1.15483e-05
-0.862819 -0.310768 -1.1245e-05
-0.844579 -0.375085 -1.03455e-05
-0.827478 -0.434283 -8.88442e-06
-0.812172 -0.486087 -6.91786e-06
-0.79925 -0.528505 -4.52141e-06
-0.789209 -0.559907 -1.78717e-06
-0.782433 -0.579088 1.1798e-06
-0.779184 -0.585309 4.26548e-06
-0.779587 -0.578331 7.3513e-06
-0.783625 -0.558424 1.03187e-05
-0.791144 -0.526351 1.30535e-05
-0.801855 -0.483346 1.54508e-05
-0.815346 -0.43106 1.74184e-05
-0.831099 -0.371504 1.88807e-05
-0.848508 -0.306966 1.97815e-05
-0.866904 -0.239925 2.00861e-05
-0.885581 -0.172959 1.9783e-05
-0.903821 -0.10864 1.88836e-05
-0.920922 -0.049441 1.74226e-05
-0.936228 0.00236415 1.54562e-05
-0.949151 0.0447843 1.30598e-05
-0.959193 0.0761894 1.03256e-05
-0.965969 0.0953725 7.3587e-06
-0.969219 0.101596 4.27303e-06
-0.968818 0.0946221 1.18721e-06
-0.96478 0.0747174 -1.78019e-06
-0.957262 0.0426473 -4.51514e-06
-0.946552 -0.000355767 -6.91252e-06
-0.933061 -0.0526393 -8.88023e-06
-0.917309 -0.112194 -1.03426e-05
-0.8999 -0.176732 -1.12435e-05
-0.881504 -0.243772 -1.15483e-05
-0.862827 -0.310738 -1.12453e-05
-0.844587 -0.375058 -1.0346e-05
-0.827485 -0.434259 -8.88518e-06
-0.812179 -0.486066 -6.91883e-06
-0.799256 -0.528488 -4.52256e-06
-0.789213 -0.559896 -1.78844e-06
-0.782436 -0.579082 1.17846e-06
-0.779185 -0.585309 4.26411e-06
-0.779586 -0.578337 7.34995e-06
-0.783622 -0.558435 1.03174e-05
-0.79114 -0.526368 1.30524e-05
-0.801849 -0.483367 1.54499e-05
-0.815339 -0.431085 1.74177e-05
-0.831091 -0.371532 1.88802e-05
-0.8485 -0.306995 1.97812e-05
-0.866896 -0.239955 2.00861e-05
-0.885573 -0.172988 1.97832e-05
-0.903813 -0.108668 1.88841e-05
-0.920915 -0.0494657 1.74234e-05
-0.936222 0.00234319 1.54571e-05
-0.949146 0.0447679 1.3061e-05
-0.959189 0.0761782 1.03269e-05
-0.965967 0.0953669 7.36005e-06
-0.969219 0.101597 4.2744e-06
-0.968819 0.0946281 1.18855e-06
-0.964783 0.074729 -1.77893e-06
-0.957266 0.042664 -4.514e-06
-0.946557 -0.000334576 -6.91155e-06
-0.933068 -0.0526145 -8.87946e-06
-0.917316 -0.112167 -1.03421e-05
-0.899908 -0.176702 -1.12433e-05
-0.881512 -0.243742 -1.15483e-05
-0.862835 -0.310709 -1.12455e-05
-0.844595 -0.375031 -1.03466e-05
-0.827492 -0.434234 -8.88594e-06
-0.812185 -0.486045 -6.9198e-06
-0.799261 -0.528472 -4.5237e-06
-0.789216 -0.559885 -1.7897e-06
-0.782438 -0.579076 1.17711e-06
-0.779186 -0.585309 4.26274e-06
-0.779585 -0.578343 7.3486e-06
-0.78362 -0.558447 1.03161e-05
-0.791136 -0.526385 1.30513e-05
-0.801844 -0.483388 1.54489e-05
-0.815333 -0.43111 1.74169e-05
-0.831084 -0.371559 1.88797e-05
-0.848492 -0.307024 1.9781e-05
-0.866888 -0.239985 2.00861e-05
-0.885565 -0.173017 1.97835e-05
-0.903805 -0.108695 1.88847e-05
-0.920908 -0.0494904 1.74242e-05
-0.936216 0.00232223 1.54581e-05
-0.949141 0.0447515 1.30621e-05
-0.959186 0.0761669 1.03282e-05
-0.965965 0.0953612 7.36139e-06
-0.972562 0.107917 4.77798e-06
-0.972148 0.100788 1.63177e-06
-0.968027 0.080476 -1.39354e-06
-0.960356 0.0477618 -4.18168e-06
-0.949432 0.00390232 -6.62553e-06
-0.935674 -0.049417 -8.63115e-06
-0.91961 -0.110147 -1.01215e-05
-0.901859 -0.175954 -1.10392e-05
-0.883101 -0.24431 -1.13492e-05
-0.864058 -0.312587 -1.10394e-05
-0.845462 -0.378161 -1.01217e-05
-0.828027 -0.438514 -8.63154e-06
-0.812423 -0.491324 -6.62602e-06
-0.799251 -0.534564 -4.18227e-06
-0.789015 -0.566572 -1.39418e-06
-0.78211 -0.586116 1.63108e-06
-0.778801 -0.592447 4.77728e-06
-0.779214 -0.585322 7.92351e-06
-0.783335 -0.565013 1.09489e-05
-0.791004 -0.532301 1.37371e-05
-0.801928 -0.488444 1.6181e-05
-0.815685 -0.435126 1.81867e-05
-0.831748 -0.374398 1.96772e-05
-0.8495 -0.308591 2.05951e-05
-0.868257 -0.240236 2.09052e-05
-0.8873 -0.171959 2.05955e-05
-0.905897 -0.106383 1.9678e-05
-0.923332 -0.0460296 1.81879e-05
-0.938936 0.00678309 1.61825e-05
-0.952109 0.0500253 1.37388e-05
-0.962346 0.0820352 1.09508e-05
-0.969252 0.101583 7.92557e-06
-0.972562 0.107917 4.77938e-06
-0.972149 0.100794 1.63314e-06
-0.968029 0.0804878 -1.39224e-06
-0.960361 0.0477788 -4.18052e-06
-0.949438 0.00392393 -6.62454e-06
-0.935681 -0.0493916 -8.63037e-06
-0.919618 -0.110119 -1.01209e-05
-0.901867 -0.175925 -1.1039e-05
-0.883109 -0.24428 -1.13492e-05
-0.864067 -0.312557 -1.10397e-05
-0.84547 -0.378133 -1.01223e-05
-0.828034 -0.438489 -8.63231e-06
-0.81243 -0.491303 -6.62701e-06
-0.799256 -0.534548 -4.18343e-06
-0.789019 -0.56656 -1.39548e-06
-0.782112 -0.586111 1.62971e-06
-0.778801 -0.592448 4.77588e-06
-0.779213 -0.585328 7.92214e-06
-0.783332 -0.565024 1.09476e-05
-0.791 -0.532318 1.37359e-05
-0.801922 -0.488465 1.618e-05
-0.815679 -0.435152 1.81859e-05
-0.831741 -0.374426 1.96766e-05
-0.849492 -0.308621 2.05948e-05
-0.868249 -0.240266 2.09052e-05
-0.887292 -0.171989 2.05958e-05
-0.905889 -0.106411 1.96785e-05
-0.923325 -0.0460548 1.81887e-05
-0.93893 0.00676172 1.61835e-05
-0.952104 0.0500085 1.374e-05
-0.962342 0.0820237 1.09521e-05
-0.969249 0.101577 7.92694e-06
-0.972561 0.107917 4.78078e-06
-0.97215 0.1008 1.63452e-06
-0.968032 0.0804996 -1.39095e-06
-0.960365 0.0477959 -4.17936e-06
-0.949443 0.00394554 -6.62355e-06
-0.935687 -0.0493663 -8.62959e-06
-0.919626 -0.110091 -1.01204e-05
-0.901875 -0.175895 -1.10387e-05
-0.883118 -0.244249 -1.13492e-05
-0.864075 -0.312527 -1.10399e-05
-0.845478 -0.378105 -1.01228e-05
-0.828042 -0.438463 -8.63309e-06
-0.812436 -0.491282 -6.628e-06
-0.799261 -0.534531 -4.18459e-06
-0.789023 -0.566549 -1.39677e-06
-0.782114 -0.586105 1.62834e-06
-0.778802 -0.592448 4.77448e-06
-0.779212 -0.585334 7.92076e-06
-0.78333 -0.565036 1.09463e-05
-0.790996 -0.532335 1.37347e-05
-0.801917 -0.488487 1.6179e-05
-0.815672 -0.435177 1.81852e-05
-0.831733 -0.374454 1.96761e-05
-0.849484 -0.308651 2.05945e-05
-0.868241 -0.240297 2.09052e-05
-0.887284 -0.172018 2.0596e-05
-0.905881 -0.106439 1.96791e-05
-0.923317 -0.04608 1.81894e-05
-0.938923 0.00674036 1.61845e-05
-0.952099 0.0499918 1.37411e-05
-0.962338 0.0820122 1.09534e-05
-0.969247 0.101571 7.92831e-06
-0.97256 0.107917 4.78218e-06
-0.972151 0.100806 1.63589e-06
-0.968034 0.0805114 -1.38966e-06
-0.960369 0.0478129 -4.17819e-06
-0.949449 0.00396715 -6.62256e-06
-0.935694 -0.0493409 -8.62882e-06
-0.919633 -0.110063 -1.01199e-05
-0.901883 -0.175865 -1.10384e-05
-0.883126 -0.244219 -1.13492e-05
-0.864083 -0.312498 -1.10402e-05
-0.845486 -0.378077 -1.01234e-05
-0.828049 -0.438438 -8.63387e-06
-0.812443 -0.49126 -6.62899e-06
-0.799266 -0.534514 -4.18576e-06
-0.789027 -0.566537 -1.39806e-06
-0.782117 -0.586099 1.62697e-06
-0.778802 -0.592448 4.77308e-06
-0.779211 -0.58534 7.91939e-06
-0.783327 -0.565048 1.0945e-05
-0.790992 -0.532352 1.37336e-05
-0.801911 -0.488509 1.6178e-05
-0.815665 -0.435202 1.81844e-05
-0.831726 -0.374482 1.96756e-05
-0.849476 -0.308681 2.05943e-05
-0.868232 -0.240327 2.09052e-05
-0.887275 -0.172048 2.05963e-05
-0.905873 -0.106467 1.96796e-05
-0.92331 -0.0461051 1.81902e-05
-0.938917 0.00671899 1.61854e-05
-0.952094 0.049975 1.37423e-05
-0.962334 0.0820008 1.09547e-05
-0.969245 0.101565 7.92968e-06
-0.97256 0.107917 4.78358e-06
-0.972152 0.100812 1.63726e-06
-0.968037 0.0805232 -1.38837e-06
-0.960373 0.0478299 -4.17703e-06
-0.949454 0.00398876 -6.62157e-06
-0.935701 -0.0493156 -8.62804e-06
-0.919641 -0.110035 -1.01193e-05
-0.901891 -0.175835 -1.10382e-05
-0.883135 -0.244188 -1.13492e-05
-0.864092 -0.312468 -1.10405e-05
-0.845494 -0.378049 -1.01239e-05
-0.828056 -0.438413 -8.63465e-06
-0.812449 -0.491239 -6.62998e-06
-0.799272 -0.534497 -4.18692e-06
-0.78903 -0.566526 -1.39936e-06
-0.782119 -0.586093 1.62559e-06
-0.778803 -0.592448 4.77168e-06
-0.77921 -0.585346 7.91802e-06
-0.783324 -0.56506 1.09437e-05
-0.790988 -0.532369 1.37324e-05
-0.801906 -0.48853 1.6177e-05
-0.815659 -0.435228 1.81836e-05
-0.831718 -0.37451 1.9675e-05
-0.849467 -0.308711 2.0594e-05
-0.868224 -0.240358 2.09052e-05
-0.887267 -0.172078 2.05966e-05
-0.905865 -0.106495 1.96801e-05
-0.923302 -0.0461303 1.8191e-05
-0.93891 0.00669762 1.61864e-05
-0.952088 0.0499583 1.37435e-05
-0.96233 0.0819893 1.0956e-05
-0.969242 0.10156 7.93106e-06
-0.972559 0.107917 4.78498e-06
-0.972153 0.100818 1.63863e-06
-0.96804 0.080535 -1.38707e-06
-0.972181 0.10078 5.28705e-06
-0.971774 0.0937885 2.20128e-06
-0.967732 0.0738669 -7.65913e-07
-0.960209 0.0417811 -3.5005e-06
-0.949495 -0.00123584 -5.89739e-06
-0.936001 -0.0535309 -7.86449e-06
-0.920246 -0.113094 -9.32619e-06
-0.902835 -0.177638 -1.02263e-05
-0.884438 -0.24468 -1.05303e-05
-0.865761 -0.311645 -1.02265e-05
-0.847522 -0.37596 -9.32645e-06
-0.830422 -0.435153 -7.86487e-06
-0.815118 -0.486949 -5.89788e-06
-0.802198 -0.529359 -3.50107e-06
-0.792159 -0.560751 -7.66547e-07
-0.785387 -0.57992 2.20061e-06
-0.782141 -0.58613 5.28637e-06
-0.782547 -0.579141 8.37215e-06
-0.786588 -0.559222 1.13394e-05
-0.79411 -0.527139 1.4074e-05
-0.804824 -0.484124 1.6471e-05
-0.818317 -0.431831 1.84382e-05
-0.834072 -0.372269 1.99e-05
-0.851482 -0.307726 2.08003e-05
-0.869879 -0.240684 2.11044e-05
-0.888556 -0.173719 2.08007e-05
-0.906796 -0.109403 1.99008e-05
-0.923896 -0.0502086 1.84394e-05
-0.9392 0.00158959 1.64725e-05
-0.952121 0.0440011 1.40757e-05
-0.96216 0.0753961 1.13413e-05
-0.968933 0.0945682 8.37417e-06
-0.97218 0.100781 5.28842e-06
-0.971775 0.0937945 2.20263e-06
-0.967735 0.0738785 -7.64645e-07
-0.960213 0.0417978 -3.49936e-06
-0.9495 -0.00121464 -5.89642e-06
-0.936008 -0.053506 -7.86373e-06
-0.920253 -0.113067 -9.32567e-06
-0.902843 -0.177608 -1.02261e-05
-0.884446 -0.24465 -1.05303e-05
-0.865769 -0.311616 -1.02267e-05
-0.84753 -0.375933 -9.32698e-06
-0.830429 -0.435128 -7.86563e-06
-0.815124 -0.486928 -5.89885e-06
-0.802203 -0.529342 -3.50221e-06
-0.792163 -0.56074 -7.67815e-07
-0.785389 -0.579915 2.19926e-06
-0.782142 -0.58613 5.28499e-06
-0.782546 -0.579147 8.37081e-06
-0.786586 -0.559234 1.13381e-05
-0.794106 -0.527155 1.40729e-05
-0.804818 -0.484145 1.647e-05
-0.818311 -0.431856 1.84374e-05
-0.834064 -0.372296 1.98995e-05
-0.851474 -0.307756 2.08e-05
-0.869871 -0.240714 2.11044e-05
-0.888548 -0.173748 2.0801e-05
-0.906788 -0.10943 1.99013e-05
-0.923889 -0.0502333 1.84401e-05
-0.939194 0.00156864 1.64734e-05
-0.952115 0.0439847 1.40769e-05
-0.962156 0.0753848 1.13426e-05
-0.968931 0.0945625 8.37552e-06
-0.972179 0.100781 5.2898e-06
-0.971776 0.0938005 2.20397e-06
-0.967737 0.07389 -7.63377e-07
-0.960217 0.0418145 -3.49822e-06
-0.949506 -0.00119345 -5.89545e-06
-0.936014 -0.0534811 -7.86296e-06
-0.920261 -0.113039 -9.32514e-06
-0.902851 -0.177579 -1.02258e-05
-0.884454 -0.24462 -1.05303e-05
-0.865777 -0.311587 -1.0227e-05
-0.847538 -0.375905 -9.3275e-06
-0.830436 -0.435104 -7.8664e-06
-0.815131 -0.486907 -5.89982e-06
-0.802209 -0.529326 -3.50335e-06
-0.792167 -0.560729 -7.69083e-07
-0.785391 -0.579909 2.19791e-06
-0.782142 -0.58613 5.28362e-06
-0.782545 -0.579153 8.36946e-06
-0.786583 -0.559245 1.13368e-05
-0.794102 -0.527172 1.40718e-05
-0.804813 -0.484166 1.64691e-05
-0.818304 -0.431881 1.84367e-05
-0.834057 -0.372324 1.9899e-05
-0.851466 -0.307785 2.07998e-05
-0.869863 -0.240744 2.11044e-05
-0.88854 -0.173777 2.08012e-05
-0.90678 -0.109458 1.99019e-05
-0.923882 -0.050258 1.84409e-05
-0.939188 0.00154768 1.64744e-05
-0.95211 0.0439683 1.4078e-05
-0.962153 0.0753736 1.13438e-05
-0.968929 0.0945569 8.37686e-06
-0.972179 0.100781 5.29117e-06
-0.971777 0.0938064 2.20532e-06
-0.96774 0.0739016 -7.62109e-07
-0.960221 0.0418312 -3.49708e-06
-0.949511 -0.00117225 -5.89448e-06
-0.936021 -0.0534563 -7.8622e-06
-0.920268 -0.113012 -9.32462e-06
-0.902859 -0.17755 -1.02255e-05
-0.884463 -0.244591 -1.05303e-05
-0.865785 -0.311558 -1.02273e-05
-0.847545 -0.375878 -9.32803e-06
-0.830444 -0.435079 -7.86716e-06
-0.815137 -0.486886 -5.90079e-06
-0.802214 -0.529309 -3.50449e-06
-0.792171 -0.560717 -7.70351e-07
-0.785394 -0.579903 2.19657e-06
-0.782143 -0.58613 5.28225e-06
-0.782544 -0.579159 8.36811e-06
-0.78658 -0.559257 1.13356e-05
-0.794098 -0.527189 1.40706e-05
-0.804808 -0.484188 1.64681e-05
-0.818298 -0.431905 1.84359e-05
-0.83405 -0.372351 1.98985e-05
-0.851458 -0.307814 2.07995e-05
-0.869855 -0.240774 2.11044e-05
-0.888532 -0.173806 2.08015e-05
-0.906772 -0.109485 1.99024e-05
-0.923874 -0.0502826 1.84416e-05
-0.939181 0.00152672 1.64754e-05
-0.952105 0.0439518 1.40792e-05
-0.962149 0.0753623 1.13451e-05
-0.968927 0.0945512 8.37821e-06
-0.972178 0.100781 5.29254e-06
-0.971778 0.0938124 2.20666e-06
-0.967742 0.0739131 -7.6084e-07
-0.960225 0.0418479 -3.49593e-06
-0.949516 -0.00115106 -5.89351e-06
-0.936027 -0.0534314 -7.86144e-06
-0.920275 -0.112984 -9.32409e-06
-0.902867 -0.17752 -1.02253e-05
-0.884471 -0.244561 -1.05303e-05
-0.865794 -0.311528 -1.02275e-05
-0.847553 -0.37585 -9.32855e-06
-0.830451 -0.435054 -7.86792e-06
-0.815143 -0.486866 -5.90176e-06
-0.802219 -0.529293 -3.50563e-06
-0.792174 -0.560706 -7.71619e-07
-0.785396 -0.579898 2.19522e-06
-0.782144 -0.58613 5.28088e-06
-0.782543 -0.579165 8.36677e-06
-0.786578 -0.559268 1.13343e-05
-0.794094 -0.527206 1.40695e-05
-0.804802 -0.484209 1.64671e-05
-0.818291 -0.43193 1.84352e-05
-0.834042 -0.372379 1.98979e-05
-0.85145 -0.307843 2.07992e-05
-0.869846 -0.240803 2.11044e-05
-0.888524 -0.173835 2.08018e-05
-0.906764 -0.109513 1.99029e-05
-0.923867 -0.0503073 1.84424e-05
-0.939175 0.00150577 1.64764e-05
-0.9521 0.0439354 1.40803e-05
-0.962145 0.0753511 1.13464e-05
-0.968925 0.0945456 8.37956e-06
-0.968091 0.0804614 5.77656e-06
-0.967708 0.0738752 2.86981e-06
-0.9639 0.0551093 7.47568e-08
-0.956814 0.024885 -2.50118e-06
-0.946721 -0.0156364 -4.75902e-06
-0.93401 -0.0648976 -6.612e-06
-0.919169 -0.121006 -7.9889e-06
-0.902768 -0.181804 -8.83682e-06
-0.885438 -0.244957 -9.12317e-06
-0.867845 -0.308037 -8.83694e-06
-0.850664 -0.368621 -7.98915e-06
-0.834556 -0.42438 -6.61236e-06
-0.82014 -0.473171 -4.75948e-06
-0.80797 -0.51312 -2.50172e-06
-0.798513 -0.542692 7.41596e-08
-0.792134 -0.560749 2.86917e-06
-0.789076 -0.566598 5.77592e-06
-0.789458 -0.560014 8.68268e-06
-0.793265 -0.541251 1.14778e-05
-0.800351 -0.511029 1.40538e-05
-0.810443 -0.47051 1.63117e-05
-0.823153 -0.421251 1.81648e-05
-0.837994 -0.365144 1.95418e-05
-0.854394 -0.304346 2.03898e-05
-0.871724 -0.241193 2.06763e-05
-0.889318 -0.178113 2.03902e-05
-0.906499 -0.117528 1.95425e-05
-0.922607 -0.061768 1.81658e-05
-0.937024 -0.0129749 1.63131e-05
-0.949194 0.0269761 1.40554e-05
-0.958652 0.0565498 1.14796e-05
-0.965032 0.0746096 8.68458e-06
-0.96809 0.0804616 5.77785e-06
-0.967709 0.0738808 2.87108e-06
-0.963902 0.0551202 7.59514e-08
-0.956818 0.0249007 -2.50011e-06
-0.946726 -0.0156164 -4.75811e-06
-0.934016 -0.0648741 -6.61128e-06
-0.919176 -0.12098 -7.98841e-06
-0.902776 -0.181777 -8.83657e-06
-0.885446 -0.244929 -9.12317e-06
-0.867852 -0.30801 -8.8372e-06
-0.850671 -0.368595 -7.98964e-06
-0.834563 -0.424357 -6.61308e-06
-0.820146 -0.473152 -4.7604e-06
-0.807975 -0.513105 -2.5028e-06
-0.798517 -0.542681 7.29651e-08
-0.792136 -0.560743 2.86791e-06
-0.789077 -0.566598 5.77462e-06
-0.789457 -0.56002 8.68141e-06
-0.793263 -0.541262 1.14766e-05
-0.800347 -0.511045 1.40527e-05
-0.810438 -0.47053 1.63108e-05
-0.823147 -0.421274 1.8164e-05
-0.837987 -0.36517 1.95413e-05
-0.854387 -0.304374 2.03896e-05
-0.871717 -0.241221 2.06763e-05
-0.88931 -0.17814 2.03904e-05
-0.906492 -0.117554 1.9543e-05
-0.9226 -0.0617912 1.81666e-05
-0.937018 -0.0129946 1.6314e-05
-0.949189 0.0269607 1.40565e-05
-0.958648 0.0565392 1.14808e-05
-0.96503 0.0746043 8.68585e-06
-0.96809 0.0804617 5.77915e-06
-0.96771 0.0738864 2.87234e-06
-0.963905 0.0551311 7.7146e-08
-0.956821 0.0249164 -2.49903e-06
-0.946731 -0.0155964 -4.7572e-06
-0.934022 -0.0648507 -6.61056e-06
-0.919183 -0.120954 -7.98791e-06
-0.902783 -0.181749 -8.83631e-06
-0.885454 -0.244901 -9.12317e-06
-0.86786 -0.307982 -8.83745e-06
-0.850679 -0.368569 -7.99014e-06
-0.83457 -0.424334 -6.61379e-06
-0.820152 -0.473132 -4.76131e-06
-0.807979 -0.513089 -2.50387e-06
-0.79852 -0.54267 7.17706e-08
-0.792138 -0.560738 2.86664e-06
-0.789077 -0.566598 5.77333e-06
-0.789456 -0.560026 8.68015e-06
-0.79326 -0.541273 1.14754e-05
-0.800343 -0.511061 1.40516e-05
-0.810433 -0.47055 1.63099e-05
-0.823141 -0.421297 1.81633e-05
-0.83798 -0.365196 1.95408e-05
-0.854379 -0.304401 2.03893e-05
-0.871709 -0.241249 2.06763e-05
-0.889302 -0.178168 2.03907e-05
-0.906484 -0.11758 1.95435e-05
-0.922594 -0.0618145 1.81673e-05
-0.937012 -0.0130143 1.63149e-05
-0.949185 0.0269452 1.40575e-05
-0.958644 0.0565286 1.1482e-05
-0.965028 0.074599 8.68712e-06
-0.968089 0.0804619 5.78044e-06
-0.967711 0.0738921 2.87361e-06
-0.963907 0.055142 7.83406e-08
-0.956825 0.0249322 -2.49796e-06
-0.946736 -0.0155765 -4.75628e-06
-0.934028 -0.0648273 -6.60984e-06
-0.91919 -0.120928 -7.98742e-06
-0.902791 -0.181722 -8.83606e-06
-0.885462 -0.244873 -9.12317e-06
-0.867868 -0.307955 -8.8377e-06
-0.850686 -0.368544 -7.99063e-06
-0.834576 -0.42431 -6.61451e-06
-0.820158 -0.473112 -4.76222e-06
-0.807984 -0.513074 -2.50495e-06
-0.798524 -0.54266 7.05762e-08
-0.79214 -0.560733 2.86537e-06
-0.789078 -0.566598 5.77204e-06
-0.789455 -0.560031 8.67888e-06
-0.793258 -0.541284 1.14742e-05
-0.800339 -0.511076 1.40505e-05
-0.810428 -0.47057 1.63089e-05
-0.823135 -0.421321 1.81626e-05
-0.837973 -0.365222 1.95403e-05
-0.854372 -0.304429 2.03891e-05
-0.871701 -0.241278 2.06763e-05
-0.889295 -0.178195 2.0391e-05
-0.906477 -0.117606 1.9544e-05
-0.922587 -0.0618377 1.8168e-05
-0.937006 -0.0130341 1.63158e-05
-0.94918 0.0269298 1.40586e-05
-0.958641 0.056518 1.14831e-05
-0.965026 0.0745936 8.68839e-06
-0.968088 0.080462 5.78173e-06
-0.967712 0.0738977 2.87488e-06
-0.96391 0.0551529 7.95353e-08
-0.956829 0.0249479 -2.49688e-06
-0.946741 -0.0155565 -4.75537e-06
-0.934034 -0.0648038 -6.60912e-06
-0.919197 -0.120902 -7.98692e-06
-0.902798 -0.181694 -8.83581e-06
-0.885469 -0.244845 -9.12317e-06
-0.867876 -0.307927 -8.83795e-06
-0.850694 -0.368518 -7.99113e-06
-0.834583 -0.424287 -6.61523e-06
-0.820164 -0.473092 -4.76314e-06
-0.807989 -0.513058 -2.50602e-06
-0.798527 -0.542649 6.93819e-08
-0.792142 -0.560727 2.8641e-06
-0.789078 -0.566599 5.77074e-06
-0.789454 -0.560037 8.67761e-06
-0.793256 -0.541295 1.1473e-05
-0.800336 -0.511092 1.40495e-05
-0.810423 -0.47059 1.6308e-05
-0.823129 -0.421344 1.81619e-05
-0.837966 -0.365248 1.95398e-05
-0.96045 0.0477406 6.2277e-06
-0.960105 0.0418131 3.61167e-06
-0.956678 0.0249241 1.09617e-06
-0.9503 -0.00227733 -1.22214e-06
-0.941217 -0.0387459 -3.25416e-06
-0.929777 -0.0830802 -4.92181e-06
-0.916421 -0.133576 -6.161e-06
-0.90166 -0.188294 -6.92411e-06
-0.886064 -0.245131 -7.18182e-06
-0.87023 -0.301902 -6.92422e-06
-0.854767 -0.356427 -6.16122e-06
-0.84027 -0.406609 -4.92213e-06
-0.827296 -0.45052 -3.25457e-06
-0.816343 -0.486473 -1.22262e-06
-0.807833 -0.513087 1.09563e-06
-0.802091 -0.529338 3.6111e-06
-0.799339 -0.534602 6.22712e-06
-0.799683 -0.528677 8.84316e-06
-0.803109 -0.511791 1.13587e-05
-0.809486 -0.484592 1.36771e-05
-0.818569 -0.448125 1.57091e-05
-0.830008 -0.403792 1.73769e-05
-0.843365 -0.353297 1.86162e-05
-0.858125 -0.29858 1.93794e-05
-0.873721 -0.241744 1.96372e-05
-0.889555 -0.184972 1.93797e-05
-0.905018 -0.130447 1.86168e-05
-0.919515 -0.0802636 1.73779e-05
-0.93249 -0.0363506 1.57104e-05
-0.943443 -0.000395303 1.36785e-05
-0.951954 0.0262205 1.13603e-05
-0.957697 0.042474 8.84487e-06
-0.960449 0.0477407 6.22886e-06
-0.960106 0.0418181 3.61281e-06
-0.95668 0.0249339 1.09724e-06
-0.950304 -0.00226317 -1.22117e-06
-0.941222 -0.0387279 -3.25334e-06
-0.929783 -0.0830591 -4.92116e-06
-0.916427 -0.133553 -6.16055e-06
-0.901667 -0.188269 -6.92388e-06
-0.886071 -0.245106 -7.18182e-06
-0.870237 -0.301877 -6.92445e-06
-0.854774 -0.356403 -6.16166e-06
-0.840277 -0.406588 -4.92278e-06
-0.827302 -0.450502 -3.25539e-06
-0.816348 -0.48646 -1.22359e-06
-0.807836 -0.513078 1.09455e-06
-0.802093 -0.529333 3.60996e-06
-0.79934 -0.534603 6.22595e-06
-0.799682 -0.528683 8.84202e-06
-0.803107 -0.511801 1.13576e-05
-0.809483 -0.484606 1.36761e-05
-0.818565 -0.448143 1.57083e-05
-0.830003 -0.403813 1.73762e-05
-0.843358 -0.35332 1.86157e-05
-0.858118 -0.298605 1.93792e-05
-0.873714 -0.241769 1.96372e-05
-0.889548 -0.184997 1.938e-05
-0.905011 -0.13047 1.86173e-05
-0.919509 -0.0802845 1.73785e-05
-0.932484 -0.0363683 1.57112e-05
-0.943439 -0.00040922 1.36795e-05
-0.951951 0.026211 1.13614e-05
-0.957695 0.0424693 8.84601e-06
-0.960449 0.0477409 6.23003e-06
-0.960107 0.0418232 3.61395e-06
-0.956682 0.0249437 1.09832e-06
-0.950307 -0.00224901 -1.2202e-06
-0.941226 -0.03871 -3.25251e-06
-0.929788 -0.083038 -4.92051e-06
-0.916433 -0.13353 -6.16011e-06
-0.901674 -0.188245 -6.92366e-06
-0.886078 -0.24508 -7.18182e-06
-0.870244 -0.301853 -6.92468e-06
-0.854781 -0.35638 -6.16211e-06
-0.840283 -0.406567 -4.92342e-06
-0.827307 -0.450485 -3.25622e-06
-0.816352 -0.486446 -1.22456e-06
-0.807839 -0.513068 1.09348e-06
-0.802095 -0.529329 3.60882e-06
-0.79934 -0.534603 6.22479e-06
-0.799681 -0.528688 8.84088e-06
-0.803105 -0.51181 1.13565e-05
-0.80948 -0.48462 1.36751e-05
-0.81856 -0.448161 1.57075e-05
-0.829997 -0.403834 1.73756e-05
-0.843352 -0.353344 1.86153e-05
-0.858111 -0.29863 1.93789e-05
-0.873707 -0.241794 1.96372e-05
-0.889541 -0.185021 1.93802e-05
-0.905005 -0.130493 1.86177e-05
-0.919503 -0.0803055 1.73791e-05
-0.932479 -0.0363861 1.5712e-05
-0.943434 -0.000423138 1.36804e-05
-0.951948 0.0262014 1.13625e-05
-0.957693 0.0424645 8.84716e-06
-0.960448 0.047741 6.23119e-06
-0.960108 0.0418283 3.61509e-06
-0.956685 0.0249535 1.09939e-06
-0.950311 -0.00223486 -1.21924e-06
-0.941231 -0.038692 -3.25169e-06
-0.929794 -0.0830169 -4.91987e-06
-0.91644 -0.133506 -6.15966e-06
-0.901681 -0.18822 -6.92343e-06
-0.886085 -0.245055 -7.18182e-06
-0.870251 -0.301828 -6.9249e-06
-0.854787 -0.356357 -6.16255e-06
-0.840289 -0.406546 -4.92407e-06
-0.827312 -0.450467 -3.25704e-06
-0.816356 -0.486432 -1.22553e-06
-0.807842 -0.513058 1.0924e-06
-0.802097 -0.529324 3.60767e-06
-0.799341 -0.534603 6.22363e-06
-0.799681 -0.528693 8.83974e-06
-0.803103 -0.51182 1.13555e-05
-0.809476 -0.484634 1.36742e-05
-0.818555 -0.448179 1.57067e-05
-0.829992 -0.403855 1.73749e-05
-0.843346 -0.353367 1.86148e-05
-0.858105 -0.298654 1.93787e-05
-0.8737 -0.241819 1.96372e-05
-0.889534 -0.185046 1.93804e-05
-0.904998 -0.130517 1.86182e-05
-0.919497 -0.0803264 1.73798e-05
-0.932474 -0.0364039 1.57128e-05
-0.94343 -0.000437059 1.36814e-05
-0.951945 0.0261919 1.13635e-05
-0.957691 0.0424597 8.8483e-06
-0.960447 0.0477411 6.23235e-06
-0.960108 0.0418333 3.61623e-06
-0.956687 0.0249633 1.10047e-06
-0.950314 -0.0022207 -1.21827e-06
-0.941235 -0.038674 -3.25087e-06
-0.9298 -0.0829958 -4.91922e-06
-0.916446 -0.133483 -6.15921e-06
-0.901687 -0.188195 -6.9232e-06
-0.949551 0.00387528 6.62313e-06
-0.949258 -0.00116572 4.39835e-06
-0.946343 -0.0155288 2.25906e-06
-0.94092 -0.038662 2.87483e-07
-0.933195 -0.0696763 -1.44063e-06
-0.923466 -0.10738 -2.85887e-06
-0.912107 -0.150324 -3.91272e-06
-0.899554 -0.196858 -4.56171e-06
-0.88629 -0.245195 -4.78087e-06
-0.872824 -0.293475 -4.5618e-06
-0.859674 -0.339845 -3.91291e-06
-0.847346 -0.382522 -2.85914e-06
-0.836312 -0.419866 -1.44098e-06
-0.826997 -0.450442 2.87071e-07
-0.819759 -0.473075 2.25861e-06
-0.814876 -0.486896 4.39786e-06
-0.812536 -0.491373 6.62263e-06
-0.812829 -0.486334 8.84742e-06
-0.815742 -0.471973 1.09867e-05
-0.821166 -0.448842 1.29584e-05
-0.82889 -0.417829 1.46865e-05
-0.838618 -0.380127 1.61049e-05
-0.849977 -0.337183 1.71588e-05
-0.86253 -0.29065 1.78079e-05
-0.875794 -0.242314 1.80271e-05
-0.88926 -0.194033 1.78082e-05
-0.90241 -0.147663 1.71594e-05
-0.914739 -0.104985 1.61057e-05
-0.925773 -0.0676393 1.46876e-05
-0.935088 -0.0370614 1.29596e-05
-0.942326 -0.0144263 1.09881e-05
-0.94721 -0.000603592 8.84888e-06
-0.94955 0.0038754 6.62412e-06
-0.949259 -0.0011614 4.39932e-06
-0.946345 -0.0155204 2.25998e-06
-0.940923 -0.0386499 2.88305e-07
-0.933199 -0.0696611 -1.43993e-06
-0.923471 -0.107362 -2.85832e-06
-0.912112 -0.150304 -3.91234e-06
-0.89956 -0.196837 -4.56151e-06
-0.886296 -0.245173 -4.78087e-06
-0.87283 -0.293454 -4.562e-06
-0.85968 -0.339825 -3.91329e-06
-0.847351 -0.382504 -2.85969e-06
-0.836316 -0.419851 -1.44168e-06
-0.827001 -0.45043 2.86248e-07
-0.819762 -0.473067 2.25769e-06
-0.814878 -0.486892 4.39689e-06
-0.812537 -0.491373 6.62165e-06
-0.812828 -0.486338 8.84645e-06
-0.815741 -0.471981 1.09858e-05
-0.821163 -0.448854 1.29575e-05
-0.828886 -0.417844 1.46858e-05
-0.838614 -0.380145 1.61043e-05
-0.849972 -0.337203 1.71584e-05
-0.862524 -0.290671 1.78077e-05
-0.875788 -0.242335 1.80271e-05
-0.889254 -0.194054 1.78084e-05
-0.902404 -0.147682 1.71597e-05
-0.914733 -0.105002 1.61062e-05
-0.925768 -0.0676544 1.46883e-05
-0.935084 -0.0370733 1.29604e-05
-0.942324 -0.0144344 1.0989e-05
-0.947208 -0.000607663 8.84985e-06
-0.94955 0.00387553 6.62511e-06
-0.949259 -0.00115709 4.40029e-06
-0.946347 -0.0155121 2.26089e-06
-0.940926 -0.0386379 2.89128e-07
-0.933203 -0.0696458 -1.43923e-06
-0.923475 -0.107344 -2.85777e-06
-0.912118 -0.150284 -3.91197e-06
-0.899566 -0.196816 -4.56132e-06
-0.886302 -0.245152 -4.78087e-06
-0.872836 -0.293433 -4.56219e-06
-0.859686 -0.339805 -3.91367e-06
-0.847356 -0.382486 -2.86024e-06
-0.836321 -0.419836 -1.44238e-06
-0.827004 -0.450418 2.85426e-07
-0.819765 -0.473059 2.25678e-06
-0.81488 -0.486888 4.39592e-06
-0.812537 -0.491373 6.62066e-06
-0.812827 -0.486343 8.84548e-06
-0.815739 -0.47199 1.09849e-05
-0.82116 -0.448866 1.29567e-05
-0.828882 -0.41786 1.46851e-05
-0.838609 -0.380162 1.61038e-05
-0.849967 -0.337223 1.7158e-05
-0.862518 -0.290692 1.78075e-05
-0.875782 -0.242357 1.80271e-05
-0.889248 -0.194075 1.78085e-05
-0.902398 -0.147702 1.71601e-05
-0.914728 -0.10502 1.61068e-05
-0.925764 -0.0676695 1.4689e-05
-0.935081 -0.0370851 1.29612e-05
-0.942321 -0.0144425 1.09899e-05
-0.947207 -0.000611736 8.85082e-06
-0.94955 0.00387565 6.6261e-06
-0.94926 -0.00115278 4.40126e-06
-0.946349 -0.0155038 2.26181e-06
-0.940928 -0.0386259 2.89951e-07
-0.933207 -0.0696305 -1.43853e-06
-0.92348 -0.107326 -2.85722e-06
-0.912123 -0.150264 -3.91159e-06
-0.899571 -0.196795 -4.56113e-06
-0.886308 -0.24513 -4.78087e-06
-0.872842 -0.293412 -4.56238e-06
-0.859691 -0.339786 -3.91405e-06
-0.847361 -0.382468 -2.86079e-06
-0.836325 -0.419821 -1.44308e-06
-0.827008 -0.450407 2.84603e-07
-0.819767 -0.473051 2.25586e-06
-0.814881 -0.486884 4.39495e-06
-0.812538 -0.491373 6.61967e-06
-0.812826 -0.486347 8.84451e-06
-0.815737 -0.471998 1.0984e-05
-0.821157 -0.448878 1.29559e-05
-0.935814 -0.0494488 6.94766e-06
-0.935583 -0.0534096 5.19962e-06
-0.933293 -0.0646948 3.51876e-06
-0.929032 -0.0828708 1.96967e-06
-0.922963 -0.107239 6.11872e-07
-0.915318 -0.136863 -5.02451e-07
-0.906394 -0.170605 -1.33048e-06
-0.896531 -0.207167 -1.84039e-06
-0.886109 -0.245146 -2.01259e-06
-0.875529 -0.28308 -1.84047e-06
-0.865197 -0.319514 -1.33063e-06
-0.85551 -0.353045 -5.02667e-07
-0.84684 -0.382387 6.11597e-07
-0.839522 -0.406411 1.96935e-06
-0.833835 -0.424194 3.5184e-06
-0.829998 -0.435053 5.19924e-06
-0.82816 -0.438571 6.94727e-06
-0.828389 -0.434612 8.69531e-06
-0.830679 -0.423328 1.03762e-05
-0.83494 -0.405153 1.19253e-05
-0.841009 -0.380786 1.32832e-05
-0.848653 -0.351163 1.43975e-05
-0.857577 -0.317422 1.52256e-05
-0.86744 -0.28086 1.57356e-05
-0.877862 -0.242882 1.59079e-05
-0.888442 -0.204947 1.57359e-05
-0.898774 -0.168514 1.52261e-05
-0.908461 -0.134981 1.43982e-05
-0.917131 -0.105639 1.3284e-05
-0.92445 -0.0816132 1.19263e-05
-0.930137 -0.0638285 1.03773e-05
-0.933974 -0.0529679 8.69645e-06
-0.935813 -0.0494487 6.94843e-06
-0.935584 -0.0534062 5.20038e-06
-0.933295 -0.0646882 3.51948e-06
-0.929034 -0.0828613 1.97032e-06
-0.922966 -0.107227 6.12422e-07
-0.915322 -0.136849 -5.02019e-07
-0.906398 -0.170589 -1.33018e-06
-0.896535 -0.207151 -1.84024e-06
-0.886114 -0.245129 -2.01259e-06
-0.875533 -0.283064 -1.84062e-06
-0.865201 -0.319498 -1.33092e-06
-0.855514 -0.353031 -5.03099e-07
-0.846844 -0.382375 6.11047e-07
-0.839525 -0.406402 1.9687e-06
-0.833837 -0.424188 3.51768e-06
-0.83 -0.43505 5.19848e-06
-0.82816 -0.438571 6.94649e-06
-0.828389 -0.434615 8.69455e-06
-0.830677 -0.423335 1.03755e-05
-0.834938 -0.405163 1.19247e-05
-0.841006 -0.380798 1.32826e-05
-0.848649 -0.351177 1.43971e-05
-0.857573 -0.317438 1.52253e-05
-0.867436 -0.280877 1.57355e-05
-0.877857 -0.242899 1.59079e-05
-0.888437 -0.204964 1.5736e-05
-0.89877 -0.168529 1.52264e-05
-0.908457 -0.134995 1.43986e-05
-0.917127 -0.10565 1.32845e-05
-0.924447 -0.0816225 1.19269e-05
-0.930135 -0.0638349 1.0378e-05
-0.933973 -0.0529711 8.69721e-06
-0.935813 -0.0494486 6.94921e-06
-0.935584 -0.0534028 5.20115e-06
-0.933296 -0.0646817 3.5202e-06
-0.929037 -0.0828519 1.97096e-06
-0.922969 -0.107215 6.12972e-07
-0.915326 -0.136835 -5.01587e-07
-0.906402 -0.170574 -1.32988e-06
-0.89654 -0.207134 -1.84009e-06
-0.886118 -0.245112 -2.01259e-06
-0.875538 -0.283047 -1.84077e-06
-0.865206 -0.319482 -1.33122e-06
-0.855518 -0.353017 -5.03531e-07
-0.846848 -0.382363 6.10498e-07
-0.839528 -0.406392 1.96805e-06
-0.833839 -0.424181 3.51697e-06
-0.830001 -0.435047 5.19772e-06
-0.82816 -0.438571 6.94571e-06
-0.828388 -0.434618 8.69378e-06
-0.830676 -0.423341 1.03748e-05
-0.834935 -0.405172 1.1924e-05
-0.841003 -0.38081 1.32821e-05
-0.848645 -0.351191 1.43967e-05
-0.857569 -0.317454 1.5225e-05
-0.867431 -0.280894 1.57353e-05
-0.877852 -0.242916 1.59079e-05
-0.888433 -0.204981 1.57362e-05
-0.898765 -0.168545 1.52267e-05
-0.919766 -0.110183 7.18881e-06
-0.919607 -0.112911 5.98469e-06
-0.91803 -0.120685 4.82685e-06
-0.915094 -0.133205 3.75978e-06
-0.910913 -0.149991 2.82447e-06
-0.905648 -0.170397 2.05688e-06
-0.8995 -0.19364 1.48651e-06
-0.892706 -0.218825 1.13526e-06
-0.885527 -0.244986 1.01664e-06
-0.878239 -0.271117 1.13521e-06
-0.871122 -0.296214 1.4864e-06
-0.864449 -0.319312 2.05674e-06
-0.858477 -0.339523 2.82428e-06
-0.853436 -0.356072 3.75955e-06
-0.849519 -0.368322 4.8266e-06
-0.846876 -0.375802 5.98443e-06
-0.845609 -0.378225 7.18854e-06
-0.845768 -0.375498 8.39266e-06
-0.847345 -0.367725 9.55051e-06
-0.85028 -0.355206 1.06176e-05
-0.85446 -0.338421 1.1553e-05
-0.859726 -0.318015 1.23206e-05
-0.865873 -0.294773 1.2891e-05
-0.872667 -0.269588 1.32423e-05
-0.879846 -0.243427 1.3361e-05
-0.887134 -0.217296 1.32425e-05
-0.894251 -0.192199 1.28913e-05
-0.900924 -0.169101 1.2321e-05
-0.906896 -0.148888 1.15535e-05
-0.911938 -0.132339 1.06183e-05
-0.915855 -0.120088 9.55126e-06
-0.918498 -0.112607 8.39345e-06
-0.919765 -0.110182 7.18934e-06
-0.919607 -0.112909 5.98522e-06
-0.918031 -0.12068 4.82735e-06
-0.915096 -0.133198 3.76022e-06
-0.910915 -0.149982 2.82485e-06
-0.90565 -0.170387 2.05718e-06
-0.899503 -0.193629 1.48671e-06
-0.892709 -0.218814 1.13536e-06
-0.88553 -0.244974 1.01664e-06
-0.878242 -0.271106 1.1351e-06
-0.871125 -0.296203 1.4862e-06
-0.864452 -0.319302 2.05644e-06
-0.85848 -0.339515 2.82391e-06
-0.853438 -0.356065 3.75911e-06
-0.84952 -0.368317 4.82611e-06
-0.846877 -0.3758 5.98391e-06
-0.84561 -0.378225 7.188e-06
-0.845767 -0.3755 8.39213e-06
-0.847344 -0.36773 9.55002e-06
-0.850278 -0.355212 1.06172e-05
-0.854458 -0.338429 1.15526e-05
-0.859723 -0.318025 1.23203e-05
-0.865871 -0.294784 1.28908e-05
-0.872664 -0.269599 1.32422e-05
-0.879843 -0.243439 1.3361e-05
-0.887131 -0.217307 1.32426e-05
-0.894248 -0.19221 1.28915e-05
-0.900921 -0.16911 1.23213e-05
-0.906894 -0.148896 1.15539e-05
-0.911936 -0.132345 1.06187e-05
-0.915854 -0.120092 9.55175e-06
-0.902023 -0.175992 7.33732e-06
-0.901942 -0.177383 6.7234e-06
-0.901138 -0.181346 6.13307e-06
-0.899642 -0.18773 5.58901e-06
-0.89751 -0.196288 5.11215e-06
-0.894825 -0.206692 4.72079e-06
-0.891691 -0.218543 4.42998e-06
-0.888227 -0.231384 4.2509e-06
-0.884567 -0.244722 4.19042e-06
-0.880851 -0.258045 4.25087e-06
-0.877222 -0.27084 4.42993e-06
-0.87382 -0.282617 4.72071e-06
-0.870775 -0.292922 5.11205e-06
-0.868205 -0.301359 5.5889e-06
-0.866208 -0.307605 6.13294e-06
-0.86486 -0.311419 6.72326e-06
-0.864215 -0.312654 7.33718e-06
-0.864295 -0.311264 7.9511e-06
-0.865099 -0.307301 8.54144e-06
-0.866596 -0.300918 9.0855e-06
-0.868727 -0.29236 9.56239e-06
-0.871412 -0.281956 9.95377e-06
-0.874546 -0.270106 1.02446e-05
-0.87801 -0.257265 1.04237e-05
-0.88167 -0.243927 1.04842e-05
-0.885386 -0.230604 1.04238e-05
-0.889015 -0.217808 1.02448e-05
-0.892417 -0.206032 9.95399e-06
-0.895462 -0.195726 9.56268e-06
-0.898032 -0.187288 9.08584e-06
-0.90003 -0.181042 8.54182e-06
-0.901377 -0.177228 7.9515e-06
-0.883269 -0.244348 7.38748e-06
