0.0321084 0.906492 0.000271598
-0.0223894 0.908238 0.00026809
-0.0213486 0.908025 0.000271785
-0.0182538 0.907746 0.000275338
-0.0132239 0.907412 0.000278613
-0.00645223 0.907036 0.000281483
0.00180102 0.906631 0.000283839
0.0112187 0.906215 0.000285589
0.0214389 0.905801 0.000286667
0.0320688 0.905407 0.000287031
0.0427 0.905048 0.000286667
0.0529239 0.904737 0.000285589
0.0623477 0.904487 0.000283839
0.0706092 0.904306 0.000281484
0.0773909 0.904203 0.000278614
0.0824322 0.90418 0.000275339
0.0855394 0.904239 0.000271786
0.0865931 0.904378 0.000268091
0.0855528 0.90459 0.000264396
0.0824585 0.904869 0.000260843
0.077429 0.905203 0.000257568
0.0706577 0.90558 0.000254698
0.0624047 0.905984 0.000252342
0.0529872 0.906401 0.000250591
0.0427672 0.906814 0.000249513
0.0321373 0.907208 0.000249149
0.0215061 0.907567 0.000249513
0.011282 0.907878 0.000250591
0.00185799 0.908129 0.000252341
-0.00640378 0.908309 0.000254696
-0.0131858 0.908413 0.000257566
-0.0182276 0.908436 0.00026084
-0.0213352 0.908377 0.000264393
-0.074806 0.909547 0.000257701
-0.0727644 0.90913 0.000264949
-0.0666937 0.908583 0.000271919
-0.0568273 0.907928 0.000278342
-0.0435441 0.907189 0.000283972
-0.0273548 0.906396 0.000288593
-0.00888135 0.905578 0.000292026
0.0111663 0.904768 0.000294141
0.0320176 0.903995 0.000294855
0.0528715 0.90329 0.000294141
0.0729265 0.902681 0.000292027
0.0914119 0.902189 0.000288594
0.107617 0.901835 0.000283973
0.12092 0.901632 0.000278343
0.130809 0.901587 0.00027192
0.136904 0.901703 0.000264951
0.138971 0.901975 0.000257702
0.13693 0.902392 0.000250454
0.130861 0.902939 0.000243484
0.120995 0.903594 0.000237061
0.107712 0.904333 0.00023143
0.0915237 0.905126 0.00022681
0.0730507 0.905944 0.000223376
0.0530033 0.906755 0.000221261
0.032152 0.907527 0.000220547
0.0112981 0.908232 0.00022126
-0.00875718 0.908842 0.000223374
-0.027243 0.909333 0.000226807
-0.0434491 0.909687 0.000231427
-0.0567526 0.909891 0.000237057
-0.0666423 0.909935 0.00024348
-0.0727382 0.909819 0.000250449
-0.074806 0.909547 0.000257698
-0.0727662 0.90913 0.000264946
-0.0666973 0.908583 0.000271916
-0.0568324 0.907928 0.000278339
-0.0435507 0.90719 0.00028397
-0.0273625 0.906396 0.000288591
-0.00888992 0.905579 0.000292025
0.0111572 0.904768 0.00029414
0.0320084 0.903995 0.000294855
0.0528624 0.903291 0.000294142
0.0729179 0.902681 0.000292028
0.0914042 0.902189 0.000288596
0.107611 0.901835 0.000283976
0.120915 0.901632 0.000278346
0.130806 0.901587 0.000271923
0.136902 0.901703 0.000264954
0.138971 0.901975 0.000257706
0.136932 0.902392 0.000250457
0.130864 0.902939 0.000243487
0.121 0.903594 0.000237063
0.107719 0.904333 0.000231433
0.0915314 0.905126 0.000226811
0.0730592 0.905944 0.000223377
0.0530124 0.906754 0.000221262
0.0321613 0.907527 0.000220547
0.0113072 0.908232 0.00022126
-0.0087486 0.908842 0.000223373
-0.0272353 0.909333 0.000226805
-0.0434425 0.909687 0.000231425
-0.0567474 0.90989 0.000237054
-0.0666388 0.909935 0.000243477
-0.123127 0.91037 0.000240829
-0.120163 0.909764 0.000251352
-0.11135 0.908971 0.000261471
-0.097026 0.908019 0.000270796
-0.0777419 0.906947 0.00027897
-0.0542386 0.905795 0.000285678
-0.0274193 0.904608 0.000290662
0.00168534 0.903431 0.000293732
0.0319569 0.90231 0.000294768
0.062232 0.901287 0.000293732
0.0913474 0.900401 0.000290663
0.118184 0.899688 0.000285679
0.141711 0.899174 0.000278971
0.161024 0.898879 0.000270798
0.17538 0.898814 0.000261473
0.184229 0.898983 0.000251354
0.187229 0.899377 0.000240832
0.184267 0.899983 0.000230309
0.175455 0.900777 0.00022019
0.161132 0.901728 0.000210864
0.141849 0.9028 0.00020269
0.118346 0.903952 0.000195982
0.0915277 0.905139 0.000190997
0.0624234 0.906316 0.000187927
0.032152 0.907438 0.00018689
0.00187672 0.908461 0.000187926
-0.027239 0.909346 0.000190994
-0.0540763 0.910059 0.000195978
-0.0776039 0.910573 0.000202685
-0.0969176 0.910868 0.000210859
-0.111275 0.910933 0.000220183
-0.120125 0.910765 0.000230302
-0.123127 0.91037 0.000240825
-0.120166 0.909765 0.000251348
-0.111355 0.908971 0.000261466
-0.0970335 0.90802 0.000270792
-0.0777514 0.906948 0.000278966
-0.0542498 0.905796 0.000285675
-0.0274317 0.904609 0.00029066
0.00167214 0.903432 0.000293731
0.0319434 0.90231 0.000294768
0.0622188 0.901287 0.000293733
0.091335 0.900402 0.000290665
0.118173 0.899688 0.000285682
0.141701 0.899174 0.000278975
0.161016 0.898879 0.000270802
0.175375 0.898814 0.000261477
0.184226 0.898982 0.000251359
0.187229 0.899377 0.000240836
0.184269 0.899983 0.000230313
0.17546 0.900776 0.000220194
0.161139 0.901728 0.000210868
0.141858 0.9028 0.000202694
0.118358 0.903951 0.000195985
0.0915401 0.905139 0.000190999
0.0624366 0.906316 0.000187928
0.0321655 0.907437 0.00018689
0.00188993 0.90846 0.000187925
-0.0272266 0.909346 0.000190993
-0.0540651 0.910059 0.000195976
-0.0775944 0.910573 0.000202682
-0.0969101 0.910868 0.000210855
-0.11127 0.910933 0.000220179
-0.120123 0.910765 0.000230297
-0.123127 0.910371 0.00024082
-0.120168 0.909765 0.000251343
-0.11136 0.908971 0.000261462
-0.097041 0.90802 0.000270788
-0.0777609 0.906948 0.000278963
-0.054261 0.905796 0.000285672
-0.0274442 0.904609 0.000290659
0.00165893 0.903432 0.00029373
0.03193 0.902311 0.000294768
0.0622056 0.901287 0.000293734
0.0913225 0.900402 0.000290667
0.118162 0.899689 0.000285684
0.141692 0.899174 0.000278978
0.161009 0.898879 0.000270806
0.17537 0.898814 0.000261481
0.184223 0.898982 0.000251364
0.187229 0.899377 0.000240841
0.184272 0.899982 0.000230318
0.175465 0.900776 0.000220199
0.161147 0.901727 0.000210872
0.141868 0.902799 0.000202697
0.118369 0.903951 0.000195987
0.0915525 0.905138 0.000191001
0.0624498 0.906315 0.000187929
0.0321789 0.907437 0.00018689
0.00190314 0.90846 0.000187924
-0.0272141 0.909345 0.000190991
-0.165496 0.910675 0.000218124
-0.161724 0.909904 0.000231517
-0.150506 0.908894 0.000244395
-0.132275 0.907683 0.000256264
-0.107731 0.906318 0.000266668
-0.0778173 0.904852 0.000275205
-0.0436828 0.903341 0.000281549
-0.00663953 0.901843 0.000285456
0.0318889 0.900416 0.000286776
0.0704219 0.899114 0.000285457
0.107479 0.897987 0.000281551
0.141635 0.897079 0.000275207
0.171579 0.896425 0.00026667
0.19616 0.896049 0.000256267
0.214432 0.895967 0.000244398
0.225694 0.896181 0.00023152
0.229513 0.896683 0.000218127
0.225743 0.897455 0.000204734
0.214527 0.898465 0.000191855
0.196298 0.899675 0.000179986
0.171755 0.90104 0.000169582
0.141842 0.902506 0.000161044
0.107708 0.904017 0.0001547
0.0706655 0.905515 0.000150792
0.0321372 0.906943 0.000149472
-0.00639595 0.908245 0.00015079
-0.0434533 0.909371 0.000154696
-0.0776108 0.910279 0.000161039
-0.107556 0.910934 0.000169576
-0.132137 0.911309 0.000179979
-0.150411 0.911392 0.000191847
-0.161675 0.911177 0.000204725
-0.165496 0.910675 0.000218118
-0.161727 0.909904 0.000231511
-0.150513 0.908894 0.00024439
-0.132285 0.907683 0.000256259
-0.107743 0.906319 0.000266663
-0.0778315 0.904853 0.000275202
-0.0436986 0.903342 0.000281547
-0.00665634 0.901844 0.000285455
0.0318717 0.900416 0.000286776
0.0704051 0.899114 0.000285458
0.107463 0.897987 0.000281553
0.141621 0.897079 0.00027521
0.171567 0.896425 0.000266674
0.19615 0.89605 0.000256272
0.214426 0.895967 0.000244404
0.225691 0.896181 0.000231526
0.229513 0.896683 0.000218133
0.225746 0.897454 0.00020474
0.214534 0.898464 0.000191861
0.196307 0.899675 0.000179991
0.171767 0.901039 0.000169587
0.141856 0.902505 0.000161048
0.107724 0.904016 0.000154702
0.0706823 0.905514 0.000150793
0.0321544 0.906942 0.000149472
-0.00637914 0.908244 0.000150789
-0.0434375 0.909371 0.000154694
-0.0775965 0.910279 0.000161036
-0.107544 0.910933 0.000169572
-0.132128 0.911309 0.000179974
-0.150405 0.911392 0.000191841
-0.161672 0.911178 0.000204719
-0.165496 0.910676 0.000218112
-0.16173 0.909905 0.000231505
-0.150519 0.908895 0.000244384
-0.132294 0.907684 0.000256254
-0.107756 0.90632 0.000266659
-0.0778458 0.904854 0.000275199
-0.0437144 0.903343 0.000281545
-0.00667314 0.901845 0.000285454
0.0318546 0.900417 0.000286776
0.0703883 0.899115 0.000285459
0.107447 0.897988 0.000281555
0.141607 0.89708 0.000275214
0.171555 0.896425 0.000266678
0.196141 0.89605 0.000256277
0.214419 0.895967 0.000244409
0.225688 0.896181 0.000231532
0.229513 0.896683 0.000218139
0.225749 0.897454 0.000204745
0.21454 0.898464 0.000191866
0.196317 0.899674 0.000179996
0.171779 0.901039 0.000169591
0.14187 0.902505 0.000161051
0.10774 0.904016 0.000154704
0.0706991 0.905514 0.000150794
0.0321715 0.906941 0.000149472
-0.00636233 0.908244 0.000150788
-0.0434216 0.90937 0.000154692
-0.0775823 0.910279 0.000161033
-0.107531 0.910933 0.000169568
-0.132118 0.911309 0.000179969
-0.150398 0.911392 0.000191836
-0.161668 0.911178 0.000204713
-0.165496 0.910676 0.000218106
-0.161734 0.909905 0.0002315
-0.150526 0.908895 0.000244379
-0.132304 0.907685 0.000256249
-0.107768 0.90632 0.000266655
-0.07786 0.904854 0.000275195
-0.0437302 0.903343 0.000281543
-0.00668995 0.901845 0.000285453
0.0318375 0.900418 0.000286776
0.0703715 0.899115 0.00028546
0.107431 0.897988 0.000281557
0.141593 0.89708 0.000275217
0.171543 0.896426 0.000266682
0.196131 0.89605 0.000256282
0.214412 0.895967 0.000244415
0.225684 0.896181 0.000231538
0.229513 0.896683 0.000218145
0.225753 0.897453 0.000204751
0.214547 0.898463 0.000191872
0.196326 0.899674 0.000180001
-0.200284 0.91045 0.000190457
-0.195848 0.909543 0.000206206
-0.182658 0.908355 0.00022135
-0.161221 0.906932 0.000235306
-0.13236 0.905327 0.000247539
-0.0971848 0.903603 0.000257578
-0.0570468 0.901826 0.000265038
-0.0134885 0.900065 0.000269632
0.0318162 0.898386 0.000271184
0.0771264 0.896855 0.000269633
0.120701 0.89553 0.000265039
0.160865 0.894463 0.00025758
0.196075 0.893694 0.000247541
0.224979 0.893252 0.000235309
0.246465 0.893155 0.000221353
0.259708 0.893407 0.00020621
0.264199 0.893998 0.000190461
0.259765 0.894904 0.000174712
0.246577 0.896092 0.000159569
0.225141 0.897516 0.000145612
0.196282 0.89912 0.000133379
0.161108 0.900844 0.000123339
0.120971 0.902621 0.000115878
0.0774128 0.904383 0.000111283
0.0321083 0.906061 0.000109731
-0.013202 0.907592 0.000111281
-0.056777 0.908917 0.000115874
-0.096942 0.909985 0.000123333
-0.132154 0.910754 0.000133371
-0.161059 0.911196 0.000145603
-0.182547 0.911293 0.000159559
-0.195791 0.911041 0.000174702
-0.200284 0.91045 0.00019045
-0.195852 0.909544 0.000206199
-0.182666 0.908356 0.000221343
-0.161232 0.906932 0.0002353
-0.132374 0.905328 0.000247534
-0.0972015 0.903604 0.000257574
-0.0570654 0.901827 0.000265035
-0.0135082 0.900066 0.000269631
0.0317961 0.898387 0.000271184
0.0771066 0.896856 0.000269634
0.120682 0.895531 0.000265042
0.160848 0.894463 0.000257584
0.196061 0.893694 0.000247546
0.224968 0.893252 0.000235315
0.246457 0.893155 0.000221359
0.259704 0.893407 0.000206216
0.264199 0.893997 0.000190468
0.259769 0.894904 0.000174719
0.246584 0.896092 0.000159575
0.225152 0.897515 0.000145618
0.196296 0.89912 0.000133384
0.161124 0.900843 0.000123343
0.120989 0.90262 0.000115881
0.0774325 0.904382 0.000111285
0.0321284 0.90606 0.000109731
-0.0131823 0.907592 0.00011128
-0.0567583 0.908917 0.000115871
-0.0969252 0.909984 0.000123329
-0.132139 0.910754 0.000133366
-0.161047 0.911196 0.000145597
-0.182539 0.911293 0.000159552
-0.195787 0.911041 0.000174695
-0.200284 0.910451 0.000190443
-0.195856 0.909544 0.000206192
-0.182674 0.908356 0.000221337
-0.161243 0.906933 0.000235294
-0.132389 0.905329 0.000247529
-0.0972183 0.903605 0.00025757
-0.057084 0.901828 0.000265033
-0.013528 0.900066 0.000269629
0.0317759 0.898388 0.000271184
0.0770868 0.896857 0.000269635
0.120663 0.895532 0.000265045
0.160831 0.894464 0.000257588
0.196047 0.893694 0.000247551
0.224956 0.893252 0.00023532
0.246449 0.893155 0.000221366
0.2597 0.893407 0.000206223
0.264198 0.893997 0.000190475
0.259773 0.894903 0.000174726
0.246592 0.896091 0.000159582
0.225163 0.897515 0.000145624
0.19631 0.899119 0.000133388
0.161141 0.900843 0.000123347
0.121008 0.902619 0.000115883
0.0774523 0.904381 0.000111286
0.0321486 0.90606 0.000109731
-0.0131625 0.907591 0.000111279
-0.0567397 0.908916 0.000115869
-0.0969084 0.909984 0.000123325
-0.132125 0.910754 0.000133361
-0.161036 0.911195 0.000145592
-0.182531 0.911293 0.000159546
-0.195783 0.911041 0.000174688
-0.200284 0.910451 0.000190436
-0.19586 0.909545 0.000206185
-0.182681 0.908357 0.00022133
-0.161254 0.906934 0.000235288
-0.132403 0.905329 0.000247524
-0.097235 0.903606 0.000257566
-0.0571026 0.901829 0.00026503
-0.0135477 0.900067 0.000269628
0.0317558 0.898388 0.000271184
0.0770671 0.896857 0.000269637
0.120645 0.895532 0.000265047
0.160814 0.894464 0.000257592
0.196032 0.893694 0.000247556
0.224945 0.893252 0.000235326
0.246442 0.893155 0.000221372
0.259696 0.893407 0.00020623
0.264198 0.893997 0.000190482
0.259776 0.894903 0.000174733
0.2466 0.896091 0.000159588
0.225175 0.897514 0.000145629
0.196324 0.899118 0.000133393
0.161158 0.900842 0.00012335
0.121026 0.902619 0.000115886
0.0774721 0.90438 0.000111288
0.0321687 0.906059 0.000109731
-0.0131427 0.90759 0.000111277
-0.0567211 0.908916 0.000115866
-0.0968917 0.909984 0.000123321
-0.132111 0.910753 0.000133356
-0.161025 0.911195 0.000145586
-0.182523 0.911293 0.000159539
-0.195779 0.911041 0.000174681
-0.200284 0.910451 0.000190429
-0.195864 0.909545 0.000206179
-0.182689 0.908358 0.000221324
-0.161266 0.906934 0.000235283
-0.132417 0.90533 0.000247519
-0.0972518 0.903606 0.000257563
-0.0571212 0.90183 0.000265027
-0.0135675 0.900068 0.000269627
-0.226155 0.909704 0.000158893
-0.221226 0.908696 0.000176392
-0.20657 0.907376 0.000193218
-0.18275 0.905794 0.000208726
-0.150682 0.904011 0.000222318
-0.111597 0.902096 0.000233474
-0.0669977 0.900122 0.000241763
-0.0185982 0.898164 0.000246867
0.0317418 0.896299 0.000248591
0.0820878 0.894598 0.000246868
0.130505 0.893126 0.000241764
0.175133 0.89194 0.000233476
0.214257 0.891085 0.000222321
0.246373 0.890594 0.000208729
0.270247 0.890487 0.000193222
0.284962 0.890767 0.000176396
0.289952 0.891423 0.000158897
0.285025 0.89243 0.000141398
0.270371 0.89375 0.000124571
0.246553 0.895332 0.000109063
0.214486 0.897115 9.54701e-05
0.175403 0.89903 8.43144e-05
0.130805 0.901005 7.60246e-05
0.082406 0.902962 7.09193e-05
0.0320662 0.904827 6.91947e-05
-0.01828 0.906528 7.0917e-05
-0.066698 0.908001 7.60201e-05
-0.111327 0.909187 8.43079e-05
-0.150452 0.910042 9.54619e-05
-0.18257 0.910532 0.000109053
-0.206446 0.91064 0.00012456
-0.221163 0.91036 0.000141386
-0.226155 0.909704 0.000158885
-0.22123 0.908697 0.000176384
-0.206579 0.907377 0.000193211
-0.182763 0.905795 0.000208719
-0.150697 0.904012 0.000222313
-0.111615 0.902097 0.000233469
-0.0670184 0.900123 0.00024176
-0.0186202 0.898165 0.000246866
0.0317194 0.8963 0.000248591
0.0820658 0.894599 0.00024687
0.130484 0.893127 0.000241767
0.175115 0.89194 0.00023348
0.214241 0.891085 0.000222327
0.24636 0.890595 0.000208736
0.270238 0.890487 0.000193229
0.284957 0.890766 0.000176403
0.289952 0.891423 0.000158905
0.285029 0.89243 0.000141405
0.27038 0.89375 0.000124578
0.246566 0.895331 0.00010907
0.214502 0.897114 9.54756e-05
0.175422 0.89903 8.43187e-05
0.130826 0.901004 7.60276e-05
0.082428 0.902961 7.09208e-05
0.0320886 0.904826 6.91947e-05
-0.018258 0.906528 7.09155e-05
-0.0666773 0.908 7.60172e-05
-0.111308 0.909186 8.43036e-05
-0.150436 0.910041 9.54564e-05
-0.182557 0.910532 0.000109047
-0.206437 0.91064 0.000124553
-0.221158 0.910361 0.000141379
-0.226155 0.909705 0.000158877
-0.221235 0.908697 0.000176377
-0.206587 0.907378 0.000193204
-0.182775 0.905796 0.000208713
-0.150713 0.904013 0.000222307
-0.111634 0.902098 0.000233465
-0.0670391 0.900124 0.000241757
-0.0186422 0.898166 0.000246864
0.031697 0.896301 0.000248591
0.0820439 0.8946 0.000246871
0.130464 0.893127 0.00024177
0.175096 0.891941 0.000233484
0.214225 0.891086 0.000222332
0.246348 0.890595 0.000208742
0.27023 0.890487 0.000193236
0.284953 0.890766 0.000176411
0.289952 0.891422 0.000158912
0.285034 0.892429 0.000141413
0.270388 0.893749 0.000124585
0.246578 0.895331 0.000109076
0.214518 0.897113 9.54811e-05
0.17544 0.899029 8.43231e-05
0.130846 0.901003 7.60306e-05
0.08245 0.90296 7.09224e-05
0.032111 0.904826 6.91947e-05
-0.0182361 0.906527 7.0914e-05
-0.0666566 0.907999 7.60142e-05
-0.11129 0.909186 8.42993e-05
-0.15042 0.910041 9.54509e-05
-0.182545 0.910532 0.00010904
-0.206429 0.91064 0.000124546
-0.221154 0.910361 0.000141371
-0.226155 0.909705 0.00015887
-0.221239 0.908698 0.000176369
-0.206596 0.907378 0.000193197
-0.182787 0.905797 0.000208707
-0.150729 0.904014 0.000222302
-0.111653 0.902099 0.000233461
-0.0670598 0.900124 0.000241754
-0.0186641 0.898167 0.000246863
0.0316746 0.896302 0.000248591
0.0820219 0.8946 0.000246873
0.130443 0.893128 0.000241773
0.175077 0.891941 0.000233489
0.214209 0.891086 0.000222338
0.246336 0.890595 0.000208749
0.270221 0.890487 0.000193244
0.284949 0.890766 0.000176419
0.289952 0.891422 0.00015892
0.285038 0.892429 0.000141421
0.270397 0.893748 0.000124593
0.24659 0.89533 0.000109083
0.214534 0.897113 9.54866e-05
0.175459 0.899028 8.43274e-05
0.130867 0.901002 7.60336e-05
0.0824719 0.902959 7.09239e-05
0.0321334 0.904825 6.91947e-05
-0.0182141 0.906526 7.09125e-05
-0.0666359 0.907999 7.60112e-05
-0.111271 0.909185 8.4295e-05
-0.150405 0.910041 9.54454e-05
-0.182533 0.910532 0.000109034
-0.20642 0.91064 0.000124539
-0.22115 0.910361 0.000141363
-0.226155 0.909705 0.000158862
-0.221243 0.908698 0.000176361
-0.206604 0.907379 0.00019319
-0.1828 0.905797 0.0002087
-0.150745 0.904015 0.000222296
-0.111671 0.9021 0.000233456
-0.0670805 0.900125 0.000241751
-0.0186861 0.898168 0.000246861
0.0316522 0.896303 0.000248591
0.0819999 0.894601 0.000246874
0.130422 0.893128 0.000241776
0.175059 0.891942 0.000233493
0.214194 0.891086 0.000222343
0.246323 0.890595 0.000208755
0.270213 0.890487 0.000193251
0.284944 0.890766 0.000176426
0.289952 0.891421 0.000158928
0.285042 0.892428 0.000141428
0.270405 0.893748 0.0001246
0.246603 0.895329 0.000109089
0.21455 0.897112 9.54922e-05
0.175477 0.899027 8.43317e-05
0.130888 0.901001 7.60365e-05
-0.242114 0.908465 0.000124643
-0.236882 0.907396 0.00014322
-0.221323 0.905994 0.000161083
-0.196036 0.904315 0.000177546
-0.161992 0.902422 0.000191976
-0.1205 0.900389 0.000203818
-0.0731533 0.898293 0.000212618
-0.0217725 0.896215 0.000218037
0.0316683 0.894235 0.000219867
0.0851155 0.892429 0.000218037
0.136515 0.890866 0.000212619
0.183892 0.889607 0.00020382
0.225426 0.888699 0.000191979
0.25952 0.888179 0.000177549
0.284865 0.888065 0.000161087
0.300486 0.888362 0.000143224
0.305783 0.889058 0.000124647
0.300553 0.890128 0.00010607
0.284997 0.891529 8.82072e-05
0.259712 0.893208 7.17441e-05
0.225669 0.895101 5.73138e-05
0.184179 0.897134 4.54709e-05
0.136833 0.89923 3.66705e-05
0.0854534 0.901308 3.12507e-05
0.0320128 0.903288 2.94199e-05
-0.0214347 0.905094 3.12483e-05
-0.0728351 0.906657 3.66658e-05
-0.120213 0.907916 4.54641e-05
-0.161748 0.908824 5.73051e-05
-0.195844 0.909345 7.17338e-05
-0.221191 0.909459 8.81957e-05
-0.236815 0.909162 0.000106058
-0.242114 0.908466 0.000124635
-0.236886 0.907396 0.000143212
-0.221332 0.905995 0.000161076
-0.196049 0.904316 0.000177539
-0.162009 0.902423 0.00019197
-0.120519 0.90039 0.000203813
-0.0731753 0.898294 0.000212614
-0.0217958 0.896216 0.000218035
0.0316445 0.894236 0.000219867
0.0850922 0.89243 0.000218039
0.136493 0.890867 0.000212622
0.183872 0.889607 0.000203825
0.225409 0.8887 0.000191984
0.259507 0.888179 0.000177556
0.284856 0.888065 0.000161095
0.300481 0.888361 0.000143232
0.305783 0.889058 0.000124656
0.300558 0.890127 0.000106079
0.285006 0.891528 8.82148e-05
0.259725 0.893207 7.1751e-05
0.225686 0.8951 5.73197e-05
0.184198 0.897133 4.54755e-05
0.136855 0.899229 3.66737e-05
0.0854767 0.901307 3.12524e-05
0.0320365 0.903287 2.94199e-05
-0.0214114 0.905093 3.12467e-05
-0.0728131 0.906656 3.66626e-05
-0.120193 0.907916 4.54595e-05
-0.161732 0.908824 5.72992e-05
-0.195831 0.909345 7.17269e-05
-0.221182 0.909459 8.81881e-05
-0.23681 0.909162 0.00010605
-0.242114 0.908466 0.000124627
-0.236891 0.907397 0.000143204
-0.221341 0.905996 0.000161068
-0.196062 0.904316 0.000177532
-0.162026 0.902424 0.000191964
-0.120539 0.900391 0.000203809
-0.0731972 0.898295 0.000212611
-0.0218191 0.896217 0.000218033
0.0316208 0.894237 0.000219867
0.0850689 0.89243 0.000218041
0.136471 0.890867 0.000212626
0.183853 0.889608 0.000203829
0.225392 0.8887 0.00019199
0.259494 0.888179 0.000177563
0.284847 0.888064 0.000161102
0.300477 0.888361 0.00014324
0.305783 0.889057 0.000124664
0.300562 0.890127 0.000106087
0.285015 0.891528 8.82224e-05
0.259738 0.893207 7.17578e-05
0.225703 0.895099 5.73255e-05
0.184218 0.897132 4.54801e-05
0.136877 0.899228 3.66768e-05
0.0855 0.901306 3.1254e-05
0.0320603 0.903286 2.94199e-05
-0.021388 0.905093 3.12451e-05
-0.0727911 0.906656 3.66595e-05
-0.120174 0.907915 4.54549e-05
-0.161715 0.908823 5.72934e-05
-0.195818 0.909344 7.172e-05
-0.221173 0.909459 8.81805e-05
-0.236805 0.909163 0.000106042
-0.242114 0.908466 0.000124618
-0.236896 0.907397 0.000143196
-0.22135 0.905996 0.00016106
-0.196075 0.904317 0.000177525
-0.162042 0.902425 0.000191958
-0.120559 0.900392 0.000203804
-0.0732192 0.898296 0.000212608
-0.0218425 0.896218 0.000218032
0.031597 0.894238 0.000219867
0.0850456 0.892431 0.000218042
0.136449 0.890868 0.000212629
0.183833 0.889608 0.000203834
0.225375 0.8887 0.000191996
0.259481 0.888179 0.00017757
0.284838 0.888064 0.00016111
0.300472 0.888361 0.000143249
0.305783 0.889057 0.000124672
0.300567 0.890126 0.000106095
0.285024 0.891527 8.82301e-05
0.259751 0.893206 7.17647e-05
0.22572 0.895098 5.73314e-05
0.184238 0.897132 4.54847e-05
0.136899 0.899227 3.668e-05
0.0855233 0.901305 3.12556e-05
0.0320841 0.903286 2.94199e-05
-0.0213647 0.905092 3.12435e-05
-0.0727692 0.906655 3.66563e-05
-0.120154 0.907915 4.54503e-05
-0.161698 0.908823 5.72875e-05
-0.195805 0.909344 7.17132e-05
-0.221164 0.909459 8.81728e-05
-0.236801 0.909163 0.000106034
-0.242114 0.908467 0.00012461
-0.2369 0.907398 0.000143188
-0.221359 0.905997 0.000161053
-0.196089 0.904318 0.000177518
-0.162059 0.902426 0.000191952
-0.120579 0.900392 0.0002038
-0.0732411 0.898297 0.000212605
-0.0218658 0.896219 0.00021803
0.0315732 0.894238 0.000219867
0.0850222 0.892432 0.000218044
0.136427 0.890869 0.000212632
0.183813 0.889609 0.000203839
0.225359 0.888701 0.000192002
0.259467 0.888179 0.000177577
0.284828 0.888064 0.000161118
0.300467 0.888361 0.000143257
0.305783 0.889057 0.00012468
0.300572 0.890125 0.000106103
0.285033 0.891526 8.82377e-05
0.259764 0.893205 7.17716e-05
0.225737 0.895097 5.73372e-05
0.184258 0.897131 4.54893e-05
0.136921 0.899226 3.66832e-05
0.0855466 0.901304 3.12572e-05
0.0321079 0.903285 2.94199e-05
-0.0213414 0.905091 3.12419e-05
-0.0727472 0.906654 3.66531e-05
-0.120134 0.907914 4.54457e-05
-0.161681 0.908823 5.72817e-05
-0.195792 0.909344 7.17063e-05
-0.221155 0.909459 8.81652e-05
-0.236796 0.909163 0.000106026
-0.247549 0.906782 8.90248e-05
-0.242214 0.905691 0.000107966
-0.22635 0.904262 0.000126179
-0.200567 0.90255 0.000142964
-0.165856 0.90062 0.000157677
-0.123551 0.898547 0.000169751
-0.0752769 0.89641 0.000178723
-0.0228893 0.894291 0.000184248
0.0315987 0.892273 0.000186114
0.0860932 0.890431 0.000184249
0.1385 0.888838 0.000178725
0.186805 0.887554 0.000169753
0.229153 0.886629 0.000157679
0.263915 0.886098 0.000142968
0.289757 0.885981 0.000126183
0.305684 0.886284 0.00010797
0.311085 0.886994 8.9029e-05
0.305752 0.888085 7.0088e-05
0.289891 0.889514 5.18747e-05
0.26411 0.891226 3.5089e-05
0.229401 0.893155 2.0376e-05
0.187097 0.895229 8.30103e-06
0.138825 0.897366 -6.71835e-07
0.0864377 0.899484 -6.19781e-06
0.0319499 0.901503 -8.06453e-06
-0.0225449 0.903345 -6.20027e-06
-0.0749524 0.904938 -6.76672e-07
-0.123259 0.906222 8.29401e-06
-0.165608 0.907147 2.0367e-05
-0.200372 0.907678 3.50785e-05
-0.226216 0.907795 5.1863e-05
-0.242145 0.907492 7.00756e-05
-0.247549 0.906782 8.90163e-05
-0.242218 0.905692 0.000107957
-0.226359 0.904263 0.000126171
-0.200581 0.902551 0.000142957
-0.165873 0.900621 0.000157671
-0.123571 0.898548 0.000169746
-0.0752993 0.896411 0.00017872
-0.0229131 0.894292 0.000184247
0.0315744 0.892273 0.000186114
0.0860694 0.890432 0.000184251
0.138478 0.888838 0.000178728
0.186785 0.887554 0.000169758
0.229136 0.886629 0.000157685
0.263902 0.886098 0.000142975
0.289747 0.885981 0.00012619
0.305679 0.886284 0.000107978
0.311085 0.886994 8.90374e-05
0.305757 0.888084 7.00962e-05
0.2899 0.889513 5.18825e-05
0.264124 0.891225 3.5096e-05
0.229418 0.893155 2.03819e-05
0.187118 0.895228 8.30572e-06
0.138847 0.897365 -6.6861e-07
0.0864614 0.899483 -6.19617e-06
0.0319741 0.901502 -8.06453e-06
-0.0225211 0.903344 -6.20192e-06
-0.07493 0.904937 -6.79895e-07
-0.123239 0.906221 8.28933e-06
-0.165591 0.907147 2.03611e-05
-0.200359 0.907678 3.50715e-05
-0.226206 0.907795 5.18552e-05
-0.24214 0.907492 7.00673e-05
-0.247549 0.906782 8.90079e-05
-0.242223 0.905692 0.000107949
-0.226368 0.904264 0.000126163
-0.200594 0.902552 0.00014295
-0.165891 0.900622 0.000157665
-0.123591 0.898549 0.000169741
-0.0753217 0.896412 0.000178717
-0.0229369 0.894293 0.000184245
0.0315502 0.892274 0.000186114
0.0860456 0.890433 0.000184252
0.138455 0.888839 0.000178731
0.186765 0.887555 0.000169763
0.229119 0.886629 0.000157691
0.263888 0.886098 0.000142982
0.289738 0.885981 0.000126198
0.305674 0.886284 0.000107986
0.311085 0.886993 8.90458e-05
0.305762 0.888084 7.01045e-05
0.28991 0.889512 5.18902e-05
0.264137 0.891224 3.5103e-05
0.229436 0.893154 2.03879e-05
0.187138 0.895227 8.3104e-06
0.138869 0.897364 -6.65385e-07
0.0864852 0.899482 -6.19452e-06
0.0319984 0.901501 -8.06453e-06
-0.0224973 0.903343 -6.20356e-06
-0.0749076 0.904937 -6.83117e-07
-0.123219 0.906221 8.28465e-06
-0.165574 0.907147 2.03551e-05
-0.200345 0.907678 3.50645e-05
-0.226197 0.907795 5.18474e-05
-0.242136 0.907493 7.0059e-05
-0.247549 0.906783 8.89995e-05
-0.242228 0.905693 0.000107941
-0.226378 0.904264 0.000126155
-0.200608 0.902552 0.000142943
-0.165908 0.900623 0.000157659
-0.123611 0.89855 0.000169737
-0.0753441 0.896413 0.000178713
-0.0229606 0.894294 0.000184243
0.031526 0.892275 0.000186114
0.0860219 0.890433 0.000184254
0.138433 0.88884 0.000178734
0.186745 0.887555 0.000169767
0.229102 0.88663 0.000157697
0.263875 0.886098 0.000142989
0.289729 0.885981 0.000126206
0.30567 0.886283 0.000107995
0.311085 0.886993 8.90542e-05
0.305767 0.888083 7.01128e-05
0.289919 0.889511 5.1898e-05
0.264151 0.891223 3.511e-05
0.229453 0.893153 2.03939e-05
0.187158 0.895226 8.31508e-06
0.138892 0.897363 -6.62159e-07
0.086509 0.899481 -6.19287e-06
0.0320226 0.9015 -8.06453e-06
-0.0224735 0.903342 -6.2052e-06
-0.0748852 0.904936 -6.86339e-07
-0.123198 0.90622 8.27997e-06
-0.165556 0.907146 2.03492e-05
-0.200332 0.907678 3.50575e-05
-0.226188 0.907795 5.18396e-05
-0.242131 0.907493 7.00508e-05
-0.247548 0.906783 8.89911e-05
-0.242232 0.905693 0.000107933
-0.226387 0.904265 0.000126148
-0.200621 0.902553 0.000142936
-0.165925 0.900624 0.000157653
-0.123632 0.898551 0.000169732
-0.0753665 0.896414 0.00017871
-0.0229844 0.894295 0.000184242
0.0315017 0.892276 0.000186114
0.0859981 0.890434 0.000184256
0.13841 0.88884 0.000178737
0.186725 0.887556 0.000169772
0.229084 0.88663 0.000157703
0.263861 0.886098 0.000142996
0.289719 0.885981 0.000126214
0.305665 0.886283 0.000108003
0.311085 0.886993 8.90627e-05
0.305771 0.888083 7.0121e-05
0.289928 0.889511 5.19058e-05
0.264164 0.891222 3.5117e-05
0.22947 0.893152 2.03998e-05
0.187178 0.895225 8.31976e-06
0.138914 0.897362 -6.58932e-07
0.0865327 0.899481 -6.19123e-06
0.0320468 0.9015 -8.06453e-06
-0.0224497 0.903341 -6.20684e-06
-0.0748628 0.904935 -6.8956e-07
-0.123178 0.90622 8.2753e-06
-0.165539 0.907146 2.03432e-05
-0.200318 0.907678 3.50505e-05
-0.226178 0.907795 5.18319e-05
-0.242126 0.907493 7.00425e-05
-0.247548 0.906784 8.89826e-05
-0.242237 0.905694 0.000107924
-0.226396 0.904266 0.00012614
-0.242249 0.904718 5.34061e-05
-0.237017 0.903648 7.19831e-05
-0.221458 0.902247 8.98463e-05
-0.19617 0.900567 0.000106309
-0.162126 0.898675 0.000120739
-0.120634 0.896641 0.000132581
-0.073287 0.894545 0.000141381
-0.0219057 0.892468 0.0001468
0.0315356 0.890487 0.00014863
0.0849832 0.888681 0.000146801
0.136383 0.887119 0.000141383
0.183761 0.885859 0.000132584
0.225295 0.884952 0.000120742
0.259389 0.884431 0.000106313
0.284734 0.884317 8.98501e-05
0.300356 0.884614 7.19872e-05
0.305653 0.885311 5.34102e-05
0.300423 0.88638 3.48331e-05
0.284866 0.887781 1.69696e-05
0.259581 0.889461 5.06421e-07
0.225538 0.891353 -1.3924e-05
0.184047 0.893387 -2.57669e-05
0.136702 0.895483 -3.45674e-05
0.0853211 0.897561 -3.99873e-05
0.03188 0.899541 -4.18181e-05
-0.0215679 0.901347 -3.99897e-05
-0.0729687 0.90291 -3.45722e-05
-0.120347 0.904169 -2.57738e-05
-0.161883 0.905077 -1.39327e-05
-0.195979 0.905597 4.96115e-07
-0.221326 0.905712 1.69582e-05
-0.23695 0.905415 3.48209e-05
-0.242249 0.904718 5.33978e-05
-0.237021 0.903649 7.1975e-05
-0.221467 0.902247 8.98387e-05
-0.196184 0.900568 0.000106302
-0.162143 0.898676 0.000120733
-0.120653 0.896642 0.000132577
-0.0733089 0.894546 0.000141378
-0.021929 0.892468 0.000146799
0.0315118 0.890488 0.00014863
0.0849599 0.888682 0.000146803
0.136361 0.887119 0.000141386
0.183741 0.88586 0.000132588
0.225278 0.884952 0.000120748
0.259376 0.884431 0.000106319
0.284725 0.884317 8.98578e-05
0.300351 0.884614 7.19953e-05
0.305653 0.88531 5.34185e-05
0.300427 0.88638 3.48412e-05
0.284875 0.887781 1.69773e-05
0.259594 0.88946 5.13292e-07
0.225555 0.891353 -1.39181e-05
0.184067 0.893386 -2.57624e-05
0.136724 0.895482 -3.45643e-05
0.0853444 0.89756 -3.99857e-05
0.0319038 0.89954 -4.18181e-05
-0.0215446 0.901346 -3.99913e-05
-0.0729467 0.902909 -3.45754e-05
-0.120327 0.904168 -2.57784e-05
-0.161866 0.905076 -1.39386e-05
-0.195966 0.905597 4.89245e-07
-0.221317 0.905712 1.69506e-05
-0.236945 0.905415 3.48128e-05
-0.242249 0.904719 5.33896e-05
-0.237026 0.903649 7.19669e-05
-0.221476 0.902248 8.98311e-05
-0.196197 0.900569 0.000106295
-0.16216 0.898676 0.000120727
-0.120673 0.896643 0.000132572
-0.0733309 0.894547 0.000141375
-0.0219523 0.892469 0.000146797
0.031488 0.890489 0.00014863
0.0849366 0.888683 0.000146804
0.136339 0.88712 0.000141389
0.183721 0.88586 0.000132593
0.225261 0.884953 0.000120754
0.259363 0.884431 0.000106326
0.284716 0.884317 8.98654e-05
0.300346 0.884614 7.20034e-05
0.305653 0.88531 5.34267e-05
0.300432 0.886379 3.48493e-05
0.284884 0.88778 1.69849e-05
0.259607 0.889459 5.20163e-07
0.225572 0.891352 -1.39123e-05
0.184087 0.893385 -2.57578e-05
0.136746 0.895481 -3.45611e-05
0.0853677 0.897559 -3.9984e-05
0.0319276 0.899539 -4.18181e-05
-0.0215212 0.901345 -3.99929e-05
-0.0729248 0.902908 -3.45785e-05
-0.120308 0.904168 -2.5783e-05
-0.161849 0.905076 -1.39444e-05
-0.195953 0.905597 4.82375e-07
-0.221308 0.905712 1.69429e-05
-0.23694 0.905415 3.48047e-05
-0.242249 0.904719 5.33813e-05
-0.237031 0.90365 7.19588e-05
-0.221485 0.902249 8.98234e-05
-0.19621 0.90057 0.000106289
-0.162177 0.898677 0.000120722
-0.120693 0.896644 0.000132568
-0.0733528 0.894548 0.000141372
-0.0219757 0.89247 0.000146795
0.0314642 0.89049 0.00014863
0.0849133 0.888684 0.000146806
0.136317 0.887121 0.000141392
0.183701 0.885861 0.000132597
0.225244 0.884953 0.000120759
0.25935 0.884432 0.000106333
0.284707 0.884317 8.98731e-05
0.300342 0.884613 7.20115e-05
0.305653 0.885309 5.3435e-05
0.300437 0.886378 3.48574e-05
0.284893 0.887779 1.69925e-05
0.25962 0.889458 5.27035e-07
0.225589 0.891351 -1.39064e-05
0.184106 0.893384 -2.57532e-05
0.136768 0.89548 -3.4558e-05
0.085391 0.897558 -3.99824e-05
0.0319514 0.899538 -4.18181e-05
-0.0214979 0.901345 -3.99945e-05
-0.0729028 0.902908 -3.45817e-05
-0.120288 0.904167 -2.57876e-05
-0.161832 0.905076 -1.39502e-05
-0.195939 0.905597 4.75506e-07
-0.221299 0.905712 1.69353e-05
-0.236936 0.905415 3.47966e-05
-0.242249 0.904719 5.3373e-05
-0.237035 0.90365 7.19507e-05
-0.221494 0.90225 8.98158e-05
-0.196223 0.900571 0.000106282
-0.162194 0.898678 0.000120716
-0.120713 0.896645 0.000132563
-0.0733748 0.894549 0.000141369
-0.021999 0.892471 0.000146794
0.0314405 0.890491 0.00014863
0.08489 0.888684 0.000146807
0.136296 0.887121 0.000141395
0.183682 0.885861 0.000132602
0.225228 0.884953 0.000120765
0.259337 0.884432 0.00010634
0.284698 0.884317 8.98807e-05
0.300337 0.884613 7.20196e-05
0.305653 0.885309 5.34433e-05
0.300441 0.886378 3.48655e-05
0.284902 0.887779 1.70002e-05
0.259634 0.889458 5.33907e-07
0.225606 0.89135 -1.39006e-05
0.184126 0.893383 -2.57486e-05
0.136789 0.895479 -3.45548e-05
0.0854143 0.897557 -3.99808e-05
0.0319751 0.899537 -4.18181e-05
-0.0214746 0.901344 -3.99961e-05
-0.0728808 0.902907 -3.45848e-05
-0.120268 0.904167 -2.57922e-05
-0.161815 0.905075 -1.39561e-05
-0.195926 0.905597 4.68637e-07
-0.22129 0.905712 1.69277e-05
-0.236931 0.905416 3.47885e-05
-0.22642 0.902353 1.9156e-05
-0.221491 0.901346 3.66553e-05
-0.206835 0.900025 5.34822e-05
-0.183014 0.898444 6.899e-05
-0.150945 0.896661 8.25827e-05
-0.11186 0.894745 9.3738e-05
-0.0672599 0.892771 0.000102027
-0.0188595 0.890814 0.000107132
0.0314814 0.888948 0.000108856
0.0818283 0.887247 0.000107133
0.130247 0.885775 0.000102029
0.174875 0.884589 9.37402e-05
0.214 0.883734 8.25854e-05
0.246116 0.883243 6.89932e-05
0.269991 0.883136 5.34858e-05
0.284706 0.883416 3.66592e-05
0.289696 0.884072 1.91599e-05
0.284769 0.885079 1.6605e-06
0.270115 0.886399 -1.51666e-05
0.246297 0.887981 -3.06747e-05
0.214229 0.889764 -4.42679e-05
0.175145 0.891679 -5.54238e-05
0.130546 0.893654 -6.37138e-05
0.0821466 0.895611 -6.88192e-05
0.0318059 0.897476 -7.05438e-05
-0.0185413 0.899178 -6.88214e-05
-0.0669601 0.90065 -6.37182e-05
-0.11159 0.901836 -5.54303e-05
-0.150716 0.902691 -4.42762e-05
-0.182834 0.903182 -3.06844e-05
-0.206711 0.903289 -1.51774e-05
-0.221428 0.90301 1.64905e-06
-0.22642 0.902353 1.91482e-05
-0.221495 0.901346 3.66477e-05
-0.206843 0.900026 5.3475e-05
-0.183027 0.898444 6.89835e-05
-0.150961 0.896661 8.25772e-05
-0.111878 0.894746 9.37337e-05
-0.0672806 0.892772 0.000102024
-0.0188815 0.890814 0.00010713
0.031459 0.888949 0.000108856
0.0818064 0.887248 0.000107134
0.130226 0.885776 0.000102032
0.174857 0.884589 9.37445e-05
0.213984 0.883734 8.25909e-05
0.246104 0.883244 6.89997e-05
0.269982 0.883136 5.3493e-05
0.284702 0.883415 3.66668e-05
0.289696 0.884071 1.91677e-05
0.284774 0.885079 1.66814e-06
0.270124 0.886399 -1.51594e-05
0.246309 0.88798 -3.06682e-05
0.214245 0.889763 -4.42624e-05
0.175164 0.891679 -5.54195e-05
0.130567 0.893653 -6.37108e-05
0.0821685 0.89561 -6.88176e-05
0.0318283 0.897476 -7.05438e-05
-0.0185193 0.899177 -6.8823e-05
-0.0669394 0.900649 -6.37212e-05
-0.111571 0.901836 -5.54346e-05
-0.1507 0.902691 -4.42817e-05
-0.182822 0.903182 -3.06909e-05
-0.206702 0.903289 -1.51846e-05
-0.221423 0.90301 1.64142e-06
-0.22642 0.902354 1.91404e-05
-0.2215 0.901347 3.66401e-05
-0.206852 0.900027 5.34678e-05
-0.183039 0.898445 6.8977e-05
-0.150977 0.896662 8.25717e-05
-0.111897 0.894747 9.37294e-05
-0.0673013 0.892773 0.000102021
-0.0189034 0.890815 0.000107129
0.0314366 0.88895 0.000108856
0.0817844 0.887249 0.000107136
0.130205 0.885776 0.000102035
0.174838 0.88459 9.37488e-05
0.213968 0.883735 8.25964e-05
0.246092 0.883244 6.90061e-05
0.269974 0.883136 5.35002e-05
0.284697 0.883415 3.66744e-05
0.289696 0.884071 1.91755e-05
0.284778 0.885078 1.67577e-06
0.270132 0.886398 -1.51522e-05
0.246322 0.88798 -3.06617e-05
0.214261 0.889762 -4.42569e-05
0.175182 0.891678 -5.54152e-05
0.130588 0.893652 -6.37078e-05
0.0821905 0.895609 -6.88161e-05
0.0318507 0.897475 -7.05438e-05
-0.0184973 0.899176 -6.88245e-05
-0.0669187 0.900649 -6.37242e-05
-0.111553 0.901835 -5.5439e-05
-0.150684 0.90269 -4.42872e-05
-0.182809 0.903181 -3.06973e-05
-0.206693 0.903289 -1.51917e-05
-0.221419 0.90301 1.63379e-06
-0.22642 0.902354 1.91327e-05
-0.221504 0.901347 3.66324e-05
-0.20686 0.900027 5.34606e-05
-0.183052 0.898446 6.89705e-05
-0.150993 0.896663 8.25662e-05
-0.111916 0.894748 9.3725e-05
-0.0673219 0.892774 0.000102018
-0.0189254 0.890816 0.000107127
0.0314142 0.888951 0.000108856
0.0817624 0.887249 0.000107137
0.130184 0.885777 0.000102038
0.174819 0.88459 9.37531e-05
0.213952 0.883735 8.26019e-05
0.246079 0.883244 6.90126e-05
0.269965 0.883136 5.35074e-05
0.284693 0.883415 3.66821e-05
0.289696 0.884071 1.91833e-05
0.284782 0.885078 1.68341e-06
0.270141 0.886397 -1.5145e-05
0.246334 0.887979 -3.06553e-05
0.214277 0.889762 -4.42514e-05
0.175201 0.891677 -5.54108e-05
0.130608 0.893651 -6.37048e-05
0.0822125 0.895609 -6.88146e-05
0.0318731 0.897474 -7.05438e-05
-0.0184754 0.899176 -6.8826e-05
-0.066898 0.900648 -6.37272e-05
-0.111534 0.901835 -5.54433e-05
-0.150668 0.90269 -4.42927e-05
-0.182797 0.903181 -3.07038e-05
-0.206685 0.903289 -1.51989e-05
-0.221415 0.90301 1.62615e-06
-0.22642 0.902355 1.91249e-05
-0.221508 0.901348 3.66248e-05
-0.206869 0.900028 5.34534e-05
-0.183064 0.898447 6.89641e-05
-0.151009 0.896664 8.25607e-05
-0.111934 0.894749 9.37207e-05
-0.0673426 0.892774 0.000102015
-0.0189474 0.890817 0.000107126
0.0313918 0.888952 0.000108856
0.0817405 0.88725 0.000107139
0.130164 0.885777 0.000102041
0.174801 0.884591 9.37575e-05
0.213936 0.883735 8.26074e-05
0.246067 0.883244 6.90191e-05
0.269957 0.883136 5.35146e-05
0.284688 0.883415 3.66897e-05
0.289696 0.88407 1.9191e-05
0.284787 0.885077 1.69104e-06
0.270149 0.886397 -1.51378e-05
0.246346 0.887978 -3.06488e-05
0.214293 0.889761 -4.42459e-05
0.17522 0.891676 -5.54065e-05
0.130629 0.89365 -6.37018e-05
-0.200669 0.899778 -1.24093e-05
-0.196233 0.898872 3.33986e-06
-0.183042 0.897684 1.84838e-05
-0.161605 0.89626 3.24405e-05
-0.132743 0.894655 4.46737e-05
-0.0975665 0.892931 5.47134e-05
-0.0574273 0.891155 6.21736e-05
-0.0138678 0.889393 6.67677e-05
0.0314382 0.887714 6.83191e-05
0.0767497 0.886183 6.67684e-05
0.120325 0.884858 6.21749e-05
0.160491 0.883791 5.47153e-05
0.195702 0.883021 4.46762e-05
0.224606 0.88258 3.24434e-05
0.246093 0.882483 1.8487e-05
0.259336 0.882735 3.34329e-06
0.263827 0.883326 -1.24058e-05
0.259393 0.884232 -2.81549e-05
0.246205 0.88542 -4.3299e-05
0.224769 0.886844 -5.72561e-05
0.195908 0.888448 -6.94898e-05
0.160733 0.890172 -7.95299e-05
0.120595 0.891949 -8.69907e-05
0.0770361 0.893711 -9.15855e-05
0.0317303 0.895389 -9.31377e-05
-0.0135814 0.896921 -9.15876e-05
-0.0571575 0.898245 -8.69948e-05
-0.0973237 0.899313 -7.95358e-05
-0.132536 0.900083 -6.94972e-05
-0.161442 0.900524 -5.72648e-05
-0.182931 0.900621 -4.33087e-05
-0.196176 0.900369 -2.81652e-05
-0.200669 0.899779 -1.24163e-05
-0.196237 0.898872 3.33299e-06
-0.18305 0.897684 1.84773e-05
-0.161616 0.896261 3.24347e-05
-0.132757 0.894656 4.46688e-05
-0.0975833 0.892932 5.47095e-05
-0.057446 0.891155 6.21709e-05
-0.0138875 0.889394 6.67663e-05
0.0314181 0.887715 6.83191e-05
0.0767299 0.886184 6.67697e-05
0.120307 0.884859 6.21776e-05
0.160474 0.883791 5.47192e-05
0.195688 0.883022 4.46812e-05
0.224595 0.88258 3.24492e-05
0.246085 0.882483 1.84935e-05
0.259332 0.882735 3.35016e-06
0.263827 0.883325 -1.23988e-05
0.259397 0.884232 -2.81481e-05
0.246212 0.88542 -4.32926e-05
0.22478 0.886843 -5.72503e-05
0.195923 0.888448 -6.94848e-05
0.16075 0.890172 -7.9526e-05
0.120614 0.891948 -8.69881e-05
0.0770559 0.89371 -9.15841e-05
0.0317504 0.895389 -9.31377e-05
-0.0135616 0.89692 -9.15889e-05
-0.0571389 0.898245 -8.69974e-05
-0.0973069 0.899313 -7.95397e-05
-0.132522 0.900082 -6.95021e-05
-0.161431 0.900524 -5.72707e-05
-0.182923 0.900621 -4.33152e-05
-0.196172 0.900369 -2.81721e-05
-0.200669 0.899779 -1.24233e-05
-0.196241 0.898873 3.32612e-06
-0.183058 0.897685 1.84708e-05
-0.161627 0.896261 3.24288e-05
-0.132771 0.894657 4.46638e-05
-0.0976 0.892933 5.47056e-05
-0.0574646 0.891156 6.21682e-05
-0.0139073 0.889395 6.67649e-05
0.0313979 0.887716 6.83191e-05
0.0767101 0.886185 6.67711e-05
0.120288 0.884859 6.21803e-05
0.160457 0.883792 5.47231e-05
0.195673 0.883022 4.46861e-05
0.224584 0.88258 3.24551e-05
0.246078 0.882483 1.84999e-05
0.259328 0.882735 3.35703e-06
0.263827 0.883325 -1.23917e-05
0.259401 0.884231 -2.81412e-05
0.24622 0.885419 -4.32861e-05
0.224791 0.886843 -5.72444e-05
0.195937 0.888447 -6.94799e-05
0.160767 0.890171 -7.95221e-05
0.120632 0.891948 -8.69854e-05
0.0770756 0.893709 -9.15828e-05
0.0317706 0.895388 -9.31377e-05
-0.0135418 0.896919 -9.15903e-05
-0.0571203 0.898244 -8.70001e-05
-0.0972902 0.899312 -7.95435e-05
-0.132508 0.900082 -6.95071e-05
-0.16142 0.900524 -5.72765e-05
-0.182915 0.900621 -4.33217e-05
-0.196168 0.90037 -2.8179e-05
-0.200669 0.899779 -1.24303e-05
-0.196245 0.898873 3.31925e-06
-0.183066 0.897685 1.84643e-05
-0.161638 0.896262 3.2423e-05
-0.132786 0.894657 4.46589e-05
-0.0976168 0.892934 5.47017e-05
-0.0574832 0.891157 6.21655e-05
-0.0139271 0.889395 6.67636e-05
0.0313778 0.887717 6.83191e-05
0.0766904 0.886185 6.67725e-05
0.120269 0.88486 6.21829e-05
0.16044 0.883792 5.4727e-05
0.195659 0.883022 4.46911e-05
0.224573 0.88258 3.24609e-05
0.24607 0.882483 1.85064e-05
0.259324 0.882734 3.3639e-06
0.263827 0.883325 -1.23847e-05
0.259405 0.884231 -2.81343e-05
0.246228 0.885419 -4.32796e-05
0.224802 0.886842 -5.72386e-05
0.195951 0.888446 -6.94749e-05
0.160784 0.89017 -7.95182e-05
0.120651 0.891947 -8.69827e-05
0.0770954 0.893708 -9.15814e-05
0.0317907 0.895387 -9.31377e-05
-0.013522 0.896919 -9.15917e-05
-0.0571017 0.898244 -8.70028e-05
-0.0972734 0.899312 -7.95474e-05
-0.132494 0.900082 -6.95121e-05
-0.161409 0.900524 -5.72823e-05
-0.182908 0.900621 -4.33282e-05
-0.196164 0.90037 -2.81859e-05
-0.200669 0.89978 -1.24373e-05
-0.196249 0.898873 3.31237e-06
-0.183073 0.897686 1.84579e-05
-0.161649 0.896263 3.24172e-05
-0.1328 0.894658 4.46539e-05
-0.0976335 0.892935 5.46978e-05
-0.0575018 0.891158 6.21628e-05
-0.0139468 0.889396 6.67622e-05
-0.165986 0.897093 -4.00767e-05
-0.162213 0.896321 -2.6683e-05
-0.150995 0.895311 -1.38041e-05
-0.132764 0.8941 -1.93468e-06
-0.108219 0.892736 8.46896e-06
-0.0783031 0.89127 1.70071e-05
-0.0441671 0.889759 2.33515e-05
-0.00712231 0.88826 2.72586e-05
0.0314078 0.886833 2.8578e-05
0.0699425 0.885531 2.72591e-05
0.107001 0.884404 2.33527e-05
0.141159 0.883496 1.70087e-05
0.171104 0.882842 8.47107e-06
0.195686 0.882466 -1.9322e-06
0.213959 0.882384 -1.38013e-05
0.225222 0.882598 -2.66801e-05
0.229041 0.8831 -4.00738e-05
0.22527 0.883872 -5.34675e-05
0.214054 0.884882 -6.63467e-05
0.195824 0.886093 -7.82163e-05
0.17128 0.887457 -8.86203e-05
0.141366 0.888923 -9.71589e-05
0.10723 0.890434 -0.000103504
0.0701861 0.891932 -0.000107411
0.0316561 0.89336 -0.000108731
-0.00687873 0.894662 -0.000107413
-0.0439377 0.895789 -0.000103507
-0.0780966 0.896697 -9.71639e-05
-0.108043 0.897351 -8.86267e-05
-0.132626 0.897727 -7.82238e-05
-0.1509 0.897809 -6.63549e-05
-0.162165 0.897595 -5.34763e-05
-0.165986 0.897093 -4.00827e-05
-0.162216 0.896322 -2.66889e-05
-0.151002 0.895312 -1.38096e-05
-0.132773 0.894101 -1.93963e-06
-0.108231 0.892736 8.46475e-06
-0.0783174 0.89127 1.70038e-05
-0.044183 0.889759 2.33493e-05
-0.00713912 0.888261 2.72574e-05
0.0313906 0.886833 2.8578e-05
0.0699257 0.885531 2.72603e-05
0.106985 0.884405 2.3355e-05
0.141145 0.883496 1.7012e-05
0.171092 0.882842 8.47528e-06
0.195676 0.882466 -1.92725e-06
0.213952 0.882384 -1.37958e-05
0.225218 0.882598 -2.66743e-05
0.229041 0.8831 -4.00678e-05
0.225273 0.883871 -5.34617e-05
0.214061 0.884881 -6.63412e-05
0.195833 0.886092 -7.82114e-05
0.171292 0.887457 -8.86161e-05
0.14138 0.888923 -9.71556e-05
0.107246 0.890434 -0.000103502
0.0702029 0.891932 -0.00010741
0.0316733 0.893359 -0.000108731
-0.00686191 0.894662 -0.000107414
-0.0439219 0.895788 -0.00010351
-0.0780824 0.896697 -9.71672e-05
-0.108031 0.897351 -8.86309e-05
-0.132616 0.897727 -7.82287e-05
-0.150894 0.897809 -6.63604e-05
-0.162161 0.897595 -5.34821e-05
-0.165986 0.897093 -4.00887e-05
-0.16222 0.896322 -2.66947e-05
-0.151008 0.895312 -1.38151e-05
-0.132783 0.894101 -1.94459e-06
-0.108243 0.892737 8.46054e-06
-0.0783316 0.891271 1.70004e-05
-0.0441988 0.88976 2.3347e-05
-0.00715593 0.888262 2.72562e-05
0.0313735 0.886834 2.8578e-05
0.0699088 0.885532 2.72615e-05
0.106969 0.884405 2.33572e-05
0.141131 0.883497 1.70153e-05
0.17108 0.882842 8.47949e-06
0.195667 0.882467 -1.92229e-06
0.213946 0.882384 -1.37903e-05
0.225215 0.882598 -2.66684e-05
0.229041 0.8831 -4.00618e-05
0.225277 0.883871 -5.34558e-05
0.214067 0.884881 -6.63357e-05
0.195843 0.886091 -7.82064e-05
0.171304 0.887456 -8.86119e-05
0.141394 0.888922 -9.71523e-05
0.107262 0.890433 -0.000103499
0.0702197 0.891931 -0.000107409
0.0316904 0.893359 -0.000108731
-0.0068451 0.894661 -0.000107416
-0.043906 0.895788 -0.000103512
-0.0780681 0.896696 -9.71705e-05
-0.108019 0.897351 -8.86351e-05
-0.132607 0.897727 -7.82337e-05
-0.150887 0.897809 -6.63659e-05
-0.162158 0.897595 -5.3488e-05
-0.165986 0.897093 -4.00946e-05
-0.162223 0.896323 -2.67006e-05
-0.151015 0.895313 -1.38206e-05
-0.132792 0.894102 -1.94954e-06
-0.108255 0.892738 8.45632e-06
-0.0783459 0.891272 1.69971e-05
-0.0442146 0.889761 2.33447e-05
-0.00717274 0.888262 2.72551e-05
0.0313564 0.886835 2.8578e-05
0.069892 0.885532 2.72626e-05
0.106953 0.884405 2.33595e-05
0.141116 0.883497 1.70186e-05
0.171068 0.882843 8.4837e-06
0.195657 0.882467 -1.91734e-06
0.213939 0.882384 -1.37848e-05
0.225212 0.882598 -2.66626e-05
0.229041 0.8831 -4.00559e-05
0.22528 0.88387 -5.345e-05
0.214074 0.88488 -6.63302e-05
0.195852 0.886091 -7.82015e-05
-0.123703 0.894399 -6.27832e-05
-0.120739 0.893793 -5.22596e-05
-0.111925 0.892999 -4.21405e-05
-0.0976001 0.892048 -3.28146e-05
-0.0783147 0.890976 -2.46403e-05
-0.0548099 0.889824 -1.79318e-05
-0.0279889 0.888637 -1.29469e-05
0.00111765 0.887459 -9.87714e-06
0.0313912 0.886338 -8.84044e-06
0.0616683 0.885315 -9.87668e-06
0.0907855 0.884429 -1.2946e-05
0.117624 0.883716 -1.79305e-05
0.141152 0.883202 -2.46387e-05
0.160466 0.882907 -3.28126e-05
0.174824 0.882842 -4.21383e-05
0.183673 0.883011 -5.22573e-05
0.186674 0.883405 -6.27809e-05
0.183711 0.884011 -7.33045e-05
0.174898 0.884805 -8.34238e-05
0.160575 0.885756 -9.27499e-05
0.14129 0.886828 -0.000100924
0.117786 0.88798 -0.000107633
0.0909658 0.889167 -0.000112619
0.0618597 0.890345 -0.000115689
0.0315863 0.891466 -0.000116726
0.00130904 0.892489 -0.00011569
-0.0278086 0.893375 -0.000112621
-0.0546476 0.894088 -0.000107637
-0.0781768 0.894602 -0.000100929
-0.0974917 0.894897 -9.27557e-05
-0.11185 0.894962 -8.34303e-05
-0.120701 0.894794 -7.33114e-05
-0.123703 0.894399 -6.27879e-05
-0.120741 0.893793 -5.22642e-05
-0.11193 0.893 -4.21448e-05
-0.0976076 0.892048 -3.28185e-05
-0.0783243 0.890976 -2.46436e-05
-0.0548211 0.889824 -1.79344e-05
-0.0280013 0.888637 -1.29487e-05
0.00110444 0.88746 -9.87805e-06
0.0313777 0.886338 -8.84044e-06
0.0616551 0.885315 -9.87577e-06
0.0907731 0.88443 -1.29442e-05
0.117613 0.883716 -1.79279e-05
0.141143 0.883202 -2.46354e-05
0.160459 0.882907 -3.28087e-05
0.174818 0.882842 -4.2134e-05
0.18367 0.88301 -5.22528e-05
0.186674 0.883405 -6.27762e-05
0.183713 0.884011 -7.32999e-05
0.174903 0.884804 -8.34195e-05
0.160582 0.885756 -9.2746e-05
0.1413 0.886828 -0.000100921
0.117797 0.88798 -0.000107631
0.0909783 0.889167 -0.000112617
0.0618729 0.890344 -0.000115688
0.0315998 0.891466 -0.000116726
0.00132225 0.892489 -0.000115691
-0.0277961 0.893374 -0.000112623
-0.0546364 0.894088 -0.00010764
-0.0781672 0.894602 -0.000100933
-0.0974842 0.894897 -9.27596e-05
-0.111845 0.894962 -8.34346e-05
-0.120698 0.894794 -7.3316e-05
-0.123703 0.894399 -6.27926e-05
-0.120744 0.893794 -5.22688e-05
-0.111935 0.893 -4.21491e-05
-0.0976151 0.892049 -3.28224e-05
-0.0783338 0.890977 -2.46469e-05
-0.0548323 0.889825 -1.7937e-05
-0.0280138 0.888638 -1.29505e-05
0.00109124 0.88746 -9.87896e-06
0.0313642 0.886339 -8.84044e-06
0.0616419 0.885316 -9.87486e-06
0.0907606 0.88443 -1.29424e-05
0.117602 0.883717 -1.79253e-05
0.141133 0.883202 -2.46321e-05
0.160451 0.882907 -3.28048e-05
0.174813 0.882842 -4.21297e-05
0.183668 0.88301 -5.22482e-05
0.186674 0.883405 -6.27715e-05
0.183716 0.88401 -7.32953e-05
0.174909 0.884804 -8.34151e-05
0.16059 0.885755 -9.27421e-05
0.141309 0.886827 -0.000100918
0.117809 0.887979 -0.000107628
0.0909907 0.889166 -0.000112615
0.0618861 0.890344 -0.000115687
0.0316132 0.891465 -0.000116726
0.00133546 0.892489 -0.000115692
-0.0277837 0.893374 -0.000112625
-0.0754458 0.891801 -7.96561e-05
-0.073404 0.891384 -7.24071e-05
-0.0673327 0.890837 -6.54366e-05
-0.0574652 0.890181 -5.90125e-05
-0.0441806 0.889443 -5.33818e-05
-0.0279896 0.888649 -4.87607e-05
-0.00951424 0.887832 -4.53269e-05
0.0105355 0.887021 -4.32123e-05
0.031389 0.886248 -4.24982e-05
0.0522451 0.885543 -4.3212e-05
0.0723022 0.884934 -4.53263e-05
0.0907895 0.884442 -4.87598e-05
0.106997 0.884088 -5.33807e-05
0.120301 0.883885 -5.90112e-05
0.130191 0.88384 -6.54351e-05
0.136287 0.883956 -7.24055e-05
0.138354 0.884228 -7.96545e-05
0.136313 0.884645 -8.69036e-05
0.130242 0.885192 -9.38741e-05
0.120376 0.885847 -0.000100298
0.107092 0.886586 -0.000105929
0.0909013 0.887379 -0.000110551
0.0724264 0.888197 -0.000113985
0.0523769 0.889008 -0.0001161
0.0315234 0.889781 -0.000116814
0.0106673 0.890486 -0.0001161
-0.00939005 0.891095 -0.000113986
-0.0278778 0.891587 -0.000110553
-0.0440856 0.891941 -0.000105933
-0.0573905 0.892144 -0.000100302
-0.0672812 0.892189 -9.38786e-05
-0.0733778 0.892073 -8.69083e-05
-0.0754458 0.891801 -7.96593e-05
-0.0734058 0.891384 -7.24102e-05
-0.0673362 0.890837 -6.54396e-05
-0.0574703 0.890182 -5.90152e-05
-0.0441872 0.889443 -5.33841e-05
-0.0279973 0.88865 -4.87625e-05
-0.00952281 0.887832 -4.53282e-05
0.0105264 0.887021 -4.3213e-05
0.0313798 0.886248 -4.24982e-05
0.052236 0.885544 -4.32114e-05
0.0722936 0.884934 -4.53251e-05
0.0907818 0.884442 -4.87581e-05
0.10699 0.884088 -5.33784e-05
0.120296 0.883885 -5.90085e-05
0.130187 0.88384 -6.54321e-05
0.136285 0.883956 -7.24023e-05
0.138354 0.884228 -7.96513e-05
0.136315 0.884645 -8.69004e-05
0.130246 0.885192 -9.38711e-05
0.120381 0.885847 -0.000100296
0.107098 0.886586 -0.000105927
0.090909 0.887379 -0.000110549
0.0724349 0.888197 -0.000113983
0.052386 0.889008 -0.000116099
0.0315327 0.88978 -0.000116814
0.0106764 0.890485 -0.000116101
-0.00938148 0.891095 -0.000113988
-0.0278701 0.891587 -0.000110555
-0.044079 0.891941 -0.000105935
-0.0573853 0.892144 -0.000100305
-0.0672777 0.892189 -9.38816e-05
-0.0230686 0.889398 -9.0047e-05
-0.0220276 0.889186 -8.63511e-05
-0.0189321 0.888907 -8.27971e-05
-0.0139011 0.888573 -7.95218e-05
-0.00712796 0.888196 -7.6651e-05
0.00112709 0.887792 -7.42949e-05
0.0105468 0.887375 -7.25442e-05
0.0207692 0.886961 -7.1466e-05
0.0314015 0.886567 -7.1102e-05
0.042035 0.886208 -7.14659e-05
0.0522612 0.885897 -7.25439e-05
0.061687 0.885647 -7.42945e-05
0.0699503 0.885466 -7.66504e-05
0.0767335 0.885362 -7.95211e-05
0.0817759 0.88534 -8.27964e-05
0.0848838 0.885399 -8.63503e-05
0.0859377 0.885537 -9.00462e-05
0.0848972 0.88575 -9.37421e-05
0.0818021 0.886029 -9.72961e-05
0.0767715 0.886363 -0.000100572
0.0699987 0.88674 -0.000103442
0.061744 0.887144 -0.000105799
0.0523245 0.887561 -0.00010755
0.0421022 0.887975 -0.000108628
0.03147 0.888368 -0.000108992
0.0208364 0.888728 -0.000108628
0.0106101 0.889039 -0.00010755
0.00118408 0.889289 -0.0001058
-0.0070795 0.88947 -0.000103444
-0.013863 0.889573 -0.000100574
-0.0189059 0.889596 -9.72984e-05
-0.0220142 0.889537 -9.37446e-05
0.0314159 0.887284 -9.35566e-05
