-0.422044 -0.179757 0.425063
-0.486099 -0.00331293 0.416486
-0.500568 -0.0133899 0.395241
-0.511658 -0.0297063 0.374812
-0.518944 -0.0516352 0.355985
-0.522145 -0.0783339 0.339483
-0.521138 -0.108776 0.32594
-0.515962 -0.141793 0.315877
-0.506817 -0.176114 0.30968
-0.494052 -0.210422 0.307587
-0.47816 -0.243398 0.309679
-0.45975 -0.273774 0.315875
-0.439531 -0.300384 0.325938
-0.418278 -0.322204 0.33948
-0.396809 -0.338397 0.355981
-0.37595 -0.34834 0.374808
-0.3565 -0.351651 0.395236
-0.339208 -0.348202 0.416481
-0.324739 -0.338126 0.437726
-0.313648 -0.321811 0.458155
-0.306362 -0.299883 0.476982
-0.30316 -0.273186 0.493485
-0.304165 -0.242744 0.507028
-0.30934 -0.209728 0.517093
-0.318485 -0.175407 0.523291
-0.331248 -0.141099 0.525385
-0.34714 -0.108122 0.523294
-0.365549 -0.0777453 0.517098
-0.385769 -0.0511346 0.507036
-0.407021 -0.029313 0.493495
-0.42849 -0.013119 0.476994
-0.44935 -0.00317481 0.458168
-0.4688 0.000137295 0.43774
-0.528908 0.174351 0.391082
-0.557289 0.154585 0.349409
-0.579044 0.122579 0.309337
-0.593335 0.0795638 0.272406
-0.599614 0.0271924 0.240036
-0.597639 -0.0325227 0.213471
-0.587487 -0.0972868 0.193731
-0.569547 -0.164611 0.181574
-0.544509 -0.231908 0.177469
-0.513335 -0.296593 0.181572
-0.477223 -0.356178 0.193727
-0.437561 -0.408375 0.213466
-0.395872 -0.451177 0.24003
-0.35376 -0.48294 0.272399
-0.312842 -0.502444 0.309328
-0.27469 -0.508938 0.3494
-0.240771 -0.502173 0.391073
-0.212389 -0.482409 0.432746
-0.190633 -0.450406 0.472819
-0.17634 -0.407393 0.50975
-0.170059 -0.355024 0.542121
-0.172032 -0.29531 0.568688
-0.182183 -0.230547 0.58843
-0.200121 -0.163223 0.600588
-0.225157 -0.095925 0.604695
-0.25633 -0.0312399 0.600593
-0.292441 0.0283469 0.588441
-0.332103 0.0805456 0.568704
-0.373791 0.12335 0.542141
-0.415903 0.155116 0.509773
-0.456822 0.174622 0.472844
-0.494974 0.181119 0.432773
-0.528894 0.174357 0.391101
-0.557278 0.154596 0.349427
-0.579036 0.122596 0.309354
-0.59333 0.079585 0.272422
-0.599613 0.0272174 0.24005
-0.597642 -0.032495 0.213481
-0.587493 -0.0972574 0.193738
-0.569556 -0.164581 0.181578
-0.544521 -0.231879 0.177469
-0.51335 -0.296565 0.181569
-0.47724 -0.356153 0.19372
-0.437579 -0.408354 0.213455
-0.395891 -0.451161 0.240017
-0.353778 -0.482929 0.272383
-0.312859 -0.502438 0.309311
-0.274706 -0.508938 0.349381
-0.240785 -0.502179 0.391054
-0.2124 -0.482421 0.432728
-0.190641 -0.450423 0.472801
-0.176344 -0.407414 0.509735
-0.17006 -0.355048 0.542108
-0.172029 -0.295337 0.568678
-0.182176 -0.230576 0.588423
-0.200111 -0.163253 0.600584
-0.225145 -0.0959543 0.604695
-0.256315 -0.0312675 0.600597
-0.292424 0.0283221 0.588448
-0.332085 0.0805245 0.568714
-0.373772 0.123334 0.542154
-0.415885 0.155105 0.509788
-0.456804 0.174616 0.472861
-0.548826 0.346408 0.349829
-0.590029 0.317712 0.289328
-0.621612 0.271246 0.231153
-0.642359 0.208798 0.177538
-0.651475 0.132767 0.130544
-0.648608 0.0460737 0.091977
-0.633869 -0.0479493 0.0633185
-0.607824 -0.145689 0.0456702
-0.571475 -0.24339 0.0397102
-0.526217 -0.337297 0.0456676
-0.473791 -0.423801 0.0633134
-0.41621 -0.49958 0.0919695
-0.355688 -0.561719 0.130535
-0.29455 -0.607832 0.177527
-0.235146 -0.636147 0.231141
-0.179758 -0.645575 0.289315
-0.130516 -0.635753 0.349815
-0.0893104 -0.607061 0.410316
-0.0577258 -0.560599 0.468492
-0.0369758 -0.498154 0.522108
-0.0278576 -0.422125 0.569104
-0.0307217 -0.335434 0.607673
-0.0454581 -0.241413 0.636334
-0.0715003 -0.143673 0.653984
-0.107848 -0.0459722 0.659947
-0.153104 0.047936 0.653992
-0.205529 0.134443 0.636349
-0.263108 0.210224 0.607695
-0.32363 0.272366 0.569132
-0.384768 0.318483 0.522142
-0.444173 0.346802 0.468529
-0.499562 0.356234 0.410355
-0.548806 0.346417 0.349856
-0.590013 0.317728 0.289355
-0.6216 0.271271 0.231178
-0.642352 0.208829 0.177561
-0.651473 0.132803 0.130563
-0.648612 0.0461139 0.0919919
-0.633878 -0.0479066 0.0633288
-0.607838 -0.145646 0.0456755
-0.571493 -0.243347 0.0397102
-0.526239 -0.337257 0.0456624
-0.473815 -0.423765 0.0633031
-0.416236 -0.499549 0.0919545
-0.355715 -0.561695 0.130516
-0.294577 -0.607816 0.177505
-0.235171 -0.636138 0.231116
-0.179782 -0.645575 0.289289
-0.130536 -0.635762 0.349788
-0.0893266 -0.607078 0.410289
-0.0577375 -0.560624 0.468467
-0.0369824 -0.498185 0.522086
-0.027859 -0.422162 0.569085
-0.0307178 -0.335475 0.607658
-0.045449 -0.241455 0.636323
-0.0714865 -0.143717 0.653979
-0.10783 -0.0460149 0.659947
-0.153082 0.0478959 0.653998
-0.205504 0.134407 0.636359
-0.263082 0.210193 0.60771
-0.323603 0.272342 0.569151
-0.384741 0.318467 0.522164
-0.444147 0.346793 0.468554
-0.499538 0.356234 0.410382
-0.548786 0.346426 0.349882
-0.589997 0.317745 0.289381
-0.621588 0.271295 0.231203
-0.642346 0.20886 0.177583
-0.651472 0.132839 0.130582
-0.648616 0.0461541 0.0920069
-0.633887 -0.047864 0.0633391
-0.607852 -0.145602 0.0456807
-0.571511 -0.243305 0.0397103
-0.526261 -0.337217 0.0456571
-0.47384 -0.423729 0.0632928
-0.416262 -0.499518 0.0919396
-0.355742 -0.561671 0.130497
-0.294604 -0.607799 0.177482
-0.235197 -0.63613 0.231091
-0.179805 -0.645575 0.289262
-0.130556 -0.635771 0.349761
-0.0893427 -0.607094 0.410263
-0.0577491 -0.560648 0.468442
-0.0369891 -0.498216 0.522063
-0.0278604 -0.422198 0.569066
-0.0307139 -0.335515 0.607643
-0.0454399 -0.241498 0.636313
-0.0714726 -0.14376 0.653974
-0.107811 -0.0460575 0.659947
-0.15306 0.0478558 0.654003
-0.20548 0.134371 0.63637
-0.545087 0.506247 0.294311
-0.597529 0.469723 0.217309
-0.637726 0.410583 0.143265
-0.664132 0.331102 0.0750265
-0.675734 0.234332 0.0152144
-0.672086 0.123992 -0.0338725
-0.653327 0.00432372 -0.0703478
-0.620178 -0.120076 -0.0928098
-0.573914 -0.244425 -0.100395
-0.516312 -0.363946 -0.0928132
-0.449585 -0.474046 -0.0703543
-0.376299 -0.570493 -0.033882
-0.299269 -0.649582 0.0152023
-0.221455 -0.708273 0.0750122
-0.145848 -0.744311 0.143249
-0.0753526 -0.75631 0.217292
-0.0126785 -0.74381 0.294294
0.0397659 -0.707291 0.371296
0.0799655 -0.648157 0.445341
0.106375 -0.568679 0.513581
0.117981 -0.471913 0.573395
0.114335 -0.361576 0.622485
0.0955794 -0.241909 0.658963
0.0624338 -0.11751 0.681428
0.0161722 0.00684002 0.689017
-0.0414276 0.126363 0.681438
-0.108152 0.236465 0.658983
-0.181437 0.332916 0.622513
-0.258467 0.412009 0.573432
-0.336281 0.470705 0.513624
-0.411889 0.506747 0.445388
-0.482386 0.518752 0.371347
-0.545062 0.506258 0.294345
-0.597509 0.469744 0.217342
-0.637711 0.410614 0.143297
-0.664124 0.331141 0.0750549
-0.675733 0.234378 0.0152386
-0.672091 0.124044 -0.0338535
-0.653338 0.004378 -0.0703347
-0.620196 -0.12002 -0.0928032
-0.573937 -0.244371 -0.100395
-0.516339 -0.363895 -0.0928199
-0.449616 -0.474 -0.0703674
-0.376332 -0.570454 -0.033901
-0.299303 -0.649552 0.015178
-0.221489 -0.708252 0.0749837
-0.14588 -0.7443 0.143218
-0.0753822 -0.75631 0.217258
-0.0127042 -0.743821 0.29426
0.0397453 -0.707313 0.371263
0.0799507 -0.648188 0.445309
0.106367 -0.568718 0.513553
0.117979 -0.471959 0.573371
0.11434 -0.361627 0.622466
0.0955909 -0.241963 0.65895
0.0624515 -0.117565 0.681422
0.0161953 0.00678578 0.689017
-0.0413999 0.126312 0.681445
-0.108121 0.236419 0.658996
-0.181404 0.332877 0.622532
-0.258433 0.411978 0.573456
-0.336247 0.470683 0.513652
-0.411857 0.506737 0.44542
-0.482356 0.518752 0.37138
-0.545036 0.506268 0.294379
-0.597488 0.469765 0.217376
-0.637696 0.410645 0.143329
-0.664116 0.33118 0.0750834
-0.675731 0.234424 0.0152628
-0.672096 0.124095 -0.0338344
-0.65335 0.00443228 -0.0703216
-0.620213 -0.119965 -0.0927965
-0.57396 -0.244317 -0.100395
-0.516367 -0.363844 -0.0928265
-0.449648 -0.473954 -0.0703806
-0.376366 -0.570415 -0.0339201
-0.299338 -0.649521 0.0151538
-0.221523 -0.708231 0.0749553
-0.145913 -0.744289 0.143186
-0.0754118 -0.75631 0.217225
-0.0127298 -0.743832 0.294225
0.0397247 -0.707334 0.371229
0.0799358 -0.648218 0.445277
0.106358 -0.568758 0.513524
0.117977 -0.472005 0.573347
0.114345 -0.361678 0.622447
0.0956025 -0.242017 0.658937
0.0624691 -0.117621 0.681415
0.0162184 0.00673154 0.689017
-0.0413723 0.126261 0.681452
-0.10809 0.236373 0.659009
-0.181371 0.332838 0.622551
-0.258398 0.411948 0.57348
-0.336213 0.470662 0.513681
-0.411824 0.506726 0.445451
-0.482326 0.518752 0.371414
-0.54501 0.506279 0.294414
-0.597467 0.469786 0.217409
-0.637681 0.410676 0.14336
-0.664107 0.331219 0.0751119
-0.675729 0.23447 0.015287
-0.672101 0.124146 -0.0338154
-0.653361 0.00448656 -0.0703085
-0.620231 -0.11991 -0.0927898
-0.573983 -0.244262 -0.100395
-0.516395 -0.363793 -0.0928332
-0.449679 -0.473908 -0.0703937
-0.376399 -0.570376 -0.0339391
-0.299372 -0.64949 0.0151296
-0.221557 -0.70821 0.0749268
-0.145945 -0.744279 0.143155
-0.0754414 -0.75631 0.217191
-0.0127554 -0.743843 0.294191
0.0397041 -0.707355 0.371196
0.079921 -0.648249 0.445246
0.10635 -0.568797 0.513496
-0.517836 0.647723 0.226662
-0.579501 0.604776 0.136117
-0.626767 0.535235 0.0490511
-0.657818 0.441774 -0.0311895
-0.671461 0.327985 -0.101521
-0.66717 0.198239 -0.159241
-0.645112 0.0575235 -0.202132
-0.606133 -0.0887549 -0.228544
-0.551732 -0.234975 -0.237464
-0.483999 -0.375517 -0.228548
-0.405537 -0.504981 -0.20214
-0.319361 -0.618391 -0.159252
-0.228783 -0.71139 -0.101535
-0.137284 -0.780403 -0.0312062
-0.0483788 -0.822779 0.0490325
0.0345148 -0.836889 0.136097
0.108212 -0.82219 0.226642
0.16988 -0.779249 0.317188
0.21715 -0.709714 0.404255
0.248205 -0.616258 0.484497
0.261851 -0.502472 0.554831
0.257564 -0.37273 0.612555
0.23551 -0.232016 0.655449
0.196535 -0.0857381 0.681865
0.142137 0.0604824 0.690789
0.0744065 0.201026 0.681877
-0.00405348 0.330493 0.655472
-0.090228 0.443908 0.612588
-0.180805 0.536911 0.554874
-0.272305 0.60593 0.484547
-0.361211 0.648312 0.404311
-0.444106 0.662428 0.317247
-0.517806 0.647736 0.226703
-0.579477 0.604801 0.136156
-0.62675 0.535271 0.0490883
-0.657808 0.441821 -0.031156
-0.671459 0.328039 -0.101493
-0.667176 0.198299 -0.159219
-0.645125 0.0575873 -0.202116
-0.606154 -0.0886899 -0.228537
-0.551759 -0.234911 -0.237464
-0.484032 -0.375457 -0.228556
-0.405574 -0.504927 -0.202155
-0.319401 -0.618345 -0.159275
-0.228824 -0.711354 -0.101564
-0.137324 -0.780378 -0.0312397
-0.048417 -0.822766 0.0489953
0.03448 -0.836889 0.136058
0.108182 -0.822203 0.226602
0.169856 -0.779274 0.317148
0.217132 -0.70975 0.404218
0.248195 -0.616304 0.484464
0.261849 -0.502527 0.554803
0.25757 -0.37279 0.612532
0.235523 -0.23208 0.655433
0.196556 -0.0858031 0.681857
0.142164 0.0604186 0.690789
0.074439 0.200966 0.681885
-0.00401687 0.330439 0.655487
-0.0901887 0.443862 0.612611
-0.180765 0.536875 0.554903
-0.272265 0.605905 0.484581
-0.361173 0.6483 0.404348
-0.444071 0.662428 0.317287
-0.517775 0.647749 0.226743
-0.579453 0.604826 0.136196
-0.626733 0.535308 0.0491255
-0.657798 0.441867 -0.0311225
-0.671457 0.328093 -0.101464
-0.667182 0.19836 -0.159197
-0.645139 0.0576511 -0.202101
-0.606175 -0.0886248 -0.228529
-0.551786 -0.234847 -0.237464
-0.484064 -0.375397 -0.228564
-0.40561 -0.504873 -0.20217
-0.31944 -0.618299 -0.159297
-0.228864 -0.711318 -0.101592
-0.137364 -0.780354 -0.0312732
-0.0484552 -0.822754 0.0489581
0.0344452 -0.836889 0.136018
0.108152 -0.822216 0.226562
0.169832 -0.779299 0.317109
0.217115 -0.709786 0.40418
0.248185 -0.61635 0.48443
0.261847 -0.502581 0.554774
0.257576 -0.37285 0.61251
0.235537 -0.232144 0.655418
0.196576 -0.0858682 0.681849
0.142191 0.0603548 0.690789
0.0744715 0.200906 0.681893
-0.00398025 0.330385 0.655503
-0.0901493 0.443816 0.612633
-0.180724 0.536839 0.554931
-0.272225 0.605881 0.484614
-0.361135 0.648287 0.404385
-0.444037 0.662429 0.317326
-0.517745 0.647762 0.226783
-0.579428 0.604851 0.136235
-0.626715 0.535344 0.0491627
-0.657789 0.441913 -0.031089
-0.671455 0.328147 -0.101436
-0.667188 0.19842 -0.159174
-0.645153 0.057715 -0.202086
-0.606195 -0.0885598 -0.228521
-0.551814 -0.234783 -0.237464
-0.484097 -0.375337 -0.228572
-0.405647 -0.504819 -0.202186
-0.319479 -0.618253 -0.15932
-0.228905 -0.711282 -0.101621
-0.137404 -0.780329 -0.0313066
-0.0484935 -0.822741 0.0489208
0.0344103 -0.836889 0.135979
0.108121 -0.822229 0.226521
0.169807 -0.779324 0.317069
0.217098 -0.709823 0.404143
0.248175 -0.616396 0.484397
0.261845 -0.502635 0.554746
0.257582 -0.37291 0.612487
0.235551 -0.232207 0.655402
0.196597 -0.0859333 0.681841
0.142218 0.060291 0.690789
0.074504 0.200846 0.6819
-0.00394364 0.330331 0.655518
-0.09011 0.44377 0.612655
-0.180684 0.536803 0.55496
-0.272185 0.605856 0.484648
-0.361096 0.648274 0.404422
-0.444002 0.662429 0.317366
-0.517715 0.647775 0.226823
-0.579404 0.604876 0.136275
-0.626698 0.53538 0.0491999
-0.657779 0.441959 -0.0310555
-0.671452 0.328201 -0.101407
-0.667194 0.19848 -0.159152
-0.645166 0.0577788 -0.20207
-0.606216 -0.0884947 -0.228513
-0.468119 0.765402 0.149482
-0.536638 0.717681 0.0488735
-0.589157 0.640412 -0.0478691
-0.623659 0.536563 -0.137028
-0.638818 0.410127 -0.215176
-0.634051 0.265961 -0.279312
-0.609541 0.109606 -0.326969
-0.56623 -0.0529306 -0.356317
-0.505782 -0.215402 -0.366229
-0.430521 -0.371564 -0.356322
-0.343339 -0.515417 -0.326978
-0.247585 -0.641432 -0.279324
-0.14694 -0.744767 -0.215192
-0.0452708 -0.821451 -0.137046
0.0535152 -0.868536 -0.0478898
0.145622 -0.884214 0.0488515
0.22751 -0.867882 0.14946
0.296032 -0.820168 0.250069
0.348555 -0.742905 0.346813
0.383062 -0.639062 0.435974
0.398225 -0.51263 0.514125
0.393462 -0.368467 0.578264
0.368956 -0.212114 0.625925
0.325649 -0.0495785 0.655278
0.265205 0.112893 0.665193
0.189947 0.269058 0.655291
0.102767 0.412914 0.625951
0.00701478 0.538934 0.578301
-0.0936297 0.642274 0.514173
-0.195299 0.718964 0.43603
-0.294086 0.766056 0.346875
-0.386195 0.781741 0.250135
-0.468085 0.765416 0.149527
-0.536611 0.717709 0.0489174
-0.589138 0.640452 -0.0478278
-0.623648 0.536615 -0.136991
-0.638816 0.410187 -0.215145
-0.634057 0.266028 -0.279287
-0.609556 0.109677 -0.326952
-0.566253 -0.0528583 -0.356309
-0.505812 -0.215331 -0.366229
-0.430557 -0.371498 -0.356331
-0.343379 -0.515357 -0.326995
-0.247629 -0.641381 -0.279349
-0.146985 -0.744727 -0.215224
-0.0453154 -0.821423 -0.137084
0.0534727 -0.868522 -0.0479312
0.145583 -0.884214 0.0488076
0.227476 -0.867897 0.149415
0.296005 -0.820196 0.250025
0.348536 -0.742945 0.346772
0.383051 -0.639113 0.435937
0.398222 -0.51269 0.514094
0.393468 -0.368534 0.578239
0.368971 -0.212185 0.625908
0.325672 -0.0496508 0.655269
0.265235 0.112822 0.665193
0.189983 0.268991 0.655299
0.102808 0.412854 0.625968
0.00705846 0.538883 0.578326
-0.0935847 0.642234 0.514204
-0.195254 0.718936 0.436067
-0.294044 0.766042 0.346916
-0.386156 0.781742 0.250179
-0.468052 0.765431 0.149572
-0.536584 0.717737 0.0489612
-0.589119 0.640492 -0.0477864
-0.623637 0.536666 -0.136953
-0.638813 0.410247 -0.215113
-0.634064 0.266095 -0.279262
-0.609571 0.109747 -0.326935
-0.566276 -0.052786 -0.3563
-0.505843 -0.21526 -0.366229
-0.430593 -0.371431 -0.356339
-0.34342 -0.515297 -0.327012
-0.247672 -0.64133 -0.279374
-0.14703 -0.744687 -0.215256
-0.04536 -0.821396 -0.137121
0.0534303 -0.868508 -0.0479725
0.145544 -0.884215 0.0487637
0.227443 -0.867911 0.14937
0.295978 -0.820223 0.249981
0.348517 -0.742985 0.34673
0.38304 -0.639164 0.435899
0.39822 -0.51275 0.514062
0.393475 -0.368601 0.578214
0.368986 -0.212256 0.625891
0.325695 -0.049723 0.65526
0.265266 0.112752 0.665193
0.190019 0.268925 0.655308
0.102848 0.412794 0.625985
0.00710214 0.538832 0.578351
-0.0935398 0.642194 0.514236
-0.19521 0.718909 0.436104
-0.294001 0.766028 0.346958
-0.386117 0.781742 0.250223
-0.468018 0.765445 0.149617
-0.536557 0.717764 0.0490051
-0.589099 0.640533 -0.0477451
-0.623626 0.536717 -0.136916
-0.638811 0.410307 -0.215081
-0.63407 0.266161 -0.279237
-0.609586 0.109818 -0.326918
-0.566299 -0.0527137 -0.356291
-0.505873 -0.215189 -0.366229
-0.43063 -0.371364 -0.356348
-0.343461 -0.515237 -0.327029
-0.247716 -0.641279 -0.279399
-0.147075 -0.744647 -0.215287
-0.0454045 -0.821368 -0.137158
0.0533878 -0.868494 -0.0480138
0.145506 -0.884215 0.0487198
0.227409 -0.867925 0.149326
0.295951 -0.820251 0.249938
0.348497 -0.743026 0.346689
0.383029 -0.639216 0.435862
0.398218 -0.51281 0.51403
0.393481 -0.368668 0.578189
0.369001 -0.212327 0.625874
0.325718 -0.0497953 0.655251
0.265296 0.112681 0.665193
0.190056 0.268858 0.655317
0.102889 0.412734 0.626002
0.00714582 0.538781 0.578376
-0.0934948 0.642154 0.514268
-0.195165 0.718881 0.436141
-0.293959 0.766014 0.346999
-0.386079 0.781742 0.250267
-0.467985 0.765459 0.149661
-0.53653 0.717792 0.049049
-0.58908 0.640573 -0.0477037
-0.623615 0.536768 -0.136879
-0.638809 0.410368 -0.21505
-0.634077 0.266228 -0.279212
-0.609601 0.109889 -0.326901
-0.566322 -0.0526415 -0.356283
-0.505903 -0.215118 -0.366229
-0.430666 -0.371297 -0.356357
-0.343501 -0.515177 -0.327046
-0.24776 -0.641228 -0.279424
-0.14712 -0.744607 -0.215319
-0.0454491 -0.821341 -0.137195
0.0533453 -0.86848 -0.0480552
0.145467 -0.884215 0.048676
0.227376 -0.867939 0.149281
0.295924 -0.820279 0.249894
0.348478 -0.743066 0.346648
0.383018 -0.639267 0.435825
0.398215 -0.512871 0.513999
0.393488 -0.368735 0.578164
0.369016 -0.212398 0.625857
-0.397846 0.854761 0.0657369
-0.470586 0.8041 -0.0410692
-0.526341 0.722071 -0.143771
-0.562968 0.611826 -0.238422
-0.57906 0.477601 -0.321384
-0.574 0.324555 -0.38947
-0.54798 0.158569 -0.440063
-0.502001 -0.0139793 -0.471219
-0.43783 -0.186458 -0.48174
-0.357933 -0.35224 -0.471223
-0.26538 -0.504954 -0.440072
-0.163729 -0.638731 -0.389483
-0.0568839 -0.748431 -0.321401
0.0510477 -0.829838 -0.238441
0.155919 -0.879824 -0.143793
0.253699 -0.896468 -0.0410925
0.340631 -0.87913 0.0657132
0.413374 -0.828477 0.17252
0.469133 -0.746454 0.275223
0.505764 -0.636215 0.369876
0.521862 -0.501995 0.452841
0.516805 -0.348952 0.52093
0.49079 -0.182968 0.571528
0.444815 -0.0104207 0.602688
0.380648 0.162059 0.613214
0.300755 0.327843 0.602702
0.208204 0.48056 0.571555
0.106554 0.614342 0.52097
-0.000289999 0.724048 0.452891
-0.108222 0.805462 0.369935
-0.213094 0.855455 0.275289
-0.310876 0.872106 0.17259
-0.397811 0.854776 0.0657844
-0.470557 0.80413 -0.0410226
-0.52632 0.722114 -0.143727
-0.562956 0.61188 -0.238382
-0.579058 0.477665 -0.32135
-0.574006 0.324626 -0.389443
-0.547996 0.158644 -0.440045
-0.502025 -0.0139026 -0.47121
-0.437862 -0.186383 -0.48174
-0.357972 -0.352169 -0.471233
-0.265424 -0.50489 -0.44009
-0.163775 -0.638677 -0.389509
-0.0569317 -0.748389 -0.321434
0.0510004 -0.829809 -0.238481
0.155874 -0.879809 -0.143837
0.253658 -0.896468 -0.0411391
0.340595 -0.879145 0.0656657
0.413345 -0.828506 0.172473
0.469112 -0.746497 0.275179
0.505753 -0.636269 0.369836
0.521859 -0.502059 0.452807
0.516812 -0.349023 0.520904
0.490806 -0.183043 0.571509
0.44484 -0.0104974 0.602679
0.38068 0.161984 0.613214
0.300793 0.327772 0.602711
0.208247 0.480497 0.571573
0.1066 0.614288 0.520996
-0.000242232 0.724006 0.452925
-0.108175 0.805433 0.369974
-0.213049 0.85544 0.275332
-0.310835 0.872107 0.172636
-0.397775 0.854791 0.0658319
-0.470529 0.804159 -0.040976
-0.5263 0.722157 -0.143683
-0.562945 0.611935 -0.238343
-0.579056 0.477729 -0.321317
-0.574013 0.324697 -0.389417
-0.548012 0.158719 -0.440026
-0.50205 -0.0138258 -0.4712
-0.437894 -0.186308 -0.48174
-0.35801 -0.352098 -0.471242
-0.265467 -0.504826 -0.440108
-0.163821 -0.638623 -0.389536
-0.0569794 -0.748346 -0.321468
0.0509531 -0.82978 -0.23852
0.155829 -0.879795 -0.143881
0.253617 -0.896468 -0.0411856
0.34056 -0.87916 0.0656182
0.413317 -0.828536 0.172427
0.469092 -0.74654 0.275135
0.505741 -0.636324 0.369797
0.521857 -0.502123 0.452774
0.516819 -0.349094 0.520878
0.490822 -0.183119 0.571491
0.444864 -0.0105742 0.602669
0.380712 0.161909 0.613214
0.300831 0.327701 0.60272
0.208291 0.480433 0.571591
0.106647 0.614234 0.521023
-0.000194466 0.723963 0.452958
-0.108127 0.805404 0.370014
-0.213004 0.855425 0.275376
-0.310794 0.872107 0.172683
-0.39774 0.854806 0.0658795
-0.4705 0.804189 -0.0409294
-0.526279 0.722199 -0.143639
-0.562933 0.611989 -0.238303
-0.579053 0.477793 -0.321283
-0.57402 0.324768 -0.389391
-0.548028 0.158795 -0.440008
-0.502074 -0.0137491 -0.471191
-0.437926 -0.186233 -0.48174
-0.358048 -0.352027 -0.471251
-0.26551 -0.504763 -0.440126
-0.163868 -0.638569 -0.389562
-0.0570272 -0.748304 -0.321501
0.0509057 -0.829751 -0.23856
0.155783 -0.87978 -0.143924
0.253576 -0.896468 -0.0412322
0.340524 -0.879175 0.0655706
0.413288 -0.828565 0.17238
0.469071 -0.746582 0.275091
0.505729 -0.636378 0.369757
0.521854 -0.502187 0.45274
0.516826 -0.349165 0.520851
0.490838 -0.183194 0.571473
0.444889 -0.0106509 0.60266
0.380744 0.161833 0.613214
0.30087 0.32763 0.60273
0.208334 0.480369 0.571609
0.106693 0.61418 0.521049
-0.000146699 0.723921 0.452992
-0.10808 0.805374 0.370053
-0.212959 0.855411 0.27542
-0.310753 0.872107 0.172729
-0.397704 0.854821 0.065927
-0.470472 0.804218 -0.0408828
-0.526259 0.722242 -0.143595
-0.562921 0.612043 -0.238263
-0.579051 0.477857 -0.321249
-0.574027 0.324839 -0.389364
-0.548044 0.15887 -0.43999
-0.502099 -0.0136724 -0.471182
-0.437958 -0.186157 -0.48174
-0.358087 -0.351957 -0.47126
-0.265553 -0.504699 -0.440145
-0.163914 -0.638515 -0.389589
-0.057075 -0.748261 -0.321535
0.0508584 -0.829721 -0.238599
0.155738 -0.879765 -0.143968
0.253535 -0.896469 -0.0412788
0.340489 -0.87919 0.0655231
0.41326 -0.828595 0.172333
0.46905 -0.746625 0.275047
0.505718 -0.636432 0.369718
0.521852 -0.50225 0.452707
0.516833 -0.349236 0.520825
0.490854 -0.183269 0.571455
0.444913 -0.0107277 0.602651
0.380776 0.161758 0.613214
0.300908 0.32756 0.602739
0.208377 0.480305 0.571628
0.106739 0.614126 0.521076
-9.89332e-05 0.723878 0.453026
-0.108033 0.805345 0.370093
-0.212914 0.855396 0.275464
-0.310712 0.872107 0.172776
-0.30972 0.912365 -0.0213556
-0.383885 0.860712 -0.130255
-0.440732 0.777075 -0.234969
-0.478077 0.66467 -0.331474
-0.494485 0.527815 -0.416062
-0.489324 0.37177 -0.485482
-0.462795 0.202531 -0.537067
-0.415915 0.0266021 -0.568833
-0.350487 -0.149257 -0.579561
-0.269024 -0.318287 -0.568838
-0.174658 -0.473993 -0.537076
-0.0710142 -0.610392 -0.485496
0.0379241 -0.722241 -0.416079
0.147971 -0.805244 -0.331494
0.254896 -0.856209 -0.234991
0.354593 -0.873179 -0.130278
0.443228 -0.855501 -0.0213799
0.517397 -0.803855 0.0875196
0.574248 -0.720226 0.192235
0.611598 -0.607826 0.288743
0.62801 -0.470976 0.373334
0.622855 -0.314935 0.442757
0.59633 -0.145698 0.494346
0.549454 0.0302304 0.526117
0.48403 0.20609 0.53685
0.40257 0.375122 0.526131
0.308207 0.530832 0.494374
0.204564 0.667236 0.442798
0.0956269 0.779091 0.373385
-0.0144199 0.8621 0.288803
-0.121347 0.913073 0.192302
-0.221045 0.930051 0.0875908
-0.309683 0.912381 -0.0213072
-0.383855 0.860742 -0.130207
-0.440711 0.777119 -0.234924
-0.478065 0.664726 -0.331434
-0.494482 0.52788 -0.416028
-0.489332 0.371842 -0.485455
-0.462811 0.202608 -0.537048
-0.41594 0.0266803 -0.568824
-0.350519 -0.14918 -0.579561
-0.269063 -0.318215 -0.568847
-0.174702 -0.473928 -0.537094
-0.0710615 -0.610337 -0.485522
0.0378754 -0.722198 -0.416113
0.147922 -0.805214 -0.331534
0.254851 -0.856194 -0.235036
0.354551 -0.873179 -0.130326
0.443192 -0.855517 -0.0214283
0.517367 -0.803885 0.0874721
0.574227 -0.720269 0.19219
0.611586 -0.607882 0.288702
0.628007 -0.471041 0.373299
0.622862 -0.315007 0.44273
0.596346 -0.145775 0.494327
0.549479 0.0301522 0.526108
0.484062 0.206013 0.53685
0.40261 0.37505 0.526141
0.308251 0.530767 0.494392
0.204612 0.667181 0.442825
0.0956756 0.779048 0.373419
-0.0143716 0.862071 0.288843
-0.121301 0.913058 0.192347
-0.221003 0.930051 0.0876383
-0.309647 0.912396 -0.0212588
-0.383826 0.860772 -0.13016
-0.44069 0.777163 -0.234879
-0.478053 0.664781 -0.331394
-0.49448 0.527946 -0.415994
-0.489339 0.371915 -0.485428
-0.462827 0.202685 -0.537029
-0.415965 0.0267586 -0.568814
-0.350552 -0.149103 -0.579561
-0.269102 -0.318142 -0.568857
-0.174746 -0.473863 -0.537113
-0.0711088 -0.610281 -0.485549
0.0378267 -0.722155 -0.416148
0.147874 -0.805184 -0.331575
0.254805 -0.856179 -0.235081
0.354509 -0.873179 -0.130373
0.443156 -0.855532 -0.0214767
0.517338 -0.803915 0.0874245
0.574206 -0.720313 0.192146
0.611574 -0.607937 0.288662
0.628005 -0.471107 0.373265
0.622869 -0.315079 0.442704
0.596362 -0.145852 0.494309
0.549504 0.0300739 0.526098
0.484095 0.205936 0.53685
0.402649 0.374978 0.52615
0.308295 0.530702 0.494411
0.204659 0.667125 0.442852
0.0957243 0.779005 0.373454
-0.0143234 0.862041 0.288884
-0.121255 0.913043 0.192392
-0.220961 0.930051 0.0876858
-0.309611 0.912411 -0.0212103
-0.383797 0.860802 -0.130112
-0.440669 0.777206 -0.234834
-0.478041 0.664836 -0.331353
-0.494477 0.528011 -0.415959
-0.489346 0.371987 -0.485401
-0.462844 0.202762 -0.537011
-0.41599 0.0268368 -0.568805
-0.350585 -0.149026 -0.579561
-0.269142 -0.31807 -0.568866
-0.17479 -0.473798 -0.537131
-0.0711561 -0.610226 -0.485576
0.0377779 -0.722111 -0.416182
0.147826 -0.805154 -0.331615
0.254759 -0.856164 -0.235125
0.354467 -0.873179 -0.130421
0.443119 -0.855547 -0.0215252
0.517309 -0.803945 0.087377
0.574185 -0.720356 0.192101
0.611562 -0.607992 0.288622
0.628002 -0.471172 0.373231
0.622876 -0.315152 0.442677
0.596379 -0.145928 0.49429
0.549529 0.0299957 0.526089
0.484128 0.20586 0.53685
0.402688 0.374906 0.52616
0.308339 0.530637 0.494429
0.204706 0.66707 0.442878
0.095773 0.778961 0.373488
-0.0142751 0.862011 0.288924
-0.121209 0.913028 0.192436
-0.220919 0.930051 0.0877333
-0.309575 0.912427 -0.0211619
-0.383768 0.860832 -0.130065
-0.440648 0.77725 -0.23479
-0.478029 0.664892 -0.331313
-0.494475 0.528076 -0.415925
-0.489353 0.37206 -0.485374
-0.46286 0.202838 -0.536992
-0.416015 0.026915 -0.568795
-0.350617 -0.14895 -0.579561
-0.269181 -0.317998 -0.568876
-0.174834 -0.473733 -0.53715
-0.0712033 -0.610171 -0.485603
0.0377292 -0.722068 -0.416216
0.147778 -0.805124 -0.331655
0.254713 -0.856149 -0.23517
0.354425 -0.873179 -0.130468
0.443083 -0.855563 -0.0215736
0.51728 -0.803975 0.0873295
0.574164 -0.7204 0.192056
0.61155 -0.608048 0.288582
0.628 -0.471237 0.373197
0.622883 -0.315224 0.44265
0.596395 -0.146005 0.494272
0.549554 0.0299175 0.526079
0.48416 0.205783 0.53685
0.402727 0.374833 0.526169
0.308383 0.530572 0.494448
0.204754 0.667015 0.442905
0.0958217 0.778918 0.373522
-0.0142268 0.861981 0.288964
-0.121163 0.913013 0.192481
-0.220878 0.930051 0.0877808
-0.309539 0.912442 -0.0211134
-0.383739 0.860862 -0.130017
-0.440627 0.777293 -0.234745
-0.207125 0.936002 -0.108449
-0.279865 0.885341 -0.215256
-0.33562 0.803311 -0.317958
-0.372248 0.693065 -0.41261
-0.38834 0.558839 -0.495573
-0.383279 0.405792 -0.563659
-0.357259 0.239804 -0.614253
-0.31128 0.0672541 -0.645409
-0.247109 -0.105226 -0.655931
-0.167211 -0.271009 -0.645414
-0.0746577 -0.423725 -0.614262
0.0269951 -0.557503 -0.563672
0.133841 -0.667204 -0.495589
0.241773 -0.748612 -0.412629
0.346645 -0.798598 -0.31798
0.444426 -0.815242 -0.215279
0.531359 -0.797904 -0.108472
0.604103 -0.74725 -0.00166487
0.659862 -0.665227 0.101039
0.696494 -0.554987 0.195693
0.712591 -0.420766 0.278659
0.707535 -0.267722 0.346749
0.681519 -0.101736 0.397346
0.635544 0.0708128 0.428507
0.571377 0.243294 0.439034
0.491482 0.409079 0.428521
0.398931 0.561798 0.397374
0.29728 0.695581 0.346788
0.190435 0.805288 0.278709
0.0825023 0.886703 0.195752
-0.0223707 0.936696 0.101105
-0.120154 0.953347 -0.00159497
-0.207089 0.936017 -0.108401
-0.279836 0.88537 -0.215209
-0.3356 0.803354 -0.317914
-0.372236 0.693119 -0.41257
-0.388338 0.558903 -0.495539
-0.383286 0.405862 -0.563633
-0.357275 0.239879 -0.614235
-0.311305 0.0673309 -0.6454
-0.247141 -0.105151 -0.655931
-0.16725 -0.270939 -0.645423
-0.0747009 -0.423661 -0.61428
0.0269487 -0.557449 -0.563699
0.133793 -0.667162 -0.495623
0.241726 -0.748583 -0.412669
0.3466 -0.798583 -0.318024
0.444385 -0.815242 -0.215325
0.531323 -0.797919 -0.10852
0.604074 -0.74728 -0.00171146
0.659841 -0.66527 0.100995
0.696482 -0.555041 0.195653
0.712589 -0.42083 0.278625
0.707542 -0.267793 0.346722
0.681535 -0.101811 0.397328
0.635569 0.070736 0.428498
0.571409 0.243219 0.439034
0.491521 0.409008 0.42853
0.398974 0.561734 0.397392
0.297326 0.695527 0.346815
0.190483 0.805246 0.278743
0.0825496 0.886673 0.195791
-0.0223256 0.936681 0.101149
-0.120113 0.953348 -0.00154838
-0.207054 0.936032 -0.108354
-0.279808 0.8854 -0.215162
-0.335579 0.803396 -0.31787
-0.372224 0.693174 -0.412531
-0.388336 0.558967 -0.495506
-0.383293 0.405933 -0.563606
-0.357291 0.239954 -0.614216
-0.311329 0.0674076 -0.64539
-0.247173 -0.105076 -0.655931
-0.167288 -0.270868 -0.645432
-0.0747441 -0.423597 -0.614298
0.0269023 -0.557395 -0.563725
0.133745 -0.667119 -0.495657
0.241679 -0.748553 -0.412708
0.346555 -0.798569 -0.318068
0.444344 -0.815242 -0.215372
0.531288 -0.797934 -0.108567
0.604045 -0.747309 -0.00175806
0.659821 -0.665313 0.100951
0.69647 -0.555096 0.195614
0.712586 -0.420894 0.278592
0.707549 -0.267864 0.346696
0.681551 -0.101887 0.39731
0.635593 0.0706593 0.428489
0.571441 0.243143 0.439034
0.491559 0.408938 0.42854
0.399017 0.561671 0.39741
0.297373 0.695473 0.346841
0.190531 0.805203 0.278776
0.0825969 0.886644 0.195831
-0.0222806 0.936666 0.101193
-0.120072 0.953348 -0.00150178
-0.207018 0.936047 -0.108306
-0.279779 0.885429 -0.215116
-0.335559 0.803439 -0.317826
-0.372213 0.693228 -0.412491
-0.388333 0.559031 -0.495472
-0.3833 0.406004 -0.56358
-0.357307 0.24003 -0.614198
-0.311354 0.0674843 -0.645381
-0.247205 -0.105001 -0.655931
-0.167326 -0.270797 -0.645441
-0.0747873 -0.423533 -0.614316
0.0268559 -0.557341 -0.563752
0.133697 -0.667077 -0.49569
0.241631 -0.748524 -0.412748
0.34651 -0.798554 -0.318112
0.444303 -0.815243 -0.215419
0.531252 -0.797949 -0.108615
0.604017 -0.747339 -0.00180466
0.6598 -0.665355 0.100907
0.696459 -0.55515 0.195574
0.712584 -0.420957 0.278558
0.707555 -0.267935 0.34667
0.681567 -0.101962 0.397292
0.635618 0.0705825 0.428479
0.571473 0.243068 0.439034
0.491597 0.408867 0.428549
0.399061 0.561607 0.397428
0.297419 0.695419 0.346868
0.190578 0.805161 0.27881
0.0826442 0.886615 0.19587
-0.0222355 0.936652 0.101237
-0.120031 0.953348 -0.00145519
-0.206983 0.936062 -0.108259
-0.279751 0.885459 -0.215069
-0.335538 0.803482 -0.317783
-0.372201 0.693282 -0.412452
-0.388331 0.559095 -0.495438
-0.383307 0.406075 -0.563554
-0.357323 0.240105 -0.61418
-0.311378 0.0675611 -0.645372
-0.247237 -0.104925 -0.655931
-0.167365 -0.270726 -0.645451
-0.0748304 -0.42347 -0.614334
0.0268096 -0.557286 -0.563778
0.13365 -0.667034 -0.495724
0.241584 -0.748495 -0.412787
0.346465 -0.798539 -0.318156
0.444262 -0.815243 -0.215465
0.531217 -0.797964 -0.108662
0.603988 -0.747368 -0.00185126
0.65978 -0.665398 0.100863
0.696447 -0.555204 0.195535
0.712581 -0.421021 0.278524
0.707562 -0.268006 0.346643
0.681583 -0.102037 0.397274
0.635642 0.0705058 0.42847
0.571505 0.242993 0.439034
0.491636 0.408796 0.428558
0.399104 0.561543 0.397446
0.297465 0.695365 0.346894
0.190626 0.805118 0.278843
0.0826916 0.886586 0.19591
-0.0221904 0.936637 0.10128
-0.119989 0.953348 -0.0014086
-0.0940045 0.924762 -0.192195
-0.162525 0.87704 -0.292806
-0.215045 0.799769 -0.38955
-0.249548 0.695919 -0.47871
-0.264707 0.56948 -0.55686
-0.25994 0.425312 -0.620997
-0.235429 0.268954 -0.668655
-0.192117 0.106415 -0.698004
-0.131669 -0.0560594 -0.707915
-0.0564065 -0.212225 -0.698008
0.0307776 -0.35608 -0.668664
0.126533 -0.482098 -0.621009
0.22718 -0.585434 -0.556876
0.328851 -0.662119 -0.478729
0.427639 -0.709206 -0.389571
0.519747 -0.724884 -0.292828
0.601636 -0.708552 -0.192217
0.67016 -0.660837 -0.0916063
0.722684 -0.583572 0.00513926
0.757191 -0.479727 0.0943016
0.772354 -0.353293 0.172454
0.767591 -0.209128 0.236594
0.743085 -0.0527717 0.284256
0.699778 0.109767 0.313609
0.639333 0.272242 0.323525
0.564073 0.428409 0.313623
0.476891 0.572268 0.284282
0.381137 0.69829 0.236632
0.280491 0.801632 0.172502
0.17882 0.878323 0.0943575
0.0800312 0.925416 0.00520128
-0.0120791 0.941102 -0.0915405
-0.093971 0.924776 -0.19215
-0.162498 0.877068 -0.292762
-0.215026 0.79981 -0.389509
-0.249537 0.69597 -0.478673
-0.264705 0.569541 -0.556829
-0.259946 0.425379 -0.620972
-0.235444 0.269025 -0.668638
-0.19214 0.106487 -0.697995
-0.131699 -0.0559886 -0.707915
-0.0564426 -0.212158 -0.698017
0.0307369 -0.35602 -0.668681
0.126489 -0.482047 -0.621034
0.227135 -0.585394 -0.556908
0.328806 -0.662092 -0.478766
0.427596 -0.709192 -0.389612
0.519708 -0.724884 -0.292872
0.601603 -0.708566 -0.192262
0.670133 -0.660864 -0.0916502
0.722665 -0.583612 0.00509792
0.75718 -0.479778 0.0942644
0.772352 -0.353353 0.172423
0.767598 -0.209195 0.236569
0.7431 -0.0528426 0.284239
0.699801 0.109694 0.313601
0.639363 0.272171 0.323525
0.564109 0.428342 0.313631
0.476932 0.572208 0.284299
0.381181 0.698239 0.236656
0.280536 0.801592 0.172534
0.178865 0.878296 0.0943947
0.0800736 0.925402 0.00524263
-0.0120404 0.941102 -0.0914966
-0.0939376 0.924791 -0.192106
-0.162471 0.877096 -0.292718
-0.215007 0.79985 -0.389467
-0.249526 0.696022 -0.478636
-0.264702 0.569601 -0.556797
-0.259953 0.425446 -0.620947
-0.235459 0.269096 -0.668621
-0.192164 0.106559 -0.697986
-0.131729 -0.0559177 -0.707915
-0.0564787 -0.212091 -0.698026
0.0306962 -0.35596 -0.668698
0.126446 -0.481996 -0.621059
0.22709 -0.585354 -0.556939
0.328762 -0.662064 -0.478803
0.427554 -0.709178 -0.389653
0.51967 -0.724884 -0.292915
0.601569 -0.70858 -0.192307
0.670106 -0.660892 -0.0916941
0.722646 -0.583653 0.00505657
0.757169 -0.47983 0.0942272
0.77235 -0.353413 0.172391
0.767604 -0.209261 0.236545
0.743115 -0.0529135 0.284222
0.699824 0.109622 0.313592
0.639393 0.2721 0.323525
0.564145 0.428275 0.31364
0.476973 0.572148 0.284316
0.381225 0.698188 0.236681
0.280581 0.801552 0.172565
0.178909 0.878268 0.0944319
0.0801161 0.925388 0.00528397
-0.0120017 0.941102 -0.0914527
-0.0939041 0.924805 -0.192061
-0.162444 0.877124 -0.292674
-0.214987 0.79989 -0.389426
-0.249515 0.696073 -0.478599
-0.2647 0.569661 -0.556765
-0.259959 0.425512 -0.620922
-0.235474 0.269167 -0.668604
-0.192187 0.106631 -0.697978
-0.131759 -0.0558468 -0.707915
-0.0565149 -0.212025 -0.698034
0.0306555 -0.3559 -0.668715
0.126402 -0.481945 -0.621084
0.227045 -0.585314 -0.556971
0.328717 -0.662037 -0.478841
0.427511 -0.709164 -0.389695
0.519631 -0.724884 -0.292959
0.601536 -0.708594 -0.192352
0.670079 -0.66092 -0.091738
0.722626 -0.583693 0.00501522
0.757158 -0.479881 0.09419
0.772347 -0.353474 0.172359
0.767611 -0.209328 0.23652
0.74313 -0.0529845 0.284205
0.699847 0.10955 0.313583
0.639423 0.272029 0.323525
0.564181 0.428209 0.313649
0.477013 0.572088 0.284334
0.381268 0.698137 0.236706
0.280626 0.801512 0.172597
0.178954 0.87824 0.0944691
0.0801585 0.925374 0.00532531
-0.0119629 0.941102 -0.0914088
-0.0938707 0.924819 -0.192016
-0.162417 0.877151 -0.29263
-0.214968 0.79993 -0.389385
-0.249504 0.696124 -0.478561
-0.264698 0.569721 -0.556734
-0.259966 0.425579 -0.620897
-0.235489 0.269237 -0.668587
-0.19221 0.106704 -0.697969
-0.13179 -0.055776 -0.707915
-0.056551 -0.211958 -0.698043
0.0306149 -0.35584 -0.668732
0.126358 -0.481894 -0.621109
0.227 -0.585274 -0.557003
0.328673 -0.662009 -0.478878
0.427469 -0.70915 -0.389736
0.519592 -0.724885 -0.293003
0.601502 -0.708609 -0.192396
0.670052 -0.660948 -0.0917819
0.722607 -0.583733 0.00497387
0.757147 -0.479932 0.0941528
0.772345 -0.353534 0.172328
0.767617 -0.209395 0.236495
0.743146 -0.0530554 0.284188
0.0252943 0.879078 -0.269377
-0.0363729 0.836129 -0.359925
-0.0836406 0.766587 -0.446993
-0.114692 0.673123 -0.527236
-0.128335 0.559331 -0.59757
-0.124045 0.429581 -0.655292
-0.101986 0.288861 -0.698183
-0.0630058 0.142579 -0.724597
-0.00860309 -0.00364539 -0.733517
0.0591319 -0.144192 -0.724601
0.137596 -0.273659 -0.698191
0.223774 -0.387073 -0.655303
0.314355 -0.480074 -0.597584
0.405857 -0.54909 -0.527253
0.494765 -0.591467 -0.447012
0.577661 -0.605577 -0.359945
0.65136 -0.590878 -0.269397
0.71303 -0.547935 -0.178849
0.760301 -0.478398 -0.0917791
0.791357 -0.38494 -0.0115344
0.805003 -0.271151 0.0588019
0.800717 -0.141404 0.116527
0.778662 -0.00068646 0.159422
0.739685 0.145596 0.185839
0.685286 0.29182 0.194763
0.617554 0.432368 0.185851
0.539091 0.561839 0.159445
0.452914 0.675257 0.11656
0.362334 0.768263 0.0588446
0.270832 0.837284 -0.0114841
0.181924 0.879667 -0.0917233
0.0990259 0.893784 -0.178789
0.0253244 0.879091 -0.269337
-0.0363486 0.836154 -0.359885
-0.0836232 0.766623 -0.446956
-0.114683 0.673169 -0.527203
-0.128333 0.559385 -0.597541
-0.124051 0.429641 -0.655269
-0.101999 0.288925 -0.698168
-0.0630266 0.142644 -0.724589
-0.00863025 -0.00358161 -0.733517
0.0590994 -0.144132 -0.724608
0.13756 -0.273605 -0.698206
0.223735 -0.387027 -0.655325
0.314315 -0.480038 -0.597612
0.405817 -0.549065 -0.527286
0.494727 -0.591454 -0.447049
0.577626 -0.605577 -0.359984
0.65133 -0.590891 -0.269437
0.713006 -0.54796 -0.178888
0.760284 -0.478435 -0.0918163
0.791347 -0.384986 -0.0115678
0.805001 -0.271205 0.0587734
0.800723 -0.141465 0.116504
0.778675 -0.00075029 0.159407
0.739706 0.145531 0.185831
0.685313 0.291756 0.194763
0.617586 0.432308 0.185859
0.539128 0.561785 0.159461
0.452954 0.675211 0.116583
0.362375 0.768227 0.0588731
0.270872 0.837259 -0.0114506
0.181962 0.879654 -0.091686
0.0990607 0.893784 -0.17875
0.0253545 0.879104 -0.269296
-0.0363244 0.836179 -0.359846
-0.0836057 0.766659 -0.446919
-0.114673 0.673216 -0.527169
-0.128331 0.559439 -0.597513
-0.124056 0.429701 -0.655247
-0.102013 0.288989 -0.698152
-0.0630473 0.142709 -0.724581
-0.00865741 -0.00351783 -0.733517
0.0590668 -0.144072 -0.724616
0.137523 -0.273551 -0.698222
0.223696 -0.386981 -0.655347
0.314274 -0.480002 -0.597641
0.405777 -0.54904 -0.52732
0.494688 -0.591441 -0.447086
0.577591 -0.605577 -0.360024
0.6513 -0.590904 -0.269477
0.712981 -0.547985 -0.178928
0.760266 -0.478471 -0.0918535
0.791337 -0.385032 -0.0116013
0.804999 -0.271259 0.0587449
0.800729 -0.141525 0.116482
0.778689 -0.000814118 0.159391
0.739727 0.145465 0.185823
0.68534 0.291693 0.194763
0.617619 0.432248 0.185867
0.539165 0.561731 0.159476
0.452993 0.675165 0.116605
0.362415 0.768191 0.0589016
0.270912 0.837234 -0.0114172
0.182 0.879642 -0.0916488
0.0990955 0.893784 -0.17871
0.0253846 0.879117 -0.269256
-0.0363002 0.836204 -0.359806
-0.0835883 0.766696 -0.446881
-0.114663 0.673262 -0.527136
-0.128329 0.559493 -0.597484
-0.124062 0.429762 -0.655224
-0.102026 0.289053 -0.698137
-0.0630681 0.142774 -0.724573
-0.00868457 -0.00345405 -0.733517
0.0590343 -0.144012 -0.724624
0.137486 -0.273497 -0.698237
0.223657 -0.386935 -0.65537
0.314234 -0.479966 -0.597669
0.405737 -0.549015 -0.527353
0.49465 -0.591429 -0.447123
0.577556 -0.605577 -0.360063
0.65127 -0.590916 -0.269518
0.712957 -0.54801 -0.178967
0.760249 -0.478507 -0.0918907
0.791327 -0.385078 -0.0116348
0.804997 -0.271313 0.0587164
0.800734 -0.141585 0.11646
0.778702 -0.000877945 0.159376
0.739748 0.1454 0.185816
0.685367 0.291629 0.194763
0.617651 0.432188 0.185874
0.539201 0.561677 0.159491
0.453032 0.675119 0.116627
0.362456 0.768155 0.05893
0.270952 0.83721 -0.0113837
0.182038 0.879629 -0.0916116
0.0991303 0.893784 -0.178671
0.0254147 0.87913 -0.269216
-0.0362759 0.836229 -0.359767
-0.0835709 0.766732 -0.446844
-0.114653 0.673308 -0.527102
-0.128327 0.559547 -0.597456
-0.124068 0.429822 -0.655202
-0.10204 0.289117 -0.698122
-0.0630889 0.142839 -0.724565
0.146187 0.800706 -0.337028
0.0937428 0.76418 -0.414034
0.0535444 0.705039 -0.48808
0.0271366 0.625553 -0.556322
0.0155342 0.528779 -0.616137
0.0191831 0.418435 -0.665226
0.037943 0.298761 -0.701702
0.071093 0.174357 -0.724165
0.117359 0.0500017 -0.731751
0.174964 -0.0695246 -0.724169
0.241693 -0.179629 -0.701709
0.314983 -0.276081 -0.665235
0.392016 -0.355173 -0.616149
0.469833 -0.413866 -0.556336
0.545444 -0.449905 -0.488096
0.615942 -0.461905 -0.41405
0.678619 -0.449405 -0.337045
0.731066 -0.412885 -0.260039
0.771267 -0.353748 -0.185992
0.797678 -0.274267 -0.117748
0.809284 -0.177496 -0.0579313
0.805638 -0.0671543 -0.00883974
0.786881 0.0525181 0.0276401
0.753734 0.176922 0.0501064
0.707471 0.301278 0.0576957
0.649869 0.420806 0.0501164
0.583141 0.530913 0.0276598
0.509853 0.627368 -0.0088112
0.43282 0.706464 -0.057895
0.355002 0.765162 -0.117705
0.279391 0.801207 -0.185944
0.208891 0.813212 -0.259989
0.146213 0.800717 -0.336994
0.0937634 0.764202 -0.414
0.0535592 0.705069 -0.488048
0.027145 0.625593 -0.556293
0.015536 0.528825 -0.616112
0.0191781 0.418486 -0.665207
0.0379314 0.298816 -0.701689
0.0710754 0.174412 -0.724159
0.117336 0.0500559 -0.731751
0.174936 -0.0694736 -0.724175
0.241662 -0.179583 -0.701722
0.314949 -0.276042 -0.665254
0.391982 -0.355142 -0.616173
0.469799 -0.413845 -0.556365
0.545411 -0.449895 -0.488128
0.615912 -0.461905 -0.414084
0.678593 -0.449416 -0.337079
0.731045 -0.412906 -0.260073
0.771252 -0.353778 -0.186023
0.797669 -0.274306 -0.117777
0.809282 -0.177542 -0.0579555
0.805643 -0.0672054 -0.00885877
0.786893 0.0524638 0.027627
0.753752 0.176867 0.0500997
0.707494 0.301223 0.0576957
0.649896 0.420755 0.0501231
0.583172 0.530867 0.0276729
0.509886 0.627329 -0.00879217
0.432854 0.706433 -0.0578708
0.355036 0.765141 -0.117677
0.279423 0.801196 -0.185912
0.208921 0.813212 -0.259955
0.146238 0.800728 -0.336959
0.093784 0.764223 -0.413966
0.053574 0.7051 -0.488017
0.0271535 0.625632 -0.556265
0.0155377 0.528871 -0.616088
0.0191731 0.418538 -0.665187
0.0379199 0.29887 -0.701676
0.0710577 0.174467 -0.724152
0.117313 0.0501102 -0.731751
0.174909 -0.0694225 -0.724182
0.241631 -0.179537 -0.701735
0.314916 -0.276003 -0.665273
0.391947 -0.355112 -0.616197
0.469765 -0.413824 -0.556393
0.545379 -0.449884 -0.488159
0.615883 -0.461906 -0.414118
0.678568 -0.449427 -0.337114
0.731024 -0.412927 -0.260106
0.771237 -0.353809 -0.186055
0.797661 -0.274345 -0.117805
0.80928 -0.177588 -0.0579798
0.805648 -0.0672566 -0.00887781
0.786904 0.0524095 0.0276139
0.75377 0.176812 0.050093
0.707517 0.301169 0.0576956
0.649924 0.420703 0.0501297
0.583203 0.530821 0.027686
0.509919 0.62729 -0.00877315
0.432888 0.706403 -0.0578466
0.355071 0.76512 -0.117648
0.279456 0.801185 -0.185881
0.208951 0.813212 -0.259921
0.146264 0.800739 -0.336925
0.0938046 0.764244 -0.413933
0.0535888 0.705131 -0.487985
0.027162 0.625671 -0.556236
0.0155395 0.528918 -0.616064
0.0191681 0.418589 -0.665168
0.0379084 0.298924 -0.701663
0.0710401 0.174523 -0.724145
0.11729 0.0501644 -0.731751
0.174881 -0.0693714 -0.724189
0.2416 -0.179491 -0.701748
0.314882 -0.275964 -0.665292
0.391913 -0.355081 -0.616221
0.469731 -0.413803 -0.556422
0.545346 -0.449873 -0.488191
0.615853 -0.461906 -0.414151
0.678542 -0.449438 -0.337148
0.731004 -0.412948 -0.26014
0.771222 -0.35384 -0.186086
0.797652 -0.274384 -0.117834
0.264028 0.692657 -0.392549
0.222822 0.663958 -0.453053
0.191238 0.61749 -0.511232
0.170489 0.555037 -0.56485
0.161373 0.479001 -0.611847
0.16424 0.392302 -0.650417
0.17898 0.298273 -0.679077
0.205026 0.200527 -0.696727
0.241378 0.10282 -0.702687
0.286638 0.00890704 -0.696729
0.339068 -0.0776033 -0.679082
0.396653 -0.153386 -0.650424
0.457179 -0.21553 -0.611857
0.518321 -0.261646 -0.564861
0.577728 -0.289962 -0.511244
0.63312 -0.299391 -0.453066
0.682365 -0.289569 -0.392562
0.723573 -0.260875 -0.332058
0.75516 -0.21441 -0.273878
0.775911 -0.151961 -0.220258
0.78503 -0.0759271 -0.173259
0.782166 0.0107695 -0.134688
0.767429 0.104797 -0.106025
0.741385 0.202543 -0.088373
0.705035 0.30025 -0.08241
0.659776 0.394165 -0.0883651
0.607348 0.480677 -0.10601
0.549764 0.556463 -0.134665
0.489238 0.61861 -0.173231
0.428096 0.66473 -0.220225
0.368688 0.69305 -0.27384
0.313296 0.702483 -0.332018
0.264048 0.692665 -0.392522
0.222838 0.663975 -0.453026
0.191249 0.617514 -0.511207
0.170495 0.555068 -0.564828
0.161374 0.479037 -0.611828
0.164236 0.392343 -0.650402
0.17897 0.298316 -0.679067
0.205012 0.200571 -0.696721
0.24136 0.102863 -0.702687
0.286617 0.00894716 -0.696735
0.339044 -0.0775672 -0.679093
0.396626 -0.153356 -0.650439
0.457152 -0.215506 -0.611876
0.518294 -0.261629 -0.564884
0.577703 -0.289954 -0.511269
0.633096 -0.299391 -0.453092
0.682345 -0.289578 -0.392589
0.723557 -0.260891 -0.332084
0.755148 -0.214434 -0.273903
0.775905 -0.151992 -0.22028
0.785029 -0.0759633 -0.173278
0.78217 0.0107293 -0.134703
0.767438 0.104755 -0.106035
0.741398 0.2025 -0.0883782
0.705053 0.300208 -0.08241
0.659798 0.394125 -0.0883599
0.607372 0.480641 -0.105999
0.54979 0.556432 -0.13465
0.489265 0.618586 -0.173212
0.428123 0.664713 -0.220202
0.368713 0.693042 -0.273815
0.313319 0.702483 -0.331992
0.264068 0.692674 -0.392495
0.222854 0.663992 -0.453
0.191261 0.617538 -0.511182
0.170502 0.555099 -0.564805
0.161375 0.479073 -0.611809
0.164232 0.392383 -0.650387
0.178961 0.298359 -0.679057
0.204998 0.200614 -0.696716
0.241342 0.102905 -0.702687
0.286595 0.00898729 -0.69674
0.339019 -0.0775311 -0.679103
0.3966 -0.153325 -0.650454
0.457125 -0.215482 -0.611895
0.518267 -0.261613 -0.564906
0.577677 -0.289946 -0.511294
0.633073 -0.299391 -0.453119
0.682325 -0.289586 -0.392616
0.723541 -0.260908 -0.33211
0.755137 -0.214458 -0.273927
0.775898 -0.152023 -0.220303
0.785027 -0.0759995 -0.173297
0.782174 0.0106891 -0.134717
0.767447 0.104712 -0.106046
0.741412 0.202456 -0.0883835
0.705071 0.300165 -0.08241
0.65982 0.394085 -0.0883546
0.607397 0.480605 -0.105989
0.374289 0.559083 -0.433805
0.345905 0.539314 -0.475483
0.324148 0.507305 -0.515559
0.309855 0.464285 -0.552493
0.303576 0.411908 -0.584867
0.305551 0.352187 -0.611435
0.315704 0.287416 -0.631177
0.333646 0.220085 -0.643335
0.358687 0.15278 -0.647441
0.389864 0.0880894 -0.643337
0.42598 0.0284977 -0.631181
0.465646 -0.0237046 -0.61144
0.507339 -0.0665115 -0.584873
0.549455 -0.0982781 -0.552501
0.590378 -0.117783 -0.515568
0.628534 -0.124278 -0.475492
0.662456 -0.117513 -0.433815
0.690842 -0.0977467 -0.392137
0.7126 -0.0657401 -0.35206
0.726894 -0.0227227 -0.315125
0.733175 0.0296523 -0.28275
0.731202 0.0893723 -0.256181
0.721051 0.154142 -0.236437
0.703111 0.221473 -0.224277
0.678071 0.288778 -0.22017
0.646896 0.35347 -0.224272
0.610781 0.413063 -0.236426
0.571115 0.465267 -0.256165
0.529423 0.508076 -0.282731
0.487306 0.539845 -0.315102
0.446383 0.559354 -0.352034
0.408226 0.565851 -0.392109
0.374303 0.559089 -0.433787
0.345916 0.539325 -0.475465
0.324156 0.507321 -0.515542
0.30986 0.464306 -0.552478
0.303577 0.411933 -0.584854
0.305548 0.352215 -0.611425
0.315698 0.287445 -0.63117
0.333636 0.220115 -0.643331
0.358674 0.15281 -0.647441
0.389849 0.088117 -0.64334
0.425963 0.0285226 -0.631188
0.465628 -0.0236835 -0.611451
0.50732 -0.066495 -0.584886
0.549437 -0.0982666 -0.552516
0.59036 -0.117778 -0.515585
0.628518 -0.124278 -0.47551
0.662442 -0.117518 -0.433833
0.69083 -0.0977582 -0.392155
0.712592 -0.0657568 -0.352077
0.726889 -0.0227439 -0.31514
0.733174 0.0296274 -0.282763
0.731205 0.0893446 -0.256191
0.721057 0.154113 -0.236444
0.70312 0.221443 -0.224281
0.678084 0.288749 -0.22017
0.64691 0.353442 -0.224268
0.610798 0.413038 -0.236419
0.571133 0.465246 -0.256155
0.529441 0.50806 -0.282718
0.487324 0.539834 -0.315086
0.4464 0.559348 -0.352017
0.472732 0.405117 -0.459213
0.458261 0.395038 -0.480462
0.447168 0.378718 -0.500895
0.439881 0.356784 -0.519726
0.436679 0.33008 -0.536232
0.437686 0.29963 -0.549778
0.442863 0.266607 -0.559843
0.452011 0.232278 -0.566042
0.464778 0.197962 -0.568135
0.480673 0.164979 -0.566043
0.499087 0.134596 -0.559845
0.519311 0.107981 -0.54978
0.540568 0.0861557 -0.536235
0.562042 0.0699595 -0.51973
0.582906 0.0600146 -0.500899
0.60236 0.0567032 -0.480467
0.619655 0.0601527 -0.459217
0.634128 0.0702304 -0.437968
0.645221 0.086549 -0.417535
0.652509 0.108482 -0.398703
0.655712 0.135185 -0.382197
0.654706 0.165634 -0.36865
0.64953 0.198657 -0.358584
0.640383 0.232986 -0.352384
0.627617 0.267301 -0.35029
0.611722 0.300285 -0.352381
0.593309 0.330668 -0.358578
0.573085 0.357285 -0.368642
0.551828 0.379111 -0.382187
0.530354 0.395309 -0.398691
0.50949 0.405255 -0.417521
0.490036 0.408568 -0.437954
0.555576 0.236676 -0.467794
