0.522452 -0.00231224 0.000156061
0.523089 0.16045 0.000148014
0.522419 0.157326 0.000131471
0.521747 0.148067 0.000115564
0.5211 0.133029 0.000100903
0.520501 0.11279 8.80534e-05
0.519974 0.0881282 7.75076e-05
0.519538 0.0599907 6.96713e-05
0.519212 0.0294591 6.48456e-05
0.519007 -0.00229346 6.32159e-05
0.518931 -0.0340467 6.48449e-05
0.518987 -0.0645804 6.96699e-05
0.519173 -0.0927213 7.75056e-05
0.519482 -0.117388 8.80508e-05
0.519902 -0.137632 0.0001009
0.520416 -0.152676 0.00011556
0.521006 -0.161942 0.000131467
0.521648 -0.165074 0.00014801
0.522317 -0.161951 0.000164553
0.522989 -0.152693 0.000180461
0.523637 -0.137657 0.000195122
0.524236 -0.117419 0.000207972
0.524763 -0.0927578 0.000218518
0.525198 -0.064621 0.000226355
0.525524 -0.0340897 0.000231182
0.52573 -0.00233734 0.000232812
0.525806 0.029416 0.000231184
0.525749 0.0599502 0.00022636
0.525563 0.0880917 0.000218524
0.525255 0.112759 0.00020798
0.524835 0.133005 0.000195131
0.52432 0.14805 0.000180471
0.523731 0.157317 0.000164564
0.523533 0.316959 0.000124184
0.52222 0.31083 9.17332e-05
0.520902 0.292668 6.05298e-05
0.519632 0.26317 3.17726e-05
0.518457 0.22347 6.5665e-06
0.517423 0.175094 -1.41197e-05
0.516569 0.1199 -2.94912e-05
0.515929 0.0600102 -3.89572e-05
0.515526 -0.00227466 -4.21539e-05
0.515377 -0.0645609 -3.89586e-05
0.515488 -0.124455 -2.94939e-05
0.515853 -0.179655 -1.41237e-05
0.516458 -0.228041 6.5614e-06
0.517282 -0.267751 3.17666e-05
0.518291 -0.297262 6.05232e-05
0.519448 -0.315438 9.17261e-05
0.520707 -0.32158 0.000124176
0.52202 -0.315454 0.000156627
0.523338 -0.297295 0.000187831
0.524608 -0.267799 0.000216589
0.525783 -0.228101 0.000241796
0.526817 -0.179727 0.000262483
0.527671 -0.124535 0.000277856
0.528311 -0.0646453 0.000287323
0.528714 -0.00236073 0.000290521
0.528863 0.0599258 0.000287327
0.528753 0.119821 0.000277864
0.528388 0.175022 0.000262495
0.527782 0.223409 0.000241811
0.526959 0.263122 0.000216607
0.525949 0.292635 0.000187851
0.524793 0.310813 0.000156648
0.523534 0.316959 0.000124198
0.52222 0.310835 9.17474e-05
0.520903 0.292678 6.05432e-05
0.519632 0.263185 3.17846e-05
0.518457 0.22349 6.57671e-06
0.517423 0.175117 -1.41117e-05
0.516569 0.119926 -2.94857e-05
0.515929 0.0600374 -3.89543e-05
0.515527 -0.00224696 -4.21539e-05
0.515377 -0.0645338 -3.89614e-05
0.515487 -0.124429 -2.94995e-05
0.515852 -0.179632 -1.41318e-05
0.516458 -0.228021 6.55119e-06
0.517281 -0.267736 3.17546e-05
0.518291 -0.297251 6.05098e-05
0.519447 -0.315432 9.1712e-05
0.520706 -0.32158 0.000124162
0.52202 -0.31546 0.000156613
0.523337 -0.297305 0.000187817
0.524608 -0.267815 0.000216577
0.525783 -0.228121 0.000241785
0.526817 -0.17975 0.000262475
0.527671 -0.12456 0.00027785
0.528311 -0.0646725 0.00028732
0.528714 -0.00238843 0.000290521
0.528863 0.0598986 0.00028733
0.528753 0.119795 0.000277869
0.528388 0.174999 0.000262503
0.527782 0.22339 0.000241821
0.526959 0.263107 0.000216619
0.52595 0.292624 0.000187864
0.523768 0.461199 8.54851e-05
0.521862 0.452301 3.83744e-05
0.519949 0.425934 -6.92591e-06
0.518105 0.38311 -4.8675e-05
0.516399 0.325474 -8.52686e-05
0.514898 0.255243 -0.0001153
0.513658 0.175114 -0.000137616
0.512729 0.0881671 -0.000151359
0.512145 -0.00225656 -0.000156
0.511928 -0.0926823 -0.000151361
0.512088 -0.179635 -0.00013762
0.512618 -0.259774 -0.000115306
0.513498 -0.330018 -8.5276e-05
0.514693 -0.387669 -4.86837e-05
0.516158 -0.430512 -6.93559e-06
0.517837 -0.456899 3.83641e-05
0.519665 -0.465817 8.54747e-05
0.521572 -0.456923 0.000132586
0.523485 -0.43056 0.000177887
0.525329 -0.387739 0.000219637
0.527035 -0.330106 0.000256231
0.528536 -0.259877 0.000286265
0.529776 -0.179751 0.000308583
0.530705 -0.0928048 0.000322327
0.531289 -0.00238152 0.00032697
0.531506 0.0880446 0.000322333
0.531346 0.174999 0.000308595
0.530816 0.255139 0.000286282
0.529937 0.325386 0.000256254
0.528741 0.38304 0.000219663
0.527276 0.425886 0.000177916
0.525597 0.452277 0.000132616
0.523769 0.461199 8.55061e-05
0.521862 0.452309 3.8395e-05
0.51995 0.425949 -6.90655e-06
0.518105 0.383132 -4.86576e-05
0.5164 0.325503 -8.52538e-05
0.514898 0.255276 -0.000115289
0.513659 0.175151 -0.000137608
0.512729 0.0882066 -0.000151355
0.512145 -0.00221634 -0.000156
0.511928 -0.0926428 -0.000151365
0.512088 -0.179598 -0.000137628
0.512618 -0.25974 -0.000115318
0.513497 -0.32999 -8.52908e-05
0.514692 -0.387647 -4.87012e-05
0.516158 -0.430496 -6.95495e-06
0.517836 -0.456891 3.83436e-05
0.519664 -0.465817 8.54537e-05
0.521571 -0.456931 0.000132565
0.523484 -0.430575 0.000177867
0.525328 -0.387761 0.000219619
0.527034 -0.330135 0.000256217
0.528536 -0.259911 0.000286253
0.529775 -0.179788 0.000308575
0.530705 -0.0928443 0.000322323
0.531289 -0.00242174 0.00032697
0.531506 0.0880051 0.000322337
0.531346 0.174961 0.000308603
0.530817 0.255105 0.000286294
0.529937 0.325357 0.000256269
0.528742 0.383018 0.00021968
0.527277 0.425871 0.000177935
0.525598 0.452269 0.000132637
0.52377 0.461199 8.55271e-05
0.521863 0.452317 3.84155e-05
0.519951 0.425965 -6.88719e-06
0.518106 0.383154 -4.86402e-05
0.5164 0.325531 -8.5239e-05
0.514899 0.25531 -0.000115277
0.513659 0.175188 -0.0001376
0.512729 0.088246 -0.000151351
0.512145 -0.00217612 -0.000156
0.511928 -0.0926034 -0.000151369
0.512088 -0.179561 -0.000137636
0.512617 -0.259707 -0.000115329
0.513497 -0.329961 -8.53056e-05
0.514692 -0.387625 -4.87186e-05
0.516157 -0.430481 -6.97431e-06
0.517836 -0.456883 3.8323e-05
0.519664 -0.465817 8.54328e-05
0.521571 -0.456939 0.000132544
0.523483 -0.43059 0.000177848
0.525328 -0.387783 0.000219602
0.527033 -0.330163 0.000256202
0.528535 -0.259944 0.000286242
0.529775 -0.179825 0.000308567
0.530705 -0.0928837 0.000322319
0.531289 -0.00246196 0.00032697
0.531506 0.0879657 0.000322341
0.531346 0.174924 0.000308611
0.523786 0.587628 3.34057e-05
0.521359 0.576304 -2.6555e-05
0.518925 0.542744 -8.42114e-05
0.516577 0.488239 -0.000137348
0.514406 0.414883 -0.000183923
0.512495 0.325495 -0.000222146
0.510918 0.22351 -0.000250549
0.509735 0.112848 -0.00026804
0.508991 -0.00223987 -0.000273947
0.508716 -0.11733 -0.000268042
0.508919 -0.228 -0.000250554
0.509594 -0.329997 -0.000222154
0.510713 -0.419402 -0.000183932
0.512235 -0.492778 -0.000137359
0.5141 -0.547306 -8.42237e-05
0.516237 -0.580891 -2.6568e-05
0.518563 -0.592241 3.33924e-05
0.52099 -0.580922 9.33533e-05
0.523424 -0.547367 0.00015101
0.525772 -0.492866 0.000204148
0.527943 -0.419514 0.000250725
0.529854 -0.33013 0.00028895
0.531431 -0.228147 0.000317355
0.532615 -0.117486 0.000334849
0.533358 -0.0023989 0.000340758
0.533634 0.112692 0.000334856
0.53343 0.223363 0.000317371
0.532756 0.325363 0.000288972
0.531637 0.41477 0.000250753
0.530115 0.48815 0.000204182
0.52825 0.542683 0.000151047
0.526113 0.576273 9.33925e-05
0.523787 0.587628 3.34324e-05
0.52136 0.576314 -2.65288e-05
0.518926 0.542763 -8.41868e-05
0.516578 0.488267 -0.000137326
0.514407 0.414919 -0.000183904
0.512496 0.325538 -0.000222131
0.510919 0.223558 -0.000250539
0.509735 0.112898 -0.000268035
0.508992 -0.00218867 -0.000273947
0.508716 -0.11728 -0.000268048
0.508919 -0.227953 -0.000250564
0.509593 -0.329955 -0.000222168
0.510713 -0.419366 -0.000183951
0.512234 -0.492749 -0.000137381
0.514099 -0.547286 -8.42484e-05
0.516236 -0.580881 -2.65942e-05
0.518562 -0.592241 3.33657e-05
0.520989 -0.580932 9.33271e-05
0.523423 -0.547386 0.000150986
0.525771 -0.492895 0.000204126
0.527942 -0.41955 0.000250706
0.529853 -0.330172 0.000288935
0.531431 -0.228194 0.000317345
0.532614 -0.117536 0.000334843
0.533358 -0.00245009 0.000340758
0.533634 0.112642 0.000334862
0.53343 0.223316 0.000317381
0.532756 0.32532 0.000288987
0.531637 0.414734 0.000250772
0.530116 0.488122 0.000204204
0.528251 0.542663 0.000151072
0.526114 0.576263 9.34187e-05
0.523788 0.587628 3.3459e-05
0.521361 0.576324 -2.65026e-05
0.518927 0.542783 -8.41621e-05
0.516579 0.488296 -0.000137304
0.514408 0.414955 -0.000183885
0.512497 0.32558 -0.000222117
0.510919 0.223605 -0.000250529
0.509736 0.112948 -0.000268029
0.508992 -0.00213748 -0.000273947
0.508716 -0.11723 -0.000268053
0.508919 -0.227906 -0.000250574
0.509593 -0.329912 -0.000222183
0.510712 -0.419329 -0.00018397
0.512233 -0.492721 -0.000137403
0.514098 -0.547267 -8.4273e-05
0.516235 -0.580871 -2.66204e-05
0.518561 -0.592241 3.3339e-05
0.520988 -0.580942 9.3301e-05
0.523422 -0.547406 0.000150961
0.52577 -0.492923 0.000204104
0.527941 -0.419587 0.000250687
0.529852 -0.330215 0.00028892
0.53143 -0.228242 0.000317335
0.532614 -0.117587 0.000334838
0.533358 -0.00250129 0.000340758
0.533634 0.112591 0.000334867
0.533431 0.223269 0.000317391
0.532757 0.325278 0.000289002
0.531638 0.414698 0.000250791
0.530117 0.488094 0.000204226
0.528252 0.542644 0.000151097
0.526115 0.576253 9.34448e-05
0.523789 0.587628 3.34857e-05
0.521362 0.576333 -2.64765e-05
0.518928 0.542803 -8.41375e-05
0.51658 0.488324 -0.000137282
0.514409 0.414991 -0.000183866
0.512498 0.325623 -0.000222102
0.51092 0.223652 -0.000250518
0.509736 0.112998 -0.000268024
0.508992 -0.00208629 -0.000273947
0.508716 -0.11718 -0.000268058
0.508919 -0.227858 -0.000250585
0.509593 -0.32987 -0.000222198
0.510712 -0.419293 -0.000183989
0.512233 -0.492693 -0.000137426
0.514097 -0.547247 -8.42977e-05
0.516234 -0.580861 -2.66465e-05
0.51856 -0.592241 3.33123e-05
0.520987 -0.580952 9.32748e-05
0.523421 -0.547426 0.000150937
0.525769 -0.492952 0.000204082
0.523584 0.691387 -3.00534e-05
0.52073 0.678071 -0.00010056
0.517868 0.638609 -0.000168357
0.515107 0.574518 -0.000230839
0.512555 0.48826 -0.000285605
0.510308 0.383151 -0.000330551
0.508453 0.263229 -0.000363949
0.507062 0.133104 -0.000384516
0.506188 -0.00222521 -0.000391462
0.505864 -0.137557 -0.00038452
0.506103 -0.267692 -0.000363955
0.506896 -0.387628 -0.00033056
0.508213 -0.492757 -0.000285616
0.510002 -0.579038 -0.000230852
0.512195 -0.643156 -0.000168371
0.514707 -0.682648 -0.000100575
0.517443 -0.695995 -3.00691e-05
0.520297 -0.682684 4.04376e-05
0.523159 -0.643228 0.000108235
0.52592 -0.579142 0.000170719
0.528473 -0.492889 0.000225487
0.53072 -0.387783 0.000270436
0.532574 -0.267865 0.000303837
0.533966 -0.137741 0.000324407
0.53484 -0.00241221 0.000331355
0.535164 0.13292 0.000324416
0.534925 0.263057 0.000303855
0.534132 0.382996 0.000270462
0.532816 0.488128 0.000225521
0.531027 0.574414 0.000170758
0.528834 0.638537 0.000108279
0.526321 0.678035 4.04838e-05
0.523585 0.691387 -3.0022e-05
0.520731 0.678083 -0.000100529
0.517869 0.638632 -0.000168328
0.515109 0.574551 -0.000230813
0.512556 0.488303 -0.000285583
0.510309 0.383201 -0.000330534
0.508454 0.263285 -0.000363937
0.507062 0.133163 -0.00038451
0.506188 -0.00216501 -0.000391462
0.505864 -0.137498 -0.000384526
0.506103 -0.267636 -0.000363967
0.506896 -0.387578 -0.000330577
0.508212 -0.492714 -0.000285638
0.510001 -0.579004 -0.000230878
0.512194 -0.643133 -0.0001684
0.514706 -0.682636 -0.000100606
0.517442 -0.695995 -3.01004e-05
0.520296 -0.682696 4.04069e-05
0.523158 -0.643251 0.000108206
0.525919 -0.579175 0.000170693
0.528472 -0.492931 0.000225465
0.530719 -0.387833 0.000270418
0.532574 -0.26792 0.000303825
0.533965 -0.1378 0.000324401
0.53484 -0.00247241 0.000331355
0.535164 0.132861 0.000324422
0.534925 0.263001 0.000303867
0.534132 0.382945 0.000270479
0.532816 0.488085 0.000225543
0.531028 0.57438 0.000170784
0.528835 0.638514 0.000108308
0.526322 0.678023 4.05145e-05
0.523587 0.691387 -2.99907e-05
0.520733 0.678095 -0.000100498
0.517871 0.638655 -0.000168299
0.51511 0.574585 -0.000230787
0.512557 0.488345 -0.000285561
0.51031 0.383251 -0.000330516
0.508455 0.263341 -0.000363925
0.507063 0.133222 -0.000384504
0.506188 -0.00210481 -0.000391462
0.505864 -0.137439 -0.000384532
0.506103 -0.267581 -0.000363979
0.506895 -0.387528 -0.000330595
0.508211 -0.492671 -0.000285661
0.51 -0.578971 -0.000230904
0.512193 -0.64311 -0.000168429
0.514705 -0.682624 -0.000100637
0.517441 -0.695995 -3.01318e-05
0.520295 -0.682708 4.03761e-05
0.523157 -0.643274 0.000108178
0.525917 -0.579209 0.000170667
0.528471 -0.492974 0.000225443
0.530718 -0.387883 0.000270401
0.532573 -0.267976 0.000303813
0.533965 -0.137859 0.000324394
0.53484 -0.0025326 0.000331355
0.535164 0.132802 0.000324428
0.534925 0.262945 0.000303879
0.534133 0.382895 0.000270497
0.532817 0.488043 0.000225565
0.531029 0.574347 0.00017081
0.528836 0.638491 0.000108337
0.526323 0.678011 4.05453e-05
0.523588 0.691387 -2.99593e-05
0.520734 0.678106 -0.000100468
0.517872 0.638678 -0.00016827
0.515111 0.574618 -0.000230761
0.512558 0.488388 -0.000285539
0.510311 0.383301 -0.000330499
0.508455 0.263396 -0.000363913
0.507063 0.133281 -0.000384498
0.506189 -0.00204462 -0.000391462
0.505864 -0.13738 -0.000384538
0.506103 -0.267525 -0.000363991
0.506895 -0.387478 -0.000330612
0.508211 -0.492629 -0.000285683
0.509999 -0.578938 -0.00023093
0.512192 -0.643087 -0.000168458
0.514704 -0.682613 -0.000100667
0.51744 -0.695995 -3.01632e-05
0.520293 -0.682719 4.03453e-05
0.523156 -0.643297 0.000108149
0.525916 -0.579242 0.000170641
0.528469 -0.493016 0.000225421
0.530717 -0.387933 0.000270383
0.532572 -0.268031 0.000303801
0.533964 -0.137918 0.000324388
0.534839 -0.0025928 0.000331355
0.535164 0.132743 0.000324434
0.534926 0.26289 0.000303891
0.534133 0.382845 0.000270514
0.532818 0.488 0.000225587
0.531029 0.574313 0.000170836
0.528837 0.638468 0.000108366
0.526325 0.677999 4.0576e-05
0.523589 0.691387 -2.99279e-05
0.520735 0.678118 -0.000100437
0.517873 0.638701 -0.000168241
0.515112 0.574651 -0.000230735
0.512559 0.48843 -0.000285517
0.510312 0.383351 -0.000330481
0.508456 0.263452 -0.000363901
0.507064 0.13334 -0.000384492
0.523171 0.76849 -0.000102453
0.52 0.753693 -0.000180796
0.51682 0.709845 -0.000256128
0.513753 0.638631 -0.000325555
0.510916 0.542786 -0.000386408
0.50842 0.425995 -0.000436349
0.506359 0.292745 -0.00047346
0.504813 0.148157 -0.000496313
0.503842 -0.00221315 -0.00050403
0.503482 -0.152586 -0.000496316
0.503748 -0.297184 -0.000473466
0.504629 -0.430451 -0.000436359
0.506091 -0.547264 -0.00038642
0.508079 -0.643135 -0.000325569
0.510516 -0.714379 -0.000256144
0.513308 -0.75826 -0.000180813
0.516348 -0.77309 -0.000102471
0.519519 -0.758301 -2.41279e-05
0.522699 -0.714459 5.12052e-05
0.525767 -0.64325 0.000120633
0.528603 -0.547411 0.000181489
0.5311 -0.430623 0.000231433
0.533161 -0.297376 0.000268546
0.534707 -0.15279 0.000291402
0.535678 -0.00242094 0.000299123
0.536038 0.147953 0.000291413
0.535773 0.292553 0.000268566
0.534892 0.425822 0.000231462
0.533429 0.542639 0.000181526
0.531441 0.638515 0.000120677
0.529005 0.709766 5.12535e-05
0.526213 0.753653 -2.40766e-05
0.523173 0.76849 -0.000102419
0.520002 0.753706 -0.000180762
0.516821 0.709871 -0.000256096
0.513754 0.638668 -0.000325526
0.510917 0.542834 -0.000386383
0.508421 0.426051 -0.00043633
0.50636 0.292807 -0.000473446
0.504814 0.148222 -0.000496306
0.503842 -0.00214626 -0.00050403
0.503482 -0.152521 -0.000496323
0.503747 -0.297123 -0.00047348
0.504628 -0.430395 -0.000436378
0.506091 -0.547216 -0.000386445
0.508078 -0.643097 -0.000325598
0.510515 -0.714354 -0.000256177
0.513307 -0.758247 -0.000180847
0.516347 -0.77309 -0.000102506
0.519518 -0.758314 -2.41621e-05
0.522698 -0.714484 5.1173e-05
0.525765 -0.643287 0.000120604
0.528602 -0.547458 0.000181464
0.531099 -0.430679 0.000231413
0.53316 -0.297438 0.000268533
0.534706 -0.152856 0.000291396
0.535678 -0.00248783 0.000299123
0.536038 0.147887 0.000291419
0.535773 0.292491 0.000268579
0.534892 0.425767 0.000231481
0.53343 0.542592 0.00018155
0.531442 0.638478 0.000120706
0.529006 0.70974 5.12857e-05
0.526214 0.75364 -2.40424e-05
0.523174 0.76849 -0.000102384
0.520003 0.753719 -0.000180728
0.516823 0.709897 -0.000256064
0.513755 0.638705 -0.000325497
0.510919 0.542881 -0.000386359
0.508422 0.426106 -0.000436311
0.50636 0.292869 -0.000473433
0.504814 0.148288 -0.000496299
0.503842 -0.00207938 -0.00050403
0.503482 -0.152455 -0.00049633
0.503747 -0.297061 -0.000473493
0.504628 -0.430339 -0.000436398
0.50609 -0.547169 -0.00038647
0.508077 -0.64306 -0.000325627
0.510514 -0.714328 -0.000256209
0.513306 -0.758234 -0.000180882
0.516345 -0.77309 -0.000102541
0.519516 -0.758327 -2.41962e-05
0.522697 -0.71451 5.11408e-05
0.525764 -0.643324 0.000120576
0.528601 -0.547505 0.00018144
0.531098 -0.430735 0.000231394
0.533159 -0.2975 0.000268519
0.534706 -0.152921 0.000291389
0.535678 -0.00255471 0.000299123
0.536038 0.147822 0.000291426
0.535773 0.292429 0.000268593
0.534893 0.425711 0.000231501
0.533431 0.542545 0.000181575
0.531443 0.638441 0.000120735
0.529007 0.709715 5.13179e-05
0.526215 0.753627 -2.40083e-05
0.523176 0.76849 -0.000102349
0.520005 0.753732 -0.000180694
0.516824 0.709922 -0.000256032
0.513757 0.638742 -0.000325468
0.51092 0.542928 -0.000386334
0.508423 0.426162 -0.000436291
0.506361 0.29293 -0.00047342
0.504815 0.148354 -0.000496292
0.503842 -0.00201249 -0.00050403
0.503482 -0.15239 -0.000496336
0.503747 -0.296999 -0.000473506
0.504627 -0.430284 -0.000436417
0.506089 -0.547122 -0.000386494
0.508076 -0.643023 -0.000325656
0.510513 -0.714302 -0.000256241
0.513304 -0.758221 -0.000180916
0.516344 -0.77309 -0.000102575
0.519515 -0.75834 -2.42304e-05
0.522695 -0.714536 5.11086e-05
0.525763 -0.643361 0.000120547
0.5286 -0.547552 0.000181415
0.531097 -0.43079 0.000231375
0.533158 -0.297562 0.000268506
0.534705 -0.152987 0.000291382
0.535678 -0.0026216 0.000299123
0.536038 0.147756 0.000291433
0.535773 0.292368 0.000268606
0.534893 0.425655 0.00023152
0.533431 0.542497 0.0001816
0.531444 0.638404 0.000120764
0.529008 0.709689 5.13501e-05
0.526217 0.753614 -2.39741e-05
0.523177 0.76849 -0.000102314
0.520006 0.753745 -0.000180659
0.516826 0.709948 -0.000256
0.513758 0.638779 -0.000325439
0.510921 0.542975 -0.00038631
0.508424 0.426217 -0.000436272
0.506362 0.292992 -0.000473406
0.504815 0.148419 -0.000496285
0.503843 -0.0019456 -0.00050403
0.503482 -0.152324 -0.000496343
0.503747 -0.296937 -0.00047352
0.504627 -0.430228 -0.000436437
0.506088 -0.547074 -0.000386519
0.508075 -0.642986 -0.000325685
0.510511 -0.714277 -0.000256273
0.513303 -0.758208 -0.00018095
0.516343 -0.77309 -0.00010261
0.519513 -0.758353 -2.42646e-05
0.522694 -0.714561 5.10764e-05
0.525762 -0.643399 0.000120518
0.528599 -0.5476 0.00018139
0.531096 -0.430846 0.000231355
0.533158 -0.297624 0.000268493
0.522563 0.815972 -0.000181012
0.519197 0.800264 -0.000264181
0.515821 0.753715 -0.000344153
0.512565 0.678114 -0.000417856
0.509553 0.576366 -0.000482458
0.506903 0.45238 -0.000535475
0.504715 0.310923 -0.000574872
0.503074 0.157428 -0.000599132
0.502043 -0.00220416 -0.000607325
0.501661 -0.16184 -0.000599136
0.501943 -0.315345 -0.000574879
0.502879 -0.45682 -0.000535486
0.504431 -0.580828 -0.000482471
0.506542 -0.682605 -0.000417872
0.509129 -0.758238 -0.00034417
0.512093 -0.804822 -0.000264199
0.51532 -0.820565 -0.000181031
0.518686 -0.804865 -9.78621e-05
0.522062 -0.758322 -1.78887e-05
0.525319 -0.682727 5.58162e-05
0.52833 -0.580984 0.00012042
0.53098 -0.457003 0.00017344
0.533168 -0.315549 0.00021284
0.534809 -0.162056 0.000237104
0.535841 -0.00242475 0.000245301
0.536223 0.157212 0.000237115
0.535941 0.310719 0.000212861
0.535006 0.452197 0.000173471
0.533453 0.57621 0.000120459
0.531343 0.677992 5.58623e-05
0.528756 0.753631 -1.78374e-05
0.525792 0.800221 -9.78077e-05
0.522565 0.815972 -0.000180975
0.519199 0.800278 -0.000264145
0.515822 0.753743 -0.000344119
0.512566 0.678154 -0.000417826
0.509555 0.576416 -0.000482432
0.506904 0.45244 -0.000535455
0.504716 0.310988 -0.000574857
0.503075 0.157498 -0.000599125
0.502043 -0.00213315 -0.000607325
0.501661 -0.16177 -0.000599143
0.501943 -0.315279 -0.000574893
0.502878 -0.456761 -0.000535506
0.504431 -0.580778 -0.000482497
0.506541 -0.682565 -0.000417902
0.509127 -0.758211 -0.000344204
0.512091 -0.804808 -0.000264235
0.515318 -0.820565 -0.000181068
0.518685 -0.804878 -9.78984e-05
0.522061 -0.75835 -1.79229e-05
0.525317 -0.682767 5.57854e-05
0.528329 -0.581035 0.000120394
0.530979 -0.457062 0.00017342
0.533167 -0.315614 0.000212826
0.534809 -0.162126 0.000237097
0.535841 -0.00249576 0.000245301
0.536223 0.157142 0.000237122
0.535941 0.310653 0.000212875
0.535006 0.452138 0.000173492
0.533454 0.57616 0.000120485
0.531344 0.677952 5.58931e-05
0.528757 0.753604 -1.78032e-05
0.525793 0.800207 -9.77714e-05
0.522566 0.815972 -0.000180938
0.5192 0.800292 -0.000264108
0.515824 0.75377 -0.000344085
0.512567 0.678193 -0.000417795
0.509556 0.576466 -0.000482406
0.506905 0.452499 -0.000535434
0.504717 0.311054 -0.000574843
0.503075 0.157567 -0.000599118
0.502044 -0.00206215 -0.000607325
0.501661 -0.161701 -0.00059915
0.501943 -0.315214 -0.000574907
0.502878 -0.456702 -0.000535527
0.50443 -0.580728 -0.000482523
0.50654 -0.682526 -0.000417933
0.509126 -0.758184 -0.000344239
0.51209 -0.804794 -0.000264271
0.515317 -0.820565 -0.000181105
0.518683 -0.804892 -9.79347e-05
0.522059 -0.758377 -1.7957e-05
0.525316 -0.682806 5.57546e-05
0.528327 -0.581085 0.000120368
0.530978 -0.457121 0.000173399
0.533167 -0.31568 0.000212811
0.534808 -0.162196 0.000237089
0.53584 -0.00256676 0.000245301
0.536223 0.157073 0.000237129
0.535941 0.310588 0.000212889
0.535007 0.452079 0.000173512
0.533455 0.576109 0.000120512
0.531345 0.677913 5.59238e-05
0.528758 0.753577 -1.77691e-05
0.525795 0.800193 -9.77351e-05
0.522568 0.815972 -0.000180901
0.519202 0.800306 -0.000264072
0.515825 0.753797 -0.000344051
0.512569 0.678232 -0.000417764
0.509557 0.576516 -0.000482379
0.506906 0.452558 -0.000535414
0.504718 0.311119 -0.000574829
0.503076 0.157637 -0.000599111
0.502044 -0.00199114 -0.000607325
0.501661 -0.161631 -0.000599158
0.501942 -0.315148 -0.000574921
0.502877 -0.456643 -0.000535547
0.504429 -0.580678 -0.000482549
0.506539 -0.682486 -0.000417964
0.509125 -0.758156 -0.000344273
0.512089 -0.80478 -0.000264308
0.515315 -0.820565 -0.000181142
0.518682 -0.804906 -9.7971e-05
0.522058 -0.758404 -1.79912e-05
0.525315 -0.682846 5.57239e-05
0.528326 -0.581135 0.000120342
0.530977 -0.45718 0.000173379
0.533166 -0.315746 0.000212797
0.534808 -0.162265 0.000237082
0.53584 -0.00263777 0.000245301
0.536223 0.157003 0.000237136
0.535942 0.310522 0.000212903
0.535007 0.45202 0.000173533
0.533455 0.576059 0.000120538
0.531346 0.677873 5.59546e-05
0.52876 0.753549 -1.77349e-05
0.525796 0.80018 -9.76988e-05
0.522569 0.815972 -0.000180864
0.519203 0.80032 -0.000264036
0.515827 0.753824 -0.000344016
0.51257 0.678272 -0.000417733
0.509558 0.576567 -0.000482353
0.506907 0.452617 -0.000535393
0.504719 0.311185 -0.000574815
0.503077 0.157707 -0.000599103
0.502044 -0.00192013 -0.000607325
0.501661 -0.161561 -0.000599165
0.501942 -0.315083 -0.000574935
0.502877 -0.456584 -0.000535568
0.504428 -0.580627 -0.000482576
0.506538 -0.682447 -0.000417995
0.509124 -0.758129 -0.000344307
0.512087 -0.804766 -0.000264344
0.515314 -0.820565 -0.000181179
0.51868 -0.80492 -9.80073e-05
0.522057 -0.758431 -1.80254e-05
0.525313 -0.682885 5.56931e-05
0.528325 -0.581185 0.000120315
0.530976 -0.45724 0.000173358
0.533165 -0.315811 0.000212783
0.534807 -0.162335 0.000237075
0.53584 -0.00270877 0.000245301
0.536223 0.156933 0.000237144
0.535942 0.310456 0.000212918
0.535008 0.451961 0.000173553
0.533456 0.576009 0.000120564
0.531347 0.677834 5.59853e-05
0.528761 0.753522 -1.77007e-05
0.525798 0.800166 -9.76626e-05
0.521784 0.83201 -0.000262711
0.518351 0.815994 -0.000347509
0.514909 0.768533 -0.000429049
0.511589 0.691451 -0.000504196
0.508519 0.587709 -0.000570064
0.505816 0.461294 -0.00062412
0.503586 0.317064 -0.000664288
0.501913 0.160562 -0.000689024
0.500861 -0.00219858 -0.000697378
0.500472 -0.164963 -0.000689028
0.500759 -0.321475 -0.000664295
0.501713 -0.465723 -0.00062413
0.503296 -0.592161 -0.000570077
0.505448 -0.695932 -0.000504212
0.508086 -0.773047 -0.000429066
0.511108 -0.820543 -0.000347528
0.514398 -0.836596 -0.00026273
0.51783 -0.820587 -0.000177932
0.521273 -0.773133 -9.63911e-05
0.524593 -0.696057 -2.1242e-05
0.527663 -0.59232 4.46279e-05
0.530366 -0.46591 9.86871e-05
0.532596 -0.321683 0.000138858
0.53427 -0.165183 0.000163598
0.535321 -0.00242349 0.000171955
0.535711 0.160341 0.000163609
0.535423 0.316856 0.00013888
0.53447 0.461107 9.87186e-05
0.532887 0.587549 4.46679e-05
0.530735 0.691326 -2.11949e-05
0.528098 0.768447 -9.63388e-05
0.525076 0.81595 -0.000177876
0.521785 0.83201 -0.000262673
0.518353 0.816008 -0.000347472
0.51491 0.768561 -0.000429014
0.51159 0.691491 -0.000504165
0.50852 0.58776 -0.000570037
0.505817 0.461354 -0.000624099
0.503587 0.317131 -0.000664274
0.501913 0.160633 -0.000689017
0.500861 -0.00212618 -0.000697378
0.500472 -0.164892 -0.000689035
0.500759 -0.321409 -0.00066431
0.501713 -0.465662 -0.000624151
0.503296 -0.59211 -0.000570104
0.505447 -0.695891 -0.000504243
0.508084 -0.773019 -0.000429101
0.511106 -0.820529 -0.000347565
0.514397 -0.836596 -0.000262768
0.517829 -0.820601 -0.000177969
0.521271 -0.773161 -9.64259e-05
0.524591 -0.696097 -2.12733e-05
0.527662 -0.592371 4.46012e-05
0.530364 -0.46597 9.86662e-05
0.532595 -0.32175 0.000138844
0.534269 -0.165254 0.000163591
0.535321 -0.00249589 0.000171955
0.535711 0.16027 0.000163617
0.535423 0.316789 0.000138895
0.53447 0.461046 9.87395e-05
0.532887 0.587498 4.46945e-05
0.530736 0.691285 -2.11636e-05
0.528099 0.768419 -9.6304e-05
0.525077 0.815936 -0.000177839
0.521787 0.83201 -0.000262636
0.518354 0.816022 -0.000347435
0.514912 0.768589 -0.000428979
0.511592 0.691531 -0.000504133
0.508521 0.587811 -0.00057001
0.505819 0.461414 -0.000624078
0.503587 0.317198 -0.000664259
0.501914 0.160704 -0.000689009
0.500862 -0.00205379 -0.000697378
0.500472 -0.164821 -0.000689043
0.500759 -0.321342 -0.000664324
0.501712 -0.465602 -0.000624172
0.503295 -0.592059 -0.00057013
0.505446 -0.695851 -0.000504274
0.508083 -0.772991 -0.000429136
0.511105 -0.820515 -0.000347602
0.514395 -0.836596 -0.000262805
0.517827 -0.820615 -0.000178006
0.52127 -0.773188 -9.64608e-05
0.52459 -0.696137 -2.13047e-05
0.527661 -0.592422 4.45745e-05
0.530363 -0.46603 9.86452e-05
0.532595 -0.321817 0.00013883
0.534268 -0.165325 0.000163583
0.535321 -0.00256829 0.000171955
0.535711 0.160199 0.000163624
0.535424 0.316722 0.000138909
0.534471 0.460986 9.87605e-05
0.532888 0.587447 4.47212e-05
0.530737 0.691245 -2.11322e-05
0.5281 0.768392 -9.62691e-05
0.525078 0.815922 -0.000177802
0.521788 0.83201 -0.000262598
0.518356 0.816037 -0.000347398
0.514913 0.768616 -0.000428944
0.511593 0.691571 -0.000504102
0.508523 0.587862 -0.000569984
0.50582 0.461474 -0.000624057
0.503588 0.317265 -0.000664245
0.501914 0.160775 -0.000689002
0.500862 -0.00198139 -0.000697378
0.500472 -0.16475 -0.00068905
0.500759 -0.321275 -0.000664339
0.501712 -0.465542 -0.000624193
0.503294 -0.592007 -0.000570157
0.505445 -0.695811 -0.000504306
0.508082 -0.772964 -0.000429171
0.511103 -0.820501 -0.000347639
0.514394 -0.836596 -0.000262843
0.517826 -0.820629 -0.000178043
0.521268 -0.773216 -9.64956e-05
0.524589 -0.696177 -2.13361e-05
0.527659 -0.592474 4.45478e-05
0.530362 -0.46609 9.86243e-05
0.532594 -0.321884 0.000138815
0.534268 -0.165396 0.000163576
0.53532 -0.00264069 0.000171955
0.535711 0.160128 0.000163631
0.535424 0.316655 0.000138923
0.534471 0.460926 9.87814e-05
0.532889 0.587396 4.47479e-05
0.530738 0.691205 -2.11009e-05
0.528101 0.768364 -9.62343e-05
0.52508 0.815908 -0.000177765
0.52179 0.83201 -0.00026256
0.518357 0.816051 -0.000347361
0.514915 0.768644 -0.000428909
0.511595 0.691611 -0.000504071
0.508524 0.587913 -0.000569957
0.505821 0.461534 -0.000624036
0.503589 0.317331 -0.00066423
0.501915 0.160846 -0.000688995
0.500862 -0.00190899 -0.000697378
0.500472 -0.164679 -0.000689057
0.500758 -0.321208 -0.000664353
0.501711 -0.465482 -0.000624214
0.503293 -0.591956 -0.000570184
0.505444 -0.695771 -0.000504337
0.508081 -0.772936 -0.000429206
0.511102 -0.820487 -0.000347676
0.514392 -0.836596 -0.000262881
0.517824 -0.820644 -0.00017808
0.521267 -0.773244 -9.65305e-05
0.524587 -0.696217 -2.13674e-05
0.527658 -0.592525 4.45211e-05
0.530361 -0.46615 9.86033e-05
0.532593 -0.321951 0.000138801
0.534267 -0.165467 0.000163569
0.53532 -0.00271308 0.000171955
0.535711 0.160057 0.000163639
0.535424 0.316589 0.000138938
0.534472 0.460866 9.88024e-05
0.53289 0.587345 4.47745e-05
0.530739 0.691165 -2.10695e-05
0.528103 0.768336 -9.61994e-05
0.525081 0.815894 -0.000177728
0.521791 0.83201 -0.000262523
0.518359 0.816065 -0.000347324
0.514916 0.768672 -0.000428874
0.520862 0.815987 -0.00034441
0.517496 0.800279 -0.000427579
0.514119 0.753729 -0.000507553
0.510863 0.678128 -0.000581256
0.507852 0.576378 -0.000645858
0.505201 0.452392 -0.000698876
0.503014 0.310933 -0.000738273
0.501373 0.157437 -0.000762534
0.500341 -0.00219663 -0.000770727
0.499959 -0.161834 -0.000762537
0.500242 -0.31534 -0.00073828
0.501177 -0.456816 -0.000698887
0.50273 -0.580826 -0.000645872
0.50484 -0.682603 -0.000581272
0.507427 -0.758237 -0.00050757
0.510391 -0.804821 -0.000427598
0.513618 -0.820565 -0.000344429
0.516985 -0.804864 -0.000261259
0.520361 -0.758321 -0.000181285
0.523617 -0.682726 -0.00010758
0.526629 -0.580982 -4.29753e-05
0.529279 -0.457 1.00456e-05
0.531467 -0.315544 4.94452e-05
0.533108 -0.16205 7.37096e-05
0.53414 -0.00241722 8.19064e-05
0.534522 0.157221 7.37204e-05
0.534239 0.310729 4.94664e-05
0.533304 0.452209 1.00764e-05
0.531752 0.576222 -4.2936e-05
0.529641 0.678005 -0.000107534
0.527055 0.753645 -0.000181234
0.524091 0.800236 -0.000261205
0.520863 0.815987 -0.000344373
0.517497 0.800293 -0.000427543
0.514121 0.753757 -0.000507518
0.510864 0.678167 -0.000581226
0.507853 0.576429 -0.000645832
0.505202 0.452451 -0.000698856
0.503014 0.310998 -0.000738259
0.501373 0.157507 -0.000762527
0.500342 -0.00212562 -0.000770727
0.499959 -0.161764 -0.000762545
0.500241 -0.315275 -0.000738294
0.501177 -0.456757 -0.000698907
0.502729 -0.580776 -0.000645898
0.504839 -0.682564 -0.000581302
0.507426 -0.75821 -0.000507604
0.51039 -0.804807 -0.000427634
0.513617 -0.820565 -0.000344466
0.516983 -0.804878 -0.000261296
0.520359 -0.758349 -0.000181319
0.523616 -0.682765 -0.00010761
0.526627 -0.581032 -4.30014e-05
0.529278 -0.457059 1.0025e-05
0.531466 -0.31561 4.9431e-05
0.533108 -0.16212 7.37024e-05
0.534139 -0.00248823 8.19064e-05
0.534522 0.157151 7.37277e-05
0.53424 0.310663 4.94806e-05
0.533305 0.452149 1.00969e-05
0.531752 0.576172 -4.29099e-05
0.529642 0.677966 -0.000107503
0.527056 0.753618 -0.0001812
0.524092 0.800222 -0.000261169
0.520865 0.815987 -0.000344336
0.517499 0.800306 -0.000427507
0.514122 0.753784 -0.000507484
0.510866 0.678206 -0.000581195
0.507854 0.576479 -0.000645806
0.505204 0.45251 -0.000698835
0.503015 0.311064 -0.000738245
0.501374 0.157576 -0.000762519
0.500342 -0.00205461 -0.000770727
0.499959 -0.161695 -0.000762552
0.500241 -0.315209 -0.000738308
0.501176 -0.456698 -0.000698928
0.502728 -0.580725 -0.000645924
0.504838 -0.682524 -0.000581333
0.507425 -0.758183 -0.000507638
0.510388 -0.804793 -0.00042767
0.513615 -0.820565 -0.000344503
0.516982 -0.804892 -0.000261332
0.520358 -0.758376 -0.000181354
0.523614 -0.682804 -0.000107641
0.526626 -0.581082 -4.30276e-05
0.529277 -0.457118 1.00044e-05
0.531465 -0.315675 4.94169e-05
0.533107 -0.16219 7.36952e-05
0.534139 -0.00255923 8.19063e-05
0.534522 0.157081 7.37349e-05
0.53424 0.310598 4.94947e-05
0.533305 0.45209 1.01175e-05
0.531753 0.576122 -4.28837e-05
0.529643 0.677926 -0.000107472
0.527057 0.753591 -0.000181166
0.524093 0.800208 -0.000261132
0.520866 0.815987 -0.000344299
0.5175 0.80032 -0.000427471
0.514124 0.753811 -0.00050745
0.510867 0.678246 -0.000581164
0.507856 0.576529 -0.00064578
0.505205 0.452569 -0.000698815
0.503016 0.31113 -0.00073823
0.501374 0.157646 -0.000762512
0.500342 -0.00198361 -0.000770727
0.499959 -0.161625 -0.000762559
0.500241 -0.315143 -0.000738322
0.501175 -0.456639 -0.000698948
0.502727 -0.580675 -0.00064595
0.504837 -0.682485 -0.000581364
0.507423 -0.758155 -0.000507672
0.510387 -0.804779 -0.000427706
0.513614 -0.820565 -0.00034454
0.51698 -0.804906 -0.000261368
0.520357 -0.758403 -0.000181388
0.523613 -0.682844 -0.000107672
0.526625 -0.581132 -4.30537e-05
0.529276 -0.457177 9.98388e-06
0.531464 -0.315741 4.94027e-05
0.533106 -0.162259 7.36879e-05
0.534139 -0.00263024 8.19063e-05
0.534521 0.157012 7.37421e-05
0.53424 0.310532 4.95089e-05
0.533306 0.452031 1.0138e-05
0.531754 0.576072 -4.28576e-05
0.529644 0.677887 -0.000107441
0.527058 0.753563 -0.000181131
0.524095 0.800194 -0.000261096
0.520868 0.815987 -0.000344262
0.517502 0.800334 -0.000427434
0.514125 0.753838 -0.000507416
0.510869 0.678285 -0.000581133
0.507857 0.576579 -0.000645754
0.505206 0.452628 -0.000698794
0.503017 0.311195 -0.000738216
0.501375 0.157716 -0.000762505
0.500343 -0.0019126 -0.000770727
0.49996 -0.161555 -0.000762566
0.500241 -0.315078 -0.000738337
0.501175 -0.45658 -0.000698969
0.502727 -0.580625 -0.000645976
0.504836 -0.682445 -0.000581395
0.507422 -0.758128 -0.000507706
0.510386 -0.804765 -0.000427743
0.513612 -0.820565 -0.000344577
0.516979 -0.804919 -0.000261404
0.520355 -0.75843 -0.000181422
0.523612 -0.682883 -0.000107703
0.526623 -0.581183 -4.30799e-05
0.529275 -0.457236 9.96331e-06
0.531464 -0.315806 4.93885e-05
0.533106 -0.162329 7.36807e-05
0.534138 -0.00270125 8.19063e-05
0.534521 0.156942 7.37493e-05
0.534241 0.310467 4.9523e-05
0.533306 0.451972 1.01586e-05
0.531755 0.576021 -4.28314e-05
0.529646 0.677847 -0.000107411
0.527059 0.753536 -0.000181097
0.524096 0.80018 -0.00026106
0.519834 0.768518 -0.00042297
0.516663 0.753722 -0.000501314
0.513482 0.709873 -0.000576648
0.510415 0.638657 -0.000646076
0.507578 0.542811 -0.00070693
0.505082 0.426017 -0.000756872
0.503021 0.292765 -0.000793983
0.501475 0.148174 -0.000816837
0.500504 -0.00219838 -0.000824554
0.500144 -0.152574 -0.00081684
0.50041 -0.297175 -0.00079399
0.501291 -0.430444 -0.000756882
0.502754 -0.547259 -0.000706942
0.504742 -0.643131 -0.00064609
0.507178 -0.714377 -0.000576664
0.50997 -0.758259 -0.000501331
0.51301 -0.773089 -0.000422988
0.516181 -0.758299 -0.000344643
0.519362 -0.714457 -0.000269309
0.522429 -0.643247 -0.000199879
0.525266 -0.547406 -0.000139023
0.527763 -0.430616 -8.9078e-05
0.529824 -0.297367 -5.19641e-05
0.53137 -0.152778 -2.91074e-05
0.532341 -0.00240617 -2.13862e-05
0.532701 0.14797 -2.90972e-05
0.532435 0.292573 -5.19441e-05
0.531554 0.425845 -8.90489e-05
0.530092 0.542664 -0.000138986
0.528104 0.638542 -0.000199836
0.525667 0.709793 -0.00026926
0.522875 0.753681 -0.000344592
0.519835 0.768518 -0.000422935
0.516664 0.753735 -0.00050128
0.513484 0.709899 -0.000576616
0.510416 0.638694 -0.000646047
0.50758 0.542858 -0.000706905
0.505083 0.426073 -0.000756853
0.503022 0.292827 -0.00079397
0.501476 0.14824 -0.00081683
0.500504 -0.00213149 -0.000824554
0.500144 -0.152509 -0.000816847
0.500409 -0.297113 -0.000794003
0.50129 -0.430388 -0.000756901
0.502753 -0.547211 -0.000706967
0.504741 -0.643094 -0.000646119
0.507177 -0.714352 -0.000576696
0.509969 -0.758246 -0.000501366
0.513009 -0.773089 -0.000423023
0.51618 -0.758312 -0.000344677
0.51936 -0.714482 -0.000269341
0.522428 -0.643284 -0.000199908
0.525265 -0.547453 -0.000139047
0.527762 -0.430672 -8.90973e-05
0.529823 -0.297429 -5.19774e-05
0.531369 -0.152844 -2.91142e-05
0.532341 -0.00247306 -2.13862e-05
0.532701 0.147905 -2.90904e-05
0.532436 0.292511 -5.19308e-05
0.531555 0.425789 -8.90296e-05
0.530092 0.542617 -0.000138961
0.528105 0.638504 -0.000199807
0.525668 0.709768 -0.000269228
0.522876 0.753668 -0.000344558
0.519837 0.768518 -0.000422901
0.516666 0.753748 -0.000501246
0.513485 0.709924 -0.000576583
0.510418 0.638731 -0.000646018
0.507581 0.542905 -0.000706881
0.505084 0.426129 -0.000756833
0.503023 0.292889 -0.000793956
0.501476 0.148305 -0.000816823
0.500504 -0.0020646 -0.000824554
0.500144 -0.152443 -0.000816854
0.500409 -0.297051 -0.000794016
0.50129 -0.430332 -0.000756921
0.502752 -0.547164 -0.000706992
0.50474 -0.643057 -0.000646148
0.507176 -0.714326 -0.000576728
0.509968 -0.758233 -0.0005014
0.513008 -0.773089 -0.000423057
0.516179 -0.758325 -0.000344712
0.519359 -0.714508 -0.000269373
0.522427 -0.643321 -0.000199937
0.525263 -0.5475 -0.000139072
0.527761 -0.430728 -8.91167e-05
0.529822 -0.297491 -5.19908e-05
0.531368 -0.152909 -2.9121e-05
0.53234 -0.00253995 -2.13862e-05
0.532701 0.147839 -2.90836e-05
0.532436 0.292449 -5.19174e-05
0.531555 0.425733 -8.90102e-05
0.530093 0.542569 -0.000138937
0.528106 0.638467 -0.000199778
0.525669 0.709742 -0.000269196
0.522878 0.753655 -0.000344524
0.519838 0.768518 -0.000422866
0.516667 0.753761 -0.000501212
0.513487 0.70995 -0.000576551
0.510419 0.638769 -0.000645989
0.507582 0.542953 -0.000706856
0.505085 0.426184 -0.000756814
0.503023 0.29295 -0.000793943
0.501477 0.148371 -0.000816816
0.500505 -0.00199771 -0.000824554
0.500144 -0.152378 -0.00081686
0.500409 -0.29699 -0.00079403
0.501289 -0.430277 -0.00075694
0.502751 -0.547117 -0.000707016
0.504739 -0.64302 -0.000646177
0.507175 -0.7143 -0.00057676
0.509966 -0.75822 -0.000501434
0.513006 -0.773089 -0.000423092
0.516177 -0.758338 -0.000344746
0.519358 -0.714534 -0.000269405
0.522425 -0.643358 -0.000199966
0.525262 -0.547547 -0.000139097
0.52776 -0.430783 -8.91361e-05
0.529821 -0.297552 -5.20041e-05
0.531368 -0.152975 -2.91278e-05
0.53234 -0.00260683 -2.13862e-05
0.532701 0.147774 -2.90768e-05
0.532436 0.292388 -5.19041e-05
0.531556 0.425678 -8.89909e-05
0.530094 0.542522 -0.000138912
0.528107 0.63843 -0.000199749
0.525671 0.709717 -0.000269164
0.522879 0.753642 -0.000344489
0.519839 0.768518 -0.000422831
0.516668 0.753774 -0.000501178
0.513488 0.709975 -0.000576519
0.51042 0.638806 -0.00064596
0.507583 0.543 -0.000706831
0.505086 0.42624 -0.000756795
0.503024 0.293012 -0.00079393
0.501477 0.148437 -0.000816809
0.500505 -0.00193083 -0.000824554
0.500144 -0.152312 -0.000816867
0.500409 -0.296928 -0.000794043
0.501289 -0.430221 -0.000756959
0.502751 -0.547069 -0.000707041
0.504738 -0.642983 -0.000646206
0.507174 -0.714275 -0.000576793
0.509965 -0.758207 -0.000501468
0.513005 -0.773089 -0.000423127
0.516176 -0.758351 -0.00034478
0.519356 -0.714559 -0.000269438
0.522424 -0.643395 -0.000199995
0.525261 -0.547595 -0.000139121
0.527759 -0.430839 -8.91555e-05
0.52982 -0.297614 -5.20175e-05
0.518739 0.691429 -0.000495372
0.515885 0.678112 -0.00056588
0.513022 0.638649 -0.000633679
0.510262 0.574556 -0.000696163
0.507709 0.488296 -0.000750931
0.505462 0.383184 -0.000795878
0.503607 0.263259 -0.000829278
0.502216 0.133129 -0.000849845
0.501342 -0.00220376 -0.000856791
0.501018 -0.13754 -0.000849848
0.501257 -0.267678 -0.000829284
0.50205 -0.387618 -0.000795887
0.503367 -0.492749 -0.000750942
0.505156 -0.579033 -0.000696176
0.507349 -0.643153 -0.000633694
0.509862 -0.682646 -0.000565896
0.512598 -0.695993 -0.000495388
0.515452 -0.682683 -0.000424879
0.518314 -0.643225 -0.000357079
0.521075 -0.579137 -0.000294594
0.523627 -0.492882 -0.000239824
0.525874 -0.387773 -0.000194874
0.527729 -0.267851 -0.000161472
0.529121 -0.137723 -0.000140902
0.529995 -0.00239077 -0.000133953
0.530319 0.132946 -0.000140893
0.53008 0.263086 -0.000161454
0.529287 0.383028 -0.000194848
0.527971 0.488164 -0.000239791
0.526182 0.574452 -0.000294555
0.523989 0.638578 -0.000357036
0.521476 0.678076 -0.000424833
0.51874 0.691429 -0.000495341
0.515886 0.678124 -0.00056585
0.513024 0.638672 -0.00063365
0.510263 0.574589 -0.000696137
0.50771 0.488338 -0.000750909
0.505463 0.383234 -0.000795861
0.503608 0.263314 -0.000829266
0.502217 0.133188 -0.000849839
0.501342 -0.00214356 -0.000856791
0.501018 -0.137481 -0.000849855
0.501257 -0.267622 -0.000829296
0.50205 -0.387568 -0.000795905
0.503366 -0.492707 -0.000750965
0.505155 -0.579 -0.000696202
0.507348 -0.64313 -0.000633723
0.509861 -0.682634 -0.000565927
0.512596 -0.695993 -0.000495419
0.51545 -0.682694 -0.00042491
0.518313 -0.643248 -0.000357108
0.521073 -0.579171 -0.00029462
0.523626 -0.492924 -0.000239846
0.525874 -0.387823 -0.000194892
0.527729 -0.267906 -0.000161484
0.52912 -0.137782 -0.000140908
0.529995 -0.00245097 -0.000133953
0.530319 0.132887 -0.000140886
0.53008 0.26303 -0.000161442
0.529287 0.382978 -0.000194831
0.527971 0.488121 -0.000239768
0.526182 0.574419 -0.000294529
0.52399 0.638554 -0.000357007
0.521477 0.678064 -0.000424802
0.518741 0.691429 -0.000495309
0.515887 0.678136 -0.000565819
0.513025 0.638695 -0.000633621
0.510264 0.574623 -0.000696111
0.507711 0.488381 -0.000750887
0.505464 0.383284 -0.000795844
0.503609 0.26337 -0.000829254
0.502217 0.133247 -0.000849833
0.501342 -0.00208336 -0.000856791
0.501018 -0.137422 -0.000849861
0.501257 -0.267567 -0.000829308
0.502049 -0.387517 -0.000795922
0.503365 -0.492664 -0.000750987
0.505154 -0.578966 -0.000696229
0.507347 -0.643107 -0.000633752
0.509859 -0.682623 -0.000565957
0.512595 -0.695993 -0.00049545
0.515449 -0.682706 -0.00042494
0.518311 -0.643271 -0.000357137
0.521072 -0.579204 -0.000294646
0.523625 -0.492967 -0.000239868
0.525873 -0.387873 -0.000194909
0.527728 -0.267962 -0.000161496
0.52912 -0.137841 -0.000140914
0.529995 -0.00251117 -0.000133953
0.530319 0.132828 -0.00014088
0.53008 0.262975 -0.00016143
0.529288 0.382928 -0.000194813
0.527972 0.488078 -0.000239746
0.526183 0.574385 -0.000294502
0.523991 0.638531 -0.000356978
0.521478 0.678052 -0.000424771
0.518742 0.691429 -0.000495278
0.515889 0.678147 -0.000565788
0.513026 0.638718 -0.000633592
0.510265 0.574656 -0.000696085
0.507712 0.488424 -0.000750865
0.505465 0.383334 -0.000795826
0.50361 0.263425 -0.000829242
0.502218 0.133306 -0.000849827
0.501343 -0.00202317 -0.000856791
0.501018 -0.137363 -0.000849867
0.501257 -0.267511 -0.00082932
0.502049 -0.387467 -0.000795939
0.503365 -0.492622 -0.000751009
0.505153 -0.578933 -0.000696255
0.507346 -0.643084 -0.000633781
0.509858 -0.682611 -0.000565988
0.512594 -0.695993 -0.000495482
0.515448 -0.682718 -0.000424971
0.51831 -0.643294 -0.000357166
0.521071 -0.579237 -0.000294672
0.523624 -0.493009 -0.00023989
0.525872 -0.387923 -0.000194927
0.527727 -0.268018 -0.000161508
0.529119 -0.1379 -0.00014092
0.529994 -0.00257136 -0.000133953
0.530319 0.132769 -0.000140874
0.53008 0.262919 -0.000161418
0.529288 0.382878 -0.000194796
0.527973 0.488036 -0.000239724
0.526184 0.574352 -0.000294476
0.523992 0.638508 -0.000356949
0.521479 0.67804 -0.000424741
0.518744 0.691429 -0.000495247
0.51589 0.678159 -0.000565757
0.513027 0.638741 -0.000633563
0.510267 0.57469 -0.000696059
0.507713 0.488466 -0.000750843
0.505466 0.383384 -0.000795809
0.50361 0.263481 -0.00082923
0.502218 0.133365 -0.000849821
0.517619 0.587681 -0.000558833
0.515192 0.576356 -0.000618797
0.512757 0.542795 -0.000676456
0.51041 0.488287 -0.000729595
0.508239 0.414928 -0.000776171
0.506328 0.325537 -0.000814396
0.50475 0.223547 -0.0008428
0.503567 0.11288 -0.000860292
0.502824 -0.00221257 -0.000866199
0.502548 -0.117308 -0.000860295
0.502752 -0.227983 -0.000842805
0.503426 -0.329984 -0.000814404
0.504546 -0.419393 -0.000776181
0.506067 -0.492772 -0.000729606
0.507932 -0.547302 -0.000676468
0.510069 -0.580888 -0.00061881
0.512396 -0.59224 -0.000558847
0.514823 -0.58092 -0.000498883
0.517257 -0.547363 -0.000441223
0.519605 -0.49286 -0.000388083
0.521776 -0.419505 -0.000341505
0.523687 -0.330116 -0.000303278
0.525265 -0.22813 -0.000274872
0.526448 -0.117464 -0.000257377
0.527192 -0.00237161 -0.000251468
0.527467 0.112724 -0.00025737
0.527264 0.223401 -0.000274856
0.526589 0.325404 -0.000303256
0.52547 0.414816 -0.000341476
0.523948 0.488199 -0.00038805
0.522083 0.542734 -0.000441187
0.519946 0.576325 -0.000498844
0.51762 0.587681 -0.000558807
0.515193 0.576366 -0.00061877
0.512758 0.542814 -0.000676431
0.510411 0.488316 -0.000729572
0.50824 0.414965 -0.000776153
0.506329 0.325579 -0.000814381
0.504751 0.223595 -0.00084279
0.503568 0.11293 -0.000860287
0.502824 -0.00216137 -0.000866199
0.502548 -0.117258 -0.0008603
0.502752 -0.227935 -0.000842816
0.503426 -0.329942 -0.000814419
0.504545 -0.419356 -0.0007762
0.506067 -0.492743 -0.000729628
0.507931 -0.547283 -0.000676493
0.510068 -0.580878 -0.000618836
0.512395 -0.59224 -0.000558873
0.514822 -0.580929 -0.000498909
0.517256 -0.547383 -0.000441248
0.519604 -0.492889 -0.000388105
0.521775 -0.419541 -0.000341524
0.523686 -0.330159 -0.000303293
0.525264 -0.228177 -0.000274882
0.526447 -0.117514 -0.000257383
0.527191 -0.0024228 -0.000251468
0.527467 0.112674 -0.000257364
0.527264 0.223353 -0.000274846
0.52659 0.325362 -0.000303241
0.52547 0.41478 -0.000341458
0.523949 0.488171 -0.000388028
0.522084 0.542714 -0.000441162
0.519947 0.576315 -0.000498818
0.517621 0.587681 -0.00055878
0.515194 0.576376 -0.000618744
0.512759 0.542834 -0.000676406
0.510412 0.488344 -0.00072955
0.50824 0.415001 -0.000776134
0.506329 0.325622 -0.000814367
0.504752 0.223642 -0.00084278
0.503568 0.112981 -0.000860282
0.502824 -0.00211018 -0.000866199
0.502548 -0.117207 -0.000860305
0.502751 -0.227888 -0.000842826
0.503425 -0.329899 -0.000814433
0.504545 -0.41932 -0.000776219
0.506066 -0.492715 -0.00072965
0.507931 -0.547263 -0.000676517
0.510067 -0.580868 -0.000618862
0.512394 -0.59224 -0.0005589
0.514821 -0.580939 -0.000498936
0.517255 -0.547402 -0.000441273
0.519603 -0.492917 -0.000388128
0.521774 -0.419577 -0.000341543
0.523686 -0.330202 -0.000303307
0.525263 -0.228224 -0.000274892
0.526447 -0.117564 -0.000257388
0.527191 -0.002474 -0.000251468
0.527467 0.112624 -0.000257359
0.527264 0.223306 -0.000274836
0.52659 0.325319 -0.000303226
0.525471 0.414743 -0.000341439
0.52395 0.488142 -0.000388006
0.522085 0.542695 -0.000441137
0.519948 0.576305 -0.000498792
0.517622 0.587681 -0.000558753
0.515195 0.576386 -0.000618718
0.512761 0.542854 -0.000676382
0.510413 0.488373 -0.000729528
0.508241 0.415037 -0.000776115
0.50633 0.325664 -0.000814352
0.504752 0.223689 -0.00084277
0.503568 0.113031 -0.000860276
0.502824 -0.00205898 -0.000866199
0.502548 -0.117157 -0.00086031
0.502751 -0.227841 -0.000842836
0.503425 -0.329856 -0.000814448
0.504544 -0.419284 -0.000776237
0.506065 -0.492687 -0.000729672
0.50793 -0.547244 -0.000676542
0.510066 -0.580858 -0.000618888
0.512393 -0.59224 -0.000558927
0.51482 -0.580949 -0.000498962
0.517254 -0.547422 -0.000441297
0.519602 -0.492946 -0.00038815
0.516517 0.461261 -0.000610916
0.51461 0.452363 -0.000658029
0.512697 0.425994 -0.000703333
0.510853 0.383167 -0.000745084
0.509147 0.325528 -0.00078168
0.507645 0.255292 -0.000811714
0.506406 0.175158 -0.000834031
0.505476 0.0882051 -0.000847775
0.504892 -0.00222447 -0.000852416
0.504676 -0.0926561 -0.000847777
0.504836 -0.179615 -0.000834036
0.505366 -0.259758 -0.00081172
0.506245 -0.330007 -0.000781688
0.507441 -0.387662 -0.000745093
0.508906 -0.430507 -0.000703342
0.510585 -0.456896 -0.00065804
0.512413 -0.465815 -0.000610926
0.51432 -0.456921 -0.000563812
0.516233 -0.430555 -0.000518508
0.518078 -0.387732 -0.000476755
0.519783 -0.330096 -0.000440158
0.521285 -0.259862 -0.000410123
0.522524 -0.17973 -0.000387804
0.523454 -0.0927786 -0.000374058
0.524038 -0.00234943 -0.000369415
0.524255 0.0880826 -0.000374052
0.524095 0.175042 -0.000387792
0.523565 0.255188 -0.000410105
0.522686 0.325439 -0.000440136
0.52149 0.383097 -0.000476729
0.520025 0.425946 -0.000518479
0.518346 0.452339 -0.000563781
0.516518 0.461261 -0.000610895
0.514611 0.452371 -0.000658009
0.512698 0.426009 -0.000703313
0.510853 0.383189 -0.000745067
0.509148 0.325556 -0.000781666
0.507646 0.255325 -0.000811702
0.506407 0.175195 -0.000834023
0.505477 0.0882446 -0.000847771
0.504892 -0.00218424 -0.000852416
0.504676 -0.0926166 -0.000847781
0.504836 -0.179577 -0.000834044
0.505365 -0.259725 -0.000811732
0.506245 -0.329979 -0.000781703
0.50744 -0.38764 -0.000745111
0.508905 -0.430492 -0.000703362
0.510584 -0.456889 -0.00065806
0.512413 -0.465815 -0.000610947
0.51432 -0.456929 -0.000563833
0.516232 -0.430571 -0.000518528
0.518077 -0.387754 -0.000476773
0.519783 -0.330124 -0.000440173
0.521284 -0.259896 -0.000410134
0.522524 -0.179767 -0.000387812
0.523454 -0.0928181 -0.000374062
0.524038 -0.00238965 -0.000369415
0.524255 0.0880431 -0.000374048
0.524095 0.175005 -0.000387784
0.523565 0.255154 -0.000410094
0.522686 0.325411 -0.000440121
0.521491 0.383075 -0.000476712
0.520025 0.425931 -0.00051846
0.518347 0.452331 -0.000563761
0.516518 0.461261 -0.000610874
0.514611 0.452379 -0.000657988
0.512699 0.426025 -0.000703294
0.510854 0.383211 -0.00074505
0.509148 0.325585 -0.000781651
0.507647 0.255358 -0.000811691
0.506407 0.175232 -0.000834015
0.505477 0.088284 -0.000847767
0.504893 -0.00214402 -0.000852416
0.504676 -0.0925772 -0.000847785
0.504835 -0.17954 -0.000834052
0.505365 -0.259691 -0.000811743
0.506244 -0.32995 -0.000781717
0.50744 -0.387618 -0.000745128
0.508905 -0.430477 -0.000703381
0.510584 -0.456881 -0.000658081
0.512412 -0.465815 -0.000610968
0.514319 -0.456936 -0.000563853
0.516231 -0.430586 -0.000518547
0.518076 -0.387776 -0.00047679
0.519782 -0.330153 -0.000440188
0.521284 -0.259929 -0.000410146
0.522523 -0.179804 -0.00038782
0.523453 -0.0928575 -0.000374066
0.524038 -0.00242988 -0.000369415
0.524255 0.0880036 -0.000374044
0.524095 0.174968 -0.000387776
0.515475 0.317028 -0.000649617
0.514162 0.310899 -0.000682071
0.512844 0.292734 -0.000713278
0.511574 0.263233 -0.000742038
0.510399 0.223529 -0.000767247
0.509364 0.175148 -0.000787935
0.508511 0.119949 -0.000803308
0.50787 0.0600524 -0.000812775
0.507468 -0.00223899 -0.000815972
0.507319 -0.0645318 -0.000812776
0.507429 -0.124432 -0.000803311
0.507794 -0.179638 -0.000787939
0.5084 -0.228029 -0.000767252
0.509224 -0.267743 -0.000742044
0.510233 -0.297257 -0.000713284
0.51139 -0.315435 -0.000682078
0.512649 -0.321578 -0.000649624
0.513962 -0.315451 -0.00061717
0.51528 -0.29729 -0.000585963
0.516551 -0.267791 -0.000557202
0.517726 -0.228089 -0.000531993
0.51876 -0.17971 -0.000511303
0.519614 -0.124512 -0.000495929
0.520254 -0.0646162 -0.000486461
0.520657 -0.00232507 -0.000483262
0.520806 0.059968 -0.000486457
0.520696 0.119869 -0.000495921
0.520331 0.175076 -0.000511291
0.519725 0.223468 -0.000531978
0.518901 0.263186 -0.000557184
0.517892 0.292701 -0.000585943
0.516735 0.310882 -0.000617149
0.515476 0.317028 -0.000649603
0.514162 0.310904 -0.000682057
0.512845 0.292745 -0.000713264
0.511574 0.263249 -0.000742026
0.510399 0.223549 -0.000767236
0.509365 0.175171 -0.000787927
0.508511 0.119974 -0.000803303
0.507871 0.0600796 -0.000812772
0.507468 -0.00221129 -0.000815972
0.507319 -0.0645046 -0.000812779
0.507429 -0.124407 -0.000803316
0.507794 -0.179615 -0.000787947
0.5084 -0.228009 -0.000767262
0.509223 -0.267728 -0.000742056
0.510232 -0.297246 -0.000713298
0.511389 -0.315429 -0.000682092
0.512648 -0.321578 -0.000649639
0.513962 -0.315457 -0.000617185
0.515279 -0.2973 -0.000585977
0.51655 -0.267807 -0.000557214
0.517725 -0.228109 -0.000532003
0.51876 -0.179733 -0.000511311
0.519613 -0.124537 -0.000495935
0.520254 -0.0646434 -0.000486464
0.520656 -0.00235278 -0.000483262
0.520806 0.0599408 -0.000486454
0.520696 0.119844 -0.000495915
0.520331 0.175053 -0.000511283
0.519725 0.223449 -0.000531967
0.518902 0.26317 -0.000557172
0.517892 0.292691 -0.00058593
0.514535 0.160524 -0.000673451
0.513865 0.157399 -0.000689998
0.513193 0.148137 -0.000705908
0.512545 0.133096 -0.000720572
0.511946 0.112853 -0.000733425
0.511419 0.0881857 -0.000743973
0.510984 0.0600422 -0.000751811
0.510657 0.0295039 -0.000756638
0.510452 -0.0022556 -0.000758268
0.510376 -0.0340158 -0.000756638
0.510432 -0.0645562 -0.000751812
0.510618 -0.0927031 -0.000743975
0.510927 -0.117375 -0.000733427
0.511347 -0.137624 -0.000720575
0.511862 -0.152671 -0.000705912
0.512451 -0.161939 -0.000690001
0.513093 -0.165072 -0.000673455
0.513763 -0.161948 -0.000656908
0.514435 -0.152688 -0.000640997
0.515083 -0.137648 -0.000626333
0.515682 -0.117406 -0.00061348
0.516209 -0.0927396 -0.000602931
0.516645 -0.0645967 -0.000595093
0.516971 -0.0340588 -0.000590265
0.517176 -0.00229948 -0.000588634
0.517252 0.0294608 -0.000590263
0.517196 0.0600016 -0.000595088
0.51701 0.0881493 -0.000602925
0.516701 0.112822 -0.000613472
0.516281 0.133072 -0.000626324
0.515767 0.148121 -0.000640987
0.515177 0.15739 -0.000656897
0.51373 -0.00223744 -0.000681501
